20170309,170000,15754,15754,15754,15754,1
20170317,173000,16899,17098,16899,17098,2
20170320,120000,16750,16750,16750,16750,1
20170320,173000,16696,16696,16696,16696,1
20170327,153000,16999,16999,16999,16999,1
20170403,133000,16999,16999,16999,16999,1
20170410,113000,16349,16349,16349,16349,1
20170410,120000,16349,16349,16349,16349,1
20170410,130000,16239,16239,16239,16239,1
20170412,110000,16265,16669,16265,16669,2
20170412,120000,16265,16279,16265,16279,3
20170412,123000,16301,16302,16277,16277,3
20170412,180000,15730,15730,15730,15730,2
20170412,193000,15700,15700,15700,15700,1
20170413,100000,15988,15988,15988,15988,1
20170413,123000,15899,15980,15899,15980,2
20170417,180000,15999,15999,15999,15999,1
20170419,230000,15898,15898,15898,15898,2
20170419,233000,15899,15899,15899,15899,1
20170420,160000,16288,16289,16288,16289,4
20170421,133000,16308,16478,16308,16478,50
20170421,150000,16486,16486,16486,16486,2
20170424,200000,16742,16742,16742,16742,8
20170426,223000,16967,16967,16967,16967,5
20170426,230000,16967,16967,16967,16967,9
20170427,113000,17010,17010,17010,17010,6
20170504,213000,17352,17352,17352,17352,10
20170505,100000,17141,17141,17141,17141,10
20170505,103000,17181,17181,17181,17181,10
20170510,120000,17299,17299,17299,17299,10
20170511,223000,17399,17399,17399,17399,4
20170512,123000,17399,17399,17399,17399,4
20170515,100000,17414,17414,17414,17414,10
20170525,150000,16950,16950,16950,16950,1
20170526,143000,16362,16362,16362,16362,2
20170526,150000,16482,16482,16482,16482,1
20170530,180000,16742,16742,16742,16742,2
20170605,110000,16262,16262,16262,16262,2
20170605,200000,16016,16016,16016,16016,1
20170606,183000,15584,15584,15584,15584,1
20170609,113000,15640,15640,15640,15640,1
20170609,120000,15536,15610,15536,15610,6
20170609,180000,15555,15555,15555,15555,20
20170609,213000,15350,15350,15350,15350,10
20170613,133000,15471,15471,15471,15471,1
20170613,150000,15413,15413,15413,15413,1
20170614,103000,15250,15250,15250,15250,10
20170614,143000,15429,15429,15429,15429,1
20170614,163000,15230,15230,15230,15230,1
20170614,173000,15428,15429,15400,15400,7
20170614,180000,15370,15370,15300,15300,7
20170614,183000,15357,15357,15357,15357,5
20170615,100000,15090,15090,14970,14970,10
20170615,103000,14820,14820,14770,14770,8
20170615,113000,14590,14590,14590,14590,5
20170615,123000,14470,14470,14470,14470,1
20170615,150000,14731,14731,14505,14663,12
20170619,103000,15200,15200,15200,15200,2
20170619,110000,15200,15200,15177,15177,7
20170619,123000,15186,15186,15186,15186,10
20170619,130000,15229,15229,15229,15229,1
20170620,100000,15533,15534,15533,15534,7
20170620,130000,15530,15530,15530,15530,20
20170620,163000,15340,15340,15310,15310,20
20170622,113000,15300,15301,15300,15301,2
20170622,123000,15298,15299,15298,15299,12
20170629,120000,15390,15390,15390,15390,1
20170630,120000,15448,15448,15448,15448,1
20170630,130000,15592,15592,15592,15592,1
20170703,230000,15694,15694,15694,15694,1
20170704,103000,15719,15723,15719,15723,2
20170707,113000,15999,15999,15999,15999,2
20170707,120000,15999,15999,15999,15999,1
20170707,160000,15999,15999,15999,15999,2
20170710,103000,16270,16270,16270,16270,1
20170711,100000,16568,16568,16568,16568,3
20170711,140000,16187,16187,16187,16187,1
20170711,160000,16544,16544,16544,16544,2
20170712,100000,16668,16668,16668,16668,1
20170712,130000,16796,16798,16796,16798,7
20170714,183000,16970,16970,16970,16970,1
20170717,100000,17050,17050,17050,17050,2
20170717,140000,17032,17032,16634,16634,2
20170717,150000,16945,16945,16945,16945,1
20170718,150000,16763,17169,16763,17169,2
20170718,160000,17150,17150,16852,16852,2
20170719,123000,17090,17090,17090,17090,3
20170719,143000,17202,17202,17202,17202,3
20170719,153000,17299,17299,16938,16938,2
20170719,160000,17299,17299,16922,16922,2
20170719,193000,17434,17435,17248,17248,5
20170719,200000,17248,17434,17248,17431,5
20170720,100000,17307,17307,17307,17307,1
20170720,103000,17328,17328,17328,17328,1
20170720,130000,17315,17315,17315,17315,1
20170721,163000,16985,16985,16985,16985,1
20170721,173000,16999,17004,16999,17004,2
20170721,180000,17164,17164,17164,17164,1
20170724,133000,17002,17002,17002,17002,3
20170724,190000,16723,16723,16723,16723,1
20170725,210000,17000,17000,17000,17000,10
20170726,130000,17010,17010,16967,16967,6
20170726,133000,16957,16957,16957,16957,1
20170726,200000,17177,17177,17177,17177,1
20170727,100000,17010,17010,17010,17010,2
20170727,110000,17149,17149,17149,17149,1
20170727,120000,17199,17200,17199,17200,21
20170727,180000,17342,17345,17342,17345,5
20170727,190000,17433,17433,17433,17433,1
20170728,123000,17200,17200,17200,17200,6
20170728,160000,17296,17296,17296,17296,1
20170728,190000,17300,17300,17300,17300,1
20170731,100000,17390,17390,17390,17390,1
20170731,113000,17301,17301,17301,17301,1
20170731,123000,17300,17300,17300,17300,2
20170731,130000,17300,17300,17300,17300,8
20170801,113000,17500,17500,17500,17500,20
20170802,133000,17700,17700,17700,17700,1
20170802,180000,17700,17700,17700,17700,1
20170802,210000,17750,17750,17750,17750,1
20170804,183000,17700,17700,17700,17700,1
20170807,123000,17849,17849,17849,17849,1
20170807,140000,17944,17944,17944,17944,1
20170807,160000,17994,17994,17994,17994,1
20170808,133000,18041,18041,18041,18041,1
20170808,170000,18213,18213,18213,18213,1
20170808,180000,18263,18263,18263,18263,1
20170808,210000,18274,18274,18274,18274,3
20170808,230000,18200,18200,18200,18200,1
20170814,130000,17947,17947,17947,17947,1
20170816,113000,18130,18130,18130,18130,1
20170816,130000,18136,18200,18136,18200,3
20170818,153000,17669,17669,17669,17669,1
20170823,170000,18150,18150,18150,18150,1
20170823,183000,18200,18200,18200,18200,1
20170824,103000,18458,18458,18458,18458,1
20170824,110000,18659,18659,18630,18630,2
20170824,113000,18592,18592,18427,18541,34
20170824,133000,18605,18605,18605,18605,2
20170824,140000,18605,18605,18605,18605,5
20170824,143000,18605,18605,18566,18566,9
20170824,150000,18609,18610,18609,18610,2
20170824,163000,18650,18801,18650,18801,10
20170824,173000,18731,18731,18525,18525,2
20170824,220000,18659,18659,18659,18659,4
20170824,223000,18659,18659,18659,18659,2
20170825,100000,18750,18798,18750,18798,10
20170825,103000,18851,18851,18685,18685,2
20170825,110000,18700,18700,18700,18700,1
20170825,120000,18666,18666,18666,18666,1
20170825,123000,18625,18625,18600,18600,5
20170825,130000,18558,18558,18558,18558,4
20170825,133000,18559,18559,18559,18559,1
20170825,140000,18556,18556,18556,18556,1
20170828,200000,18858,18858,18858,18858,1
20170829,203000,18864,18864,18864,18864,1
20170830,180000,18900,18900,18900,18900,1
20170830,183000,18929,18941,18929,18941,5
20170831,100000,18900,18900,18900,18900,1
20170831,110000,18980,19000,18980,19000,2
20170831,113000,19040,19100,19040,19100,3
20170831,140000,19002,19002,19002,19002,5
20170831,143000,19061,19092,19000,19092,54
20170831,153000,19074,19074,19074,19074,1
20170831,173000,19231,19231,19231,19231,1
20170831,183000,19030,19030,19030,19030,1
20170831,223000,18900,18900,18900,18900,1
20170901,100000,19070,19070,19070,19070,1
20170901,143000,19000,19000,19000,19000,1
20170901,163000,18930,18930,18880,18890,123
20170901,170000,18900,18900,18900,18900,1
20170901,173000,18905,18910,18905,18910,2
20170901,180000,18915,18940,18915,18940,5
20170901,183000,18900,18900,18900,18900,4
20170904,113000,18850,18850,18850,18850,5
20170904,160000,18950,18970,18950,18970,4
20170904,170000,18970,19030,18970,19030,10
20170904,180000,18890,18890,18890,18890,1
20170904,190000,19000,19000,19000,19000,5
20170905,130000,19150,19150,19150,19150,2
20170905,140000,19000,19000,19000,19000,2
20170905,160000,19027,19027,19027,19027,1
20170905,233000,18999,18999,18999,18999,2
20170906,100000,18850,18850,18850,18850,3
20170906,183000,18970,18970,18970,18970,1
20170906,223000,19000,19000,19000,19000,1
20170907,123000,19090,19090,19090,19090,1
20170907,140000,19095,19096,19095,19096,3
20170907,143000,19100,19100,19100,19100,1
20170907,163000,19151,19151,19151,19151,1
20170907,213000,19010,19010,19010,19010,1
20170908,110000,19000,19000,19000,19000,1
20170908,160000,19100,19300,19100,19300,7
20170908,170000,19190,19190,19190,19190,1
20170908,210000,19131,19131,19130,19130,3
20170911,100000,19239,19338,19239,19338,18
20170911,103000,19301,19358,19300,19358,25
20170911,110000,19320,19428,19320,19428,20
20170911,113000,19438,19512,19438,19476,17
20170911,120000,19502,19502,19502,19502,5
20170911,133000,19550,19556,19550,19556,6
20170911,140000,19580,20252,19580,19700,47
20170911,143000,19749,19749,19749,19749,1
20170911,153000,19700,19700,19700,19700,1
20170911,160000,19600,19600,19500,19526,7
20170911,170000,19633,19633,19603,19603,8
20170911,173000,19650,19650,19650,19650,1
20170911,200000,19751,19751,19751,19751,2
20170911,210000,19577,19577,19577,19577,1
20170911,213000,19600,19600,19600,19600,2
20170912,100000,19700,19700,19564,19564,2
20170912,110000,19550,19550,19550,19550,1
20170912,113000,19650,19751,19630,19630,5
20170912,123000,19590,19590,19590,19590,1
20170912,130000,19550,19550,19500,19500,2
20170912,133000,19450,19450,19430,19430,3
20170912,210000,19544,19544,19544,19544,1
20170913,110000,19591,19601,19591,19601,2
20170913,113000,19601,19601,19520,19600,3
20170913,150000,19450,19450,19450,19450,1
20170913,190000,19450,19450,19450,19450,6
20170913,193000,19420,19420,19420,19420,1
20170913,200000,19413,19500,19413,19500,3
20170914,103000,19303,19303,19300,19300,2
20170914,110000,19300,19300,19250,19250,2
20170914,113000,19258,19258,19258,19258,1
20170914,123000,19250,19250,19250,19250,1
20170914,130000,19235,19235,19235,19235,1
20170914,140000,19330,19330,19330,19330,1
20170914,170000,19451,20051,19451,19759,51
20170914,213000,19580,19580,19580,19580,1
20170914,223000,19544,19544,19544,19544,1
20170914,233000,19543,19543,19523,19523,7
20170915,100000,19450,19450,19450,19450,3
20170915,150000,19539,19539,19539,19539,1
20170918,100000,19500,19500,19500,19500,1
20170918,113000,19466,19466,19466,19466,3
20170918,173000,19300,19300,19300,19300,1
20170918,190000,19300,19320,19300,19320,11
20170918,193000,19315,19320,19315,19320,2
20170919,110000,19248,19248,19218,19218,4
20170919,160000,19208,19208,19198,19198,2
20170919,163000,19193,19193,19178,19178,4
20170919,173000,19173,19173,19173,19173,1
20170919,180000,19168,19168,19163,19163,2
20170919,183000,19158,19215,19150,19215,11
20170919,190000,19168,19168,19168,19168,6
20170919,210000,19226,19226,19226,19226,1
20170919,213000,19250,19250,19250,19250,1
20170919,230000,19178,19178,19150,19150,14
20170920,100000,19113,19113,19113,19113,1
20170920,123000,19090,19090,19090,19090,2
20170920,133000,19130,19140,19130,19140,7
20170920,140000,19150,19155,19150,19155,6
20170920,150000,19160,19160,19160,19160,5
20170920,163000,19140,19145,19140,19145,2
20170920,170000,19170,19190,19135,19190,36
20170920,173000,19150,19210,19100,19100,193
20170920,180000,19140,19210,19140,19210,8
20170920,193000,19232,19232,19176,19176,2
20170920,210000,19229,19251,19174,19174,6
20170920,223000,19226,19226,19226,19226,1
20170921,100000,19169,19169,19111,19111,4
20170921,103000,19100,19100,19013,19013,7
20170921,110000,19075,19089,19034,19034,4
20170921,113000,19080,19090,19080,19090,3
20170921,120000,19100,19122,19085,19085,7
20170921,123000,19133,19177,19118,19131,31
20170921,130000,19131,19131,19131,19131,1
20170921,140000,19121,19121,19114,19114,2
20170921,143000,19160,19169,19160,19169,2
20170921,150000,19176,19176,19176,19176,1
20170921,153000,19167,19215,19167,19215,22
20170921,160000,19194,19301,19194,19301,17
20170921,163000,19300,19380,19300,19380,31
20170921,170000,19360,19399,19341,19390,16
20170921,173000,19390,19390,19352,19390,11
20170921,180000,19383,19420,19383,19420,12
20170921,190000,19439,19439,19399,19399,2
20170921,193000,19350,19350,19350,19350,1
20170921,203000,19390,19398,19372,19398,13
20170921,210000,19401,19462,19386,19431,60
20170921,220000,19389,19389,19389,19389,1
20170921,223000,19400,19433,19400,19433,3
20170921,230000,19399,19399,19399,19399,1
20170922,100000,19360,19395,19307,19355,76
20170922,103000,19354,19490,19345,19430,98
20170922,110000,19390,19390,19384,19384,3
20170922,113000,19374,19460,19364,19410,29
20170922,120000,19421,19504,19421,19504,16
20170922,123000,19484,19484,19436,19436,6
20170922,130000,19463,19483,19392,19483,22
20170922,140000,19428,19453,19428,19453,3
20170922,143000,19445,19463,19445,19457,45
20170922,150000,19466,19495,19462,19495,49
20170922,153000,19500,19540,19500,19526,63
20170922,160000,19520,19550,19471,19550,89
20170922,163000,19566,19566,19532,19532,16
20170922,170000,19548,19548,19485,19485,5
20170922,173000,19517,19517,19517,19517,3
20170922,180000,19469,19469,19457,19457,4
20170922,183000,19441,19480,19426,19480,7
20170922,190000,19461,19461,19461,19461,1
20170922,193000,19424,19424,19408,19408,3
20170922,200000,19408,19408,19397,19397,6
20170922,203000,19388,19394,19368,19394,7
20170925,100000,19419,19521,19400,19518,16
20170925,103000,19466,19580,19466,19580,20
20170925,110000,19588,19601,19588,19601,8
20170925,113000,19612,19655,19612,19653,23
20170925,123000,19658,19669,19658,19669,4
20170925,133000,19660,19670,19660,19670,2
20170925,140000,19670,19696,19670,19696,15
20170925,143000,19704,19704,19704,19704,1
20170925,150000,19662,19662,19627,19650,7
20170925,153000,19673,19673,19673,19673,4
20170925,160000,19682,19682,19682,19682,1
20170925,170000,19683,19728,19683,19728,10
20170925,173000,19738,19760,19738,19760,10
20170925,180000,19765,19840,19765,19840,17
20170925,183000,19821,19821,19821,19821,10
20170925,190000,19787,19787,19765,19765,2
20170925,203000,19826,19826,19826,19826,1
20170925,213000,19851,19851,19851,19851,4
20170925,223000,19858,19858,19858,19858,1
20170925,230000,19879,19900,19879,19900,8
20170925,233000,19900,19900,19840,19898,15
20170926,100000,19901,20018,19901,19988,60
20170926,103000,20031,20152,20029,20110,73
20170926,110000,20119,20202,20119,20157,133
20170926,113000,20147,20158,20098,20158,7
20170926,120000,20147,20147,20137,20146,11
20170926,130000,20126,20126,20090,20090,23
20170926,133000,20130,20139,20130,20139,3
20170926,140000,20154,20166,20154,20161,4
20170926,143000,20150,20150,20150,20150,1
20170926,150000,20116,20116,20116,20116,1
20170926,160000,20143,20200,20143,20200,4
20170926,163000,20200,20218,20143,20182,292
20170926,170000,20174,20174,20174,20174,10
20170926,173000,20201,20201,20080,20083,11
20170926,180000,20057,20084,20014,20014,41
20170926,183000,20020,20020,19972,19974,5
20170926,190000,19971,19971,19949,19971,6
20170926,193000,19954,19954,19900,19954,42
20170926,203000,19945,19987,19945,19987,15
20170926,210000,19933,19933,19933,19933,1
20170926,220000,19987,19987,19987,19987,1
20170926,223000,19968,19968,19968,19968,3
20170926,233000,19976,19977,19976,19977,2
20170927,100000,19988,20132,19988,20070,46
20170927,103000,20013,20013,19856,19860,18
20170927,110000,19834,20006,19834,20006,18
20170927,113000,19949,19949,19905,19905,3
20170927,120000,19961,19961,19961,19961,1
20170927,123000,19985,19985,19985,19985,1
20170927,130000,20000,20057,20000,20014,14
20170927,133000,20005,20005,20001,20001,2
20170927,140000,20040,20078,20040,20078,25
20170927,143000,20082,20096,20005,20005,148
20170927,150000,19993,20015,19984,20015,88
20170927,153000,20015,20064,20015,20064,62
20170927,160000,20065,20065,20065,20065,8
20170927,163000,20065,20065,20065,20065,2
20170927,170000,20011,20011,19990,20011,3
20170927,173000,20019,20027,19964,19964,31
20170927,180000,20026,20026,20003,20003,2
20170927,183000,20045,20063,20028,20028,15
20170927,190000,20012,20012,20012,20012,2
20170927,193000,20015,20035,20014,20035,18
20170927,200000,20035,20044,20035,20044,5
20170927,203000,20019,20019,20019,20019,5
20170927,210000,20044,20045,20044,20045,7
20170928,100000,20015,20015,19901,19901,39
20170928,103000,19881,19937,19881,19932,3
20170928,110000,19901,19962,19901,19962,263
20170928,113000,19985,20098,19985,20098,31
20170928,120000,20098,20122,20067,20116,26
20170928,123000,20058,20058,20037,20037,3
20170928,130000,20103,20148,20094,20094,4
20170928,133000,20080,20080,20072,20075,24
20170928,140000,20078,20078,20052,20052,4
20170928,143000,20032,20032,20032,20032,1
20170928,150000,20060,20060,20047,20047,2
20170928,153000,20070,20070,20049,20049,2
20170928,160000,20047,20047,20014,20014,8
20170928,163000,20026,20040,20016,20019,10
20170928,170000,20009,20009,19996,19996,11
20170928,173000,19977,19977,19934,19934,18
20170928,180000,19931,19931,19931,19931,1
20170928,183000,19910,19914,19901,19901,232
20170928,193000,19923,19923,19923,19923,1
20170928,203000,19933,19933,19933,19933,1
20170928,230000,19933,19933,19933,19933,1
20170929,100000,19906,19916,19839,19840,13
20170929,103000,19896,19919,19896,19919,2
20170929,110000,19942,19964,19911,19911,6
20170929,113000,19967,19990,19967,19990,5
20170929,120000,19999,20013,19999,20013,3
20170929,123000,19995,19995,19995,19995,6
20170929,130000,19961,19961,19951,19951,4
20170929,140000,19944,19944,19944,19944,1
20170929,143000,19937,19937,19901,19901,9
20170929,160000,19948,19962,19907,19907,28
20170929,163000,19962,19963,19962,19963,4
20170929,170000,19986,20010,19986,20010,6
20170929,173000,19956,19956,19956,19956,1
20170929,183000,19998,19998,19998,19998,3
20170929,190000,19755,19984,19755,19938,6
20170929,200000,19970,19970,19970,19970,1
20171002,100000,19995,20128,19995,20074,51
20171002,103000,20100,20113,20075,20075,9
20171002,113000,20102,20102,20102,20102,1
20171002,120000,20082,20082,20055,20060,23
20171002,123000,20108,20108,20091,20091,5
20171002,130000,20052,20052,20051,20051,4
20171002,133000,20049,20085,20049,20085,8
20171002,140000,20047,20060,19995,20003,17
20171002,143000,20011,20011,20000,20000,2
20171002,150000,19973,19990,19901,19919,13
20171002,153000,19915,19915,19911,19911,3
20171002,160000,19888,19928,19840,19928,18
20171002,163000,19919,19981,19919,19981,6
20171002,170000,19992,20021,19992,20021,3
20171002,173000,19968,19968,19968,19968,1
20171002,183000,19990,19990,19990,19990,1
20171002,190000,20002,20046,20002,20046,4
20171002,193000,20032,20032,20030,20030,9
20171002,203000,20023,20023,19991,19991,5
20171002,230000,19985,19985,19985,19985,1
20171002,233000,20020,20020,20020,20020,1
20171003,100000,20047,20102,20047,20102,37
20171003,103000,20086,20086,20036,20050,16
20171003,113000,20065,20085,20065,20085,15
20171003,120000,20072,20095,20072,20095,2
20171003,130000,20045,20045,20000,20000,3
20171003,133000,19973,19973,19973,19973,1
20171003,140000,19959,19991,19939,19961,32
20171003,143000,19967,20020,19967,20020,3
20171003,150000,20000,20000,20000,20000,1
20171003,153000,20001,20001,19974,19979,15
20171003,160000,20001,20001,19967,20001,136
20171003,163000,20027,20054,20027,20044,23
20171003,170000,20050,20050,20050,20050,2
20171003,173000,20015,20033,20013,20024,6
20171003,180000,19990,19990,19929,19929,15
20171003,190000,19967,19967,19967,19967,2
20171003,193000,19917,19918,19914,19918,9
20171003,203000,19967,19971,19967,19971,3
20171003,213000,19962,19962,19962,19962,1
20171003,220000,19961,19961,19908,19908,7
20171003,223000,19908,19908,19900,19900,10
20171004,100000,19888,19938,19878,19932,23
20171004,103000,19904,19904,19880,19880,11
20171004,110000,19881,19881,19837,19864,28
20171004,113000,19899,19924,19899,19924,2
20171004,120000,19874,19874,19874,19874,1
20171004,123000,19904,19904,19904,19904,3
20171004,133000,19890,19890,19890,19890,3
20171004,140000,19849,19849,19849,19849,1
20171004,150000,19913,19913,19913,19913,1
20171004,160000,19944,19963,19913,19963,13
20171004,163000,19942,19942,19904,19904,17
20171004,170000,19890,19890,19890,19890,1
20171004,173000,19906,19906,19900,19900,15
20171004,180000,19865,19901,19865,19901,9
20171004,183000,19900,19900,19900,19900,5
20171004,190000,19928,19928,19928,19928,1
20171004,200000,19960,19964,19949,19949,10
20171004,203000,19945,19945,19942,19942,4
20171004,230000,19969,19969,19969,19969,1
20171004,233000,19969,19969,19969,19969,10
20171005,100000,19931,19931,19907,19907,5
20171005,103000,19889,19889,19738,19738,83
20171005,110000,19730,19762,19720,19762,12
20171005,120000,19803,19820,19787,19787,3
20171005,123000,19762,19762,19730,19730,4
20171005,130000,19737,19739,19720,19720,5
20171005,133000,19712,19712,19628,19628,88
20171005,140000,19670,19670,19670,19670,1
20171005,143000,19650,19696,19650,19696,3
20171005,153000,19726,19817,19726,19815,10
20171005,160000,19820,19859,19820,19856,44
20171005,163000,19860,19895,19849,19849,29
20171005,170000,19891,20004,19852,19978,92
20171005,173000,19988,20018,19988,19998,32
20171005,180000,19995,20079,19995,20070,44
20171005,183000,20037,20082,20037,20082,21
20171005,190000,20090,20162,20090,20130,39
20171005,193000,20142,20142,20141,20141,21
20171005,200000,20133,20202,20121,20202,23
20171005,203000,20200,20200,20150,20150,8
20171005,210000,20140,20140,20109,20109,5
20171005,213000,20150,20150,20150,20150,5
20171005,220000,20140,20145,20140,20144,13
20171005,233000,20148,20179,20148,20175,5
20171006,100000,20195,20259,20100,20187,43
20171006,103000,20190,20280,20190,20280,43
20171006,110000,20290,20328,20242,20242,27
20171006,120000,20305,20311,20224,20270,11
20171006,123000,20220,20220,20201,20220,7
20171006,130000,20250,20266,20250,20266,3
20171006,133000,20254,20254,20254,20254,3
20171006,143000,20239,20239,20239,20239,21
20171006,150000,20239,20239,20234,20234,26
20171006,160000,20201,20277,20167,20223,51
20171006,163000,20220,20220,20190,20190,20
20171006,170000,20180,20180,20090,20155,76
20171006,173000,20108,20108,20090,20090,4
20171006,180000,20085,20117,20080,20080,10
20171006,190000,20051,20060,20045,20045,41
20171006,200000,20061,20071,20061,20071,4
20171006,223000,20125,20128,20125,20128,4
20171009,100000,20130,20130,20130,20130,1
20171009,103000,20044,20044,20044,20044,11
20171009,110000,20030,20035,20014,20014,512
20171009,113000,20001,20001,19970,19970,24
20171009,120000,20015,20015,19958,19958,9
20171009,153000,19997,19997,19997,19997,1
20171009,160000,20006,20006,20006,20006,1
20171009,173000,20040,20108,20040,20108,21
20171009,180000,20115,20121,20115,20121,4
20171009,183000,20090,20096,20090,20096,6
20171010,100000,20050,20097,20050,20097,5
20171010,103000,20014,20014,20014,20014,3
20171010,110000,20014,20014,20001,20001,5
20171010,120000,20048,20068,20029,20068,12
20171010,123000,20068,20068,20068,20068,2
20171010,130000,20059,20059,20059,20059,1
20171010,143000,20027,20027,20014,20014,6
20171010,150000,20048,20048,20048,20048,3
20171010,153000,20068,20095,20058,20058,11
20171010,160000,20095,20129,20095,20129,5
20171010,163000,20100,20130,20100,20130,7
20171010,170000,20059,20059,20057,20057,10
20171010,173000,20057,20057,20014,20048,11
20171010,230000,20020,20047,20020,20047,2
20171011,100000,20075,20155,20075,20155,15
20171011,103000,20178,20249,20178,20195,77
20171011,110000,20175,20227,20175,20227,9
20171011,113000,20245,20296,20245,20283,71
20171011,120000,20299,20300,20198,20198,43
20171011,123000,20225,20225,20225,20225,1
20171011,130000,20200,20230,20200,20230,5
20171011,133000,20181,20181,20181,20181,1
20171011,140000,20193,20193,20193,20193,50
20171011,143000,20203,20265,20203,20245,17
20171011,150000,20258,20276,20241,20276,6
20171011,153000,20248,20249,20248,20249,2
20171011,160000,20248,20270,20248,20270,3
20171011,170000,20260,20273,20260,20273,2
20171011,173000,20280,20355,20280,20355,44
20171011,180000,20358,20358,20303,20303,21
20171011,183000,20267,20267,20267,20267,3
20171011,190000,20220,20237,20220,20237,13
20171011,193000,20240,20241,20240,20241,12
20171011,200000,20256,20256,20250,20250,2
20171011,210000,20250,20250,20246,20246,15
20171011,233000,20220,20220,20205,20205,7
20171012,100000,20246,20320,20246,20320,34
20171012,103000,20320,20321,20310,20310,7
20171012,113000,20260,20270,20231,20231,19
20171012,120000,20257,20275,20240,20275,11
20171012,123000,20295,20319,20295,20319,4
20171012,130000,20310,20310,20310,20310,6
20171012,133000,20277,20283,20244,20244,11
20171012,143000,20278,20278,20237,20237,16
20171012,150000,20217,20257,20210,20257,8
20171012,153000,20263,20263,20263,20263,1
20171012,163000,20222,20222,20185,20185,32
20171012,170000,20180,20222,20151,20222,10
20171012,180000,20229,20250,20229,20250,3
20171012,183000,20209,20209,20175,20175,65
20171012,190000,20250,20252,20231,20252,3
20171012,193000,20247,20247,20201,20201,14
20171013,100000,20245,20245,20245,20245,17
20171013,110000,20237,20300,20237,20300,14
20171013,113000,20298,20298,20274,20295,8
20171013,120000,20341,20370,20341,20370,112
20171013,123000,20335,20383,20335,20350,33
20171013,130000,20350,20360,20337,20360,10
20171013,133000,20358,20358,20339,20339,9
20171013,140000,20254,20347,20254,20347,3
20171013,143000,20339,20339,20339,20339,1
20171013,153000,20318,20318,20318,20318,50
20171013,160000,20354,20354,20354,20354,1
20171013,163000,20336,20336,20270,20278,11
20171013,170000,20314,20314,20314,20314,2
20171013,173000,20297,20297,20297,20297,3
20171013,183000,20277,20277,20277,20277,1
20171013,193000,20283,20283,20283,20283,5
20171013,233000,20314,20314,20314,20314,1
20171016,100000,20375,20490,20298,20481,73
20171016,103000,20445,20450,20405,20405,27
20171016,110000,20445,20445,20390,20390,14
20171016,113000,20387,20394,20373,20373,7
20171016,120000,20351,20373,20317,20373,7
20171016,123000,20395,20409,20395,20409,3
20171016,140000,20445,20445,20445,20445,1
20171016,143000,20475,20481,20438,20438,6
20171016,150000,20437,20437,20437,20437,20
20171016,153000,20428,20428,20428,20428,93
20171016,160000,20428,20470,20428,20470,95
20171016,163000,20428,20443,20428,20428,73
20171016,170000,20428,20428,20409,20409,252
20171016,173000,20443,20445,20433,20433,22
20171016,180000,20451,20474,20447,20474,8
20171016,183000,20418,20418,20418,20418,1
20171016,193000,20417,20417,20417,20417,44
20171016,200000,20467,20467,20424,20425,58
20171016,203000,20433,20433,20433,20433,1
20171016,210000,20450,20450,20450,20450,1
20171016,213000,20445,20445,20445,20445,3
20171016,223000,20458,20458,20458,20458,3
20171017,100000,20409,20425,20395,20402,12
20171017,103000,20375,20375,20350,20350,55
20171017,110000,20337,20373,20337,20337,4
20171017,113000,20370,20380,20370,20380,22
20171017,120000,20373,20377,20373,20377,3
20171017,123000,20337,20337,20337,20337,5
20171017,130000,20327,20327,20303,20303,21
20171017,140000,20373,20409,20373,20409,8
20171017,143000,20425,20458,20425,20458,18
20171017,150000,20464,20473,20464,20473,7
20171017,153000,20445,20445,20445,20445,1
20171017,160000,20409,20409,20373,20373,2
20171017,163000,20337,20389,20337,20389,4
20171017,170000,20337,20357,20318,20341,9
20171017,173000,20373,20373,20301,20304,4
20171017,180000,20337,20373,20337,20339,8
20171017,183000,20346,20346,20346,20346,1
20171017,190000,20337,20337,20301,20303,6
20171017,200000,20337,20337,20337,20337,1
20171017,220000,20375,20375,20375,20375,2
20171017,223000,20375,20385,20360,20360,10
20171017,230000,20365,20365,20365,20365,2
20171017,233000,20365,20380,20365,20380,18
20171018,100000,20403,20431,20372,20431,132
20171018,103000,20416,20416,20373,20373,11
20171018,110000,20337,20337,20301,20301,39
20171018,113000,20329,20329,20251,20251,27
20171018,120000,20253,20262,20207,20220,15
20171018,123000,20209,20220,20193,20220,13
20171018,130000,20220,20220,20088,20157,43
20171018,133000,20121,20121,20066,20066,14
20171018,140000,20121,20157,20121,20157,2
20171018,143000,20193,20279,20193,20229,29
20171018,150000,20242,20280,20242,20280,15
20171018,153000,20229,20265,20193,20265,28
20171018,160000,20250,20251,20193,20232,32
20171018,163000,20193,20236,20193,20236,3
20171018,170000,20265,20301,20265,20301,12
20171018,180000,20265,20265,20265,20265,1
20171018,183000,20229,20229,20158,20158,3
20171018,190000,20240,20240,20240,20240,1
20171018,220000,20229,20229,20229,20229,1
20171019,100000,20157,20201,20151,20177,12
20171019,103000,20121,20121,20022,20022,17
20171019,110000,20014,20051,20000,20016,40
20171019,113000,20049,20080,19968,20024,46
20171019,120000,20013,20013,19928,19960,32
20171019,123000,19950,19977,19925,19977,8
20171019,130000,19995,20013,19995,20013,4
20171019,133000,20029,20037,20002,20002,6
20171019,143000,20001,20001,19941,19941,9
20171019,150000,19964,19964,19956,19956,4
20171019,153000,19977,19977,19977,19977,1
20171019,160000,20013,20013,19977,19977,2
20171019,163000,19935,19935,19869,19875,40
20171019,170000,19868,19868,19823,19825,38
20171019,173000,19851,19868,19851,19868,3
20171019,180000,19888,19888,19888,19888,2
20171019,183000,19880,19880,19860,19860,14
20171019,190000,19870,19870,19864,19865,7
20171019,193000,19869,19873,19855,19855,8
20171019,200000,19880,19880,19872,19872,2
20171019,203000,19881,19881,19881,19881,1
20171019,220000,19861,19865,19861,19865,6
20171019,223000,19857,19865,19857,19865,13
20171019,230000,19881,19898,19880,19898,35
20171020,100000,19905,19988,19890,19930,95
20171020,103000,19907,19957,19890,19937,71
20171020,110000,19950,19950,19920,19920,16
20171020,113000,19950,19950,19920,19920,4
20171020,120000,19901,19901,19857,19900,15
20171020,123000,19875,19923,19873,19923,5
20171020,130000,19908,19950,19905,19950,32
20171020,133000,19960,19967,19927,19930,26
20171020,140000,19948,19975,19948,19950,33
20171020,143000,19937,19959,19909,19959,42
20171020,150000,19960,19960,19939,19950,15
20171020,160000,19970,20025,19970,20020,32
20171020,163000,20026,20026,19900,19900,541
20171020,170000,19925,19975,19925,19934,45
20171020,173000,19930,19945,19930,19945,9
20171020,180000,19926,19928,19926,19928,6
20171020,183000,19926,19926,19921,19921,4
20171020,190000,19914,19914,19887,19887,6
20171020,193000,19918,19918,19900,19918,3
20171020,200000,19925,19946,19916,19916,3
20171023,100000,19950,19956,19912,19950,20
20171023,103000,19970,19975,19920,19920,41
20171023,110000,19935,19935,19935,19935,1
20171023,113000,19908,19908,19757,19757,47
20171023,120000,19760,19760,19714,19737,32
20171023,123000,19775,19795,19775,19795,18
20171023,130000,19795,19825,19795,19815,8
20171023,133000,19800,19825,19800,19825,2
20171023,140000,19850,19880,19850,19880,32
20171023,143000,19895,19895,19884,19884,6
20171023,150000,19864,19864,19844,19850,19
20171023,153000,19844,19850,19803,19810,30
20171023,160000,19840,19880,19840,19857,17
20171023,163000,19857,19858,19775,19775,425
20171023,170000,19800,19810,19773,19795,11
20171023,173000,19795,19850,19795,19850,22
20171023,180000,19853,19868,19807,19868,16
20171023,193000,19835,19835,19815,19815,11
20171023,200000,19827,19827,19827,19827,4
20171023,203000,19835,19835,19835,19835,3
20171023,220000,19829,19829,19829,19829,1
20171023,233000,19809,19823,19775,19775,8
20171024,100000,19800,19829,19750,19750,29
20171024,103000,19775,19791,19650,19650,186
20171024,110000,19648,19682,19648,19682,325
20171024,113000,19693,19701,19663,19701,7
20171024,120000,19727,19727,19664,19665,10
20171024,123000,19712,19790,19712,19790,20
20171024,130000,19795,19900,19795,19825,164
20171024,133000,19844,19851,19824,19824,15
20171024,140000,19820,19820,19810,19810,12
20171024,143000,19830,19830,19784,19784,13
20171024,150000,19825,19825,19806,19822,43
20171024,153000,19830,19835,19730,19730,42
20171024,160000,19768,19818,19760,19798,71
20171024,163000,19820,19827,19775,19775,48
20171024,170000,19800,19826,19800,19826,28
20171024,173000,19800,19800,19800,19800,1
20171024,180000,19826,19851,19801,19831,19
20171024,183000,19851,19900,19851,19875,36
20171024,190000,19900,19900,19898,19900,15
20171024,193000,19900,19920,19900,19920,14
20171024,200000,19920,19928,19911,19928,14
20171024,203000,19920,19920,19920,19920,10
20171024,210000,19936,19936,19936,19936,10
20171024,213000,19938,19941,19938,19941,2
20171024,220000,19950,19950,19950,19950,11
20171024,233000,19970,19974,19970,19974,17
20171025,100000,19950,20046,19950,20037,162
20171025,103000,20022,20022,19962,19985,87
20171025,110000,19967,20000,19958,20000,20
20171025,113000,19981,19981,19888,19926,82
20171025,120000,19937,19950,19926,19926,11
20171025,123000,19940,19972,19940,19972,20
20171025,133000,19969,19969,19969,19969,9
20171025,140000,19975,19982,19975,19982,8
20171025,143000,19955,19955,19930,19930,3
20171025,150000,19923,19956,19906,19928,10
20171025,160000,19935,19970,19935,19970,7
20171025,163000,19970,19993,19970,19993,31
20171025,170000,19973,20030,19973,20030,7
20171025,180000,19986,19986,19855,19875,65
20171025,183000,19864,19881,19857,19857,7
20171025,190000,19850,19850,19800,19817,20
20171025,193000,19825,19842,19825,19842,3
20171025,200000,19842,19842,19842,19842,1
20171025,210000,19850,19851,19850,19851,6
20171025,223000,19851,19858,19851,19858,2
20171026,100000,19864,19875,19748,19748,56
20171026,103000,19745,19745,19678,19708,47
20171026,110000,19745,19750,19720,19737,45
20171026,113000,19740,19775,19740,19750,8
20171026,120000,19725,19725,19725,19725,1
20171026,123000,19750,19773,19750,19773,3
20171026,130000,19730,19810,19730,19810,19
20171026,133000,19813,19813,19802,19802,10
20171026,143000,19825,19848,19825,19848,10
20171026,150000,19843,19895,19843,19877,31
20171026,153000,19880,19910,19880,19910,6
20171026,160000,19910,19925,19885,19885,48
20171026,163000,19880,19880,19875,19875,4
20171026,170000,19867,19873,19863,19871,17
20171026,173000,19871,19871,19871,19871,5
20171026,180000,19895,19950,19875,19925,52
20171026,183000,19915,19919,19900,19900,14
20171026,190000,19916,19928,19915,19928,11
20171026,200000,19941,19949,19941,19949,6
20171026,203000,19950,19980,19950,19980,18
20171026,210000,19986,19988,19986,19988,6
20171026,213000,19999,20008,19981,20008,28
20171026,220000,20015,20028,20015,20028,13
20171026,233000,20000,20000,20000,20000,3
20171027,100000,20000,20095,19975,20095,138
20171027,103000,20092,20100,20030,20035,119
20171027,110000,20025,20072,19980,20042,32
20171027,113000,20056,20056,20025,20025,9
20171027,120000,20030,20030,20019,20019,20
20171027,123000,20050,20050,20033,20033,2
20171027,130000,20025,20025,20000,20021,8
20171027,133000,19995,19995,19900,19900,104
20171027,140000,19931,19931,19917,19917,2
20171027,143000,19917,19920,19917,19920,4
20171027,150000,19946,19997,19946,19966,21
20171027,153000,19986,20026,19986,20026,23
20171027,160000,20000,20000,19965,19965,70
20171027,163000,19950,19985,19933,19970,95
20171027,170000,19978,20075,19978,20020,57
20171027,173000,20050,20128,20039,20128,84
20171027,180000,20137,20195,20137,20184,113
20171027,183000,20199,20228,20199,20228,78
20171027,190000,20237,20237,20237,20237,11
20171027,193000,20205,20246,20203,20230,15
20171027,200000,20213,20220,20208,20215,8
20171027,203000,20220,20220,20220,20220,5
20171027,210000,20217,20222,20217,20222,2
20171027,213000,20224,20224,20222,20222,5
20171027,220000,20234,20255,20234,20255,36
20171027,223000,20258,20280,20258,20280,10
20171027,230000,20240,20240,20240,20240,1
20171027,233000,20240,20257,20240,20257,14
20171030,100000,20205,20348,20180,20348,111
20171030,103000,20310,20310,20281,20283,11
20171030,110000,20270,20348,20250,20304,72
20171030,113000,20303,20303,20295,20295,21
20171030,123000,20280,20280,20250,20250,25
20171030,133000,20251,20274,20251,20274,5
20171030,143000,20292,20298,20280,20298,13
20171030,150000,20285,20285,20285,20285,1
20171030,160000,20235,20235,20235,20235,1
20171030,163000,20222,20261,20221,20261,5
20171030,170000,20254,20258,20205,20223,13
20171030,173000,20230,20230,20175,20175,82
20171030,180000,20164,20178,20148,20148,23
20171030,183000,20127,20137,20118,20137,105
20171030,190000,20108,20129,20107,20117,12
20171030,193000,20148,20152,20148,20152,4
20171030,200000,20158,20158,20158,20158,1
20171030,203000,20153,20153,20153,20153,4
20171031,100000,20117,20122,20065,20122,55
20171031,103000,20101,20132,20083,20083,16
20171031,110000,20150,20221,20150,20179,25
20171031,120000,20207,20207,20207,20207,1
20171031,123000,20175,20177,20175,20177,2
20171031,130000,20160,20172,20150,20172,3
20171031,133000,20190,20200,20190,20200,5
20171031,140000,20205,20205,20157,20177,9
20171031,143000,20150,20150,20150,20150,1
20171031,150000,20145,20145,20127,20127,5
20171031,160000,20129,20129,20020,20020,59
20171031,163000,20070,20070,20070,20070,10
20171031,170000,20022,20024,20000,20016,47
20171031,173000,20075,20075,20075,20075,3
20171031,183000,20033,20033,20026,20026,3
20171031,190000,19990,20020,19990,20020,55
20171031,203000,20056,20056,20056,20056,5
20171031,210000,20068,20068,20067,20067,20
20171031,220000,20043,20043,20038,20038,5
20171031,233000,20025,20025,20020,20020,7
20171101,100000,20050,20120,20050,20111,36
20171101,103000,20087,20107,20075,20107,6
20171101,110000,20120,20175,20117,20175,70
20171101,113000,20175,20290,20175,20200,52
20171101,120000,20200,20225,20200,20200,20
20171101,123000,20200,20225,20200,20207,14
20171101,130000,20255,20290,20255,20265,26
20171101,133000,20265,20265,20227,20227,9
20171101,140000,20225,20236,20200,20236,68
20171101,143000,20200,20200,20199,20199,2
20171101,150000,20225,20258,20225,20258,5
20171101,153000,20225,20250,20206,20250,9
20171101,160000,20275,20275,20250,20266,7
20171101,163000,20227,20227,20175,20185,10
20171101,170000,20200,20200,20125,20125,40
20171101,173000,20150,20150,19993,19993,78
20171101,180000,19988,20025,19948,20025,257
20171101,183000,20000,20000,20000,20000,71
20171101,190000,20000,20000,20000,20000,2
20171101,193000,19980,19980,19980,19980,1
20171101,200000,19975,19975,19907,19907,13
20171101,203000,19900,19901,19885,19885,10
20171101,210000,19925,19925,19925,19925,2
20171101,213000,19935,19935,19935,19935,3
20171101,223000,19947,19947,19947,19947,5
20171101,230000,19907,19907,19907,19907,2
20171101,233000,19907,19907,19900,19900,2
20171102,100000,19875,19917,19817,19883,47
20171102,103000,19900,19905,19850,19861,7
20171102,110000,19875,19950,19875,19950,27
20171102,113000,19975,20000,19946,20000,32
20171102,120000,19975,20073,19970,20025,45
20171102,123000,20000,20025,20000,20025,2
20171102,130000,20025,20050,19989,20002,14
20171102,133000,20003,20025,20003,20025,6
20171102,140000,20050,20075,19975,19975,58
20171102,143000,20000,20000,19957,19970,19
20171102,153000,19965,19970,19945,19945,5
20171102,160000,19937,19965,19935,19965,4
20171102,163000,19975,20050,19955,19975,16
20171102,170000,19962,19962,19900,19925,11
20171102,173000,19950,19962,19900,19925,18
20171102,180000,19950,19991,19888,19888,51
20171102,183000,19925,19935,19925,19935,5
20171102,190000,19958,19958,19958,19958,3
20171102,193000,19938,19960,19936,19958,8
20171102,223000,19975,20005,19975,20005,18
20171102,230000,20005,20006,20005,20006,4
20171103,100000,20025,20050,19999,19999,34
20171103,103000,19999,20025,19999,20025,4
20171103,110000,20050,20095,20026,20026,36
20171103,113000,20075,20130,20075,20130,12
20171103,120000,20149,20150,20100,20100,7
20171103,123000,20075,20075,20060,20069,30
20171103,130000,20080,20080,19975,19975,41
20171103,133000,19970,19970,19925,19925,52
20171103,143000,19917,19936,19917,19936,3
20171103,150000,19925,19975,19925,19975,5
20171103,153000,19971,20000,19971,19990,6
20171103,160000,20010,20010,20010,20010,10
20171103,163000,19990,20000,19975,20000,6
20171103,170000,19975,19975,19950,19950,6
20171103,173000,19975,19990,19955,19975,4
20171103,180000,19965,19995,19965,19978,9
20171103,190000,20010,20010,20010,20010,1
20171103,193000,20057,20057,20032,20032,4
20171103,200000,20025,20050,20025,20050,3
20171103,203000,20028,20028,20028,20028,4
20171103,210000,20061,20075,20061,20075,9
20171103,213000,20060,20060,20060,20060,1
20171103,220000,20094,20100,20094,20100,9
20171103,223000,20075,20075,20075,20075,1
20171103,230000,20052,20060,20052,20060,4
20171103,233000,20059,20059,20059,20059,3
20171107,100000,20100,20275,20100,20250,39
20171107,103000,20248,20275,20245,20275,47
20171107,110000,20298,20440,20298,20439,423
20171107,113000,20441,20510,20432,20510,495
20171107,120000,20527,20699,20527,20585,1208
20171107,123000,20583,20590,20507,20555,291
20171107,130000,20600,20653,20532,20555,210
20171107,133000,20558,20615,20548,20608,450
20171107,140000,20620,20749,20599,20749,327
20171107,143000,20760,20918,20760,20850,792
20171107,150000,20870,20922,20870,20922,88
20171107,153000,20892,21177,20892,21128,661
20171107,160000,21027,21190,21027,21190,74
20171107,163000,21171,21172,21015,21150,420
20171107,170000,21135,21135,20856,20907,1368
20171107,173000,20950,21084,20942,21084,94
20171107,180000,21069,21137,20945,20975,163
20171107,183000,20974,21054,20974,21039,23
20171107,190000,21131,21200,21130,21145,198
20171107,193000,21133,21133,21109,21109,158
20171107,200000,21115,21120,21115,21120,2
20171107,203000,21092,21119,21092,21113,12
20171107,210000,21125,21155,21122,21131,18
20171107,213000,21131,21131,21131,21131,1
20171107,220000,21115,21115,21100,21100,6
20171107,233000,21107,21107,21075,21075,6
20171108,100000,21007,21310,20951,21212,499
20171108,103000,21229,21297,21206,21279,320
20171108,110000,21262,21454,21262,21454,3424
20171108,113000,21454,21537,21444,21537,1470
20171108,120000,21524,21548,21469,21499,169
20171108,123000,21490,21540,21469,21528,82
20171108,130000,21540,21701,21540,21680,1294
20171108,133000,21645,21645,21550,21568,86
20171108,140000,21582,21659,21581,21659,219
20171108,143000,21610,21627,21532,21561,117
20171108,150000,21508,21555,21507,21555,15
20171108,153000,21570,21583,21500,21500,63
20171108,160000,21500,21515,21500,21515,8
20171108,163000,21520,21550,21496,21550,26
20171108,170000,21552,21555,21552,21555,2
20171108,173000,21510,21510,21428,21484,76
20171108,180000,21470,21520,21470,21520,55
20171108,183000,21547,21547,21505,21513,5
20171108,190000,21536,21595,21531,21595,51
20171108,193000,21599,21606,21590,21590,67
20171108,200000,21585,21665,21585,21665,80
20171108,203000,21650,21667,21610,21610,25
20171108,210000,21600,21600,21570,21600,55
20171108,213000,21586,21620,21586,21620,17
20171108,220000,21575,21575,21575,21575,1
20171108,230000,21565,21565,21565,21565,2
20171108,233000,21590,21590,21555,21555,11
20171109,100000,21550,21606,21479,21557,272
20171109,103000,21560,21616,21495,21614,397
20171109,110000,21586,21750,21574,21625,347
20171109,113000,21650,21675,21550,21575,31
20171109,120000,21600,21600,21520,21545,85
20171109,123000,21550,21550,21525,21525,15
20171109,130000,21550,21570,21542,21559,38
20171109,133000,21547,21567,21540,21567,32
20171109,140000,21575,21625,21575,21600,36
20171109,143000,21575,21575,21547,21560,16
20171109,150000,21590,21595,21578,21595,4
20171109,153000,21587,21625,21575,21625,17
20171109,160000,21622,21635,21603,21635,5
20171109,170000,21643,22290,21639,22227,1581
20171109,173000,22152,22404,22103,22370,987
20171109,180000,22370,22555,22284,22555,1127
20171109,183000,22555,22645,22533,22574,465
20171109,190000,22547,22660,22491,22640,240
20171109,193000,22652,22720,22639,22639,79
20171109,200000,22649,22698,22643,22650,47
20171109,203000,22674,22727,22674,22711,32
20171109,210000,22701,22716,22701,22716,35
20171109,213000,22716,22738,22716,22718,59
20171109,220000,22709,22741,22709,22725,52
20171109,223000,22715,22740,22715,22740,118
20171109,230000,22742,22749,22730,22730,48
20171109,233000,22725,22739,22707,22707,131
20171110,100000,22705,23150,22550,23100,1435
20171110,103000,23083,23083,22883,23038,338
20171110,110000,22997,23408,22996,23406,1002
20171110,113000,23411,23492,22915,22915,1076
20171110,120000,22915,23018,22702,22731,279
20171110,123000,22736,22773,22534,22582,199
20171110,130000,22601,22650,22350,22350,360
20171110,133000,22350,22626,22294,22555,320
20171110,140000,22490,22490,22350,22385,61
20171110,143000,22385,22510,22354,22510,64
20171110,150000,22392,22455,22392,22420,26
20171110,153000,22520,22570,22520,22550,60
20171110,160000,22549,22558,22310,22352,713
20171110,163000,22317,22410,22230,22405,206
20171110,170000,22410,22420,22353,22384,165
20171110,173000,22350,22377,22244,22277,186
20171110,180000,22266,22299,22225,22287,110
20171110,183000,22315,22347,22315,22347,2
20171110,193000,22342,22342,22342,22342,1
20171110,203000,22333,22340,22333,22340,2
20171110,210000,22285,22320,22285,22302,156
20171110,213000,22324,22340,22313,22313,94
20171110,220000,22334,22350,22334,22350,20
20171110,223000,22327,22350,22324,22350,151
20171110,230000,22340,22347,22325,22347,21
20171110,233000,22340,22350,22340,22350,2
20171113,100000,22291,22860,22150,22711,2488
20171113,103000,22671,22730,22590,22675,116
20171113,110000,22723,22733,22510,22600,63
20171113,113000,22630,22650,22490,22560,169
20171113,120000,22584,22614,22433,22500,91
20171113,123000,22484,22484,22350,22356,45
20171113,130000,22330,22419,22257,22419,44
20171113,133000,22457,22458,22360,22411,8
20171113,140000,22390,22390,22311,22347,19
20171113,143000,22338,22370,22338,22360,4
20171113,150000,22366,22407,22301,22301,17
20171113,153000,22283,22325,22257,22275,24
20171113,160000,22250,22286,22202,22245,37
20171113,163000,22245,22275,22239,22254,69
20171113,170000,22300,22334,22208,22334,740
20171113,173000,22300,22300,22229,22229,110
20171113,180000,22268,22289,22250,22256,59
20171113,190000,22289,22305,22287,22295,43
20171113,193000,22289,22289,22235,22279,45
20171113,200000,22277,22299,22275,22275,17
20171113,210000,22286,22286,22286,22286,1
20171113,220000,22311,22325,22280,22280,92
20171113,223000,22280,22280,22280,22280,5
20171113,230000,22300,22300,22285,22285,6
20171113,233000,22290,22295,22290,22295,3
20171114,100000,22258,22399,22202,22303,1189
20171114,103000,22303,22399,22303,22399,120
20171114,110000,22301,22689,22301,22609,433
20171114,113000,22635,22635,22548,22612,66
20171114,120000,22643,22652,22516,22516,35
20171114,123000,22512,22545,22506,22545,14
20171114,130000,22547,22650,22547,22600,73
20171114,133000,22570,22585,22557,22557,6
20171114,140000,22627,22627,22552,22556,6
20171114,143000,22527,22550,22500,22550,78
20171114,150000,22550,22581,22517,22550,12
20171114,153000,22537,22598,22530,22598,10
20171114,160000,22589,22646,22589,22610,66
20171114,163000,22643,22643,22579,22629,6
20171114,170000,22579,22579,22540,22547,6
20171114,173000,22549,22604,22549,22604,19
20171114,180000,22600,22715,22600,22654,920
20171114,183000,22686,22718,22661,22695,20
20171114,190000,22652,22737,22650,22737,150
20171114,193000,22747,22750,22741,22741,35
20171114,200000,22758,22772,22717,22717,76
20171114,203000,22708,22730,22708,22713,53
20171114,210000,22707,22720,22707,22720,3
20171114,213000,22720,22720,22720,22720,1
20171114,220000,22718,22730,22703,22730,370
20171114,223000,22710,22739,22708,22739,5
20171114,230000,22749,22759,22730,22730,58
20171114,233000,22762,22762,22735,22735,5
20171115,100000,22758,23129,22600,22850,909
20171115,103000,22858,22859,22656,22660,75
20171115,110000,22630,22890,22630,22884,74
20171115,113000,22867,22936,22796,22817,26
20171115,120000,22717,22830,22699,22830,59
20171115,130000,22717,22784,22707,22784,14
20171115,133000,22844,22879,22836,22836,22
20171115,140000,22854,22889,22806,22806,11
20171115,143000,22822,22850,22822,22850,6
20171115,150000,22895,22909,22800,22830,108
20171115,153000,22808,22868,22808,22808,13
20171115,160000,22790,22888,22790,22887,28
20171115,163000,22891,23000,22886,23000,626
20171115,170000,23009,23129,22990,23091,116
20171115,173000,23103,23151,22956,22969,94
20171115,180000,22973,23030,22925,23020,71
20171115,183000,23020,23035,23004,23016,21
20171115,190000,23070,23131,23040,23131,29
20171115,193000,23131,23131,23072,23072,26
20171115,200000,23073,23077,23066,23077,5
20171115,203000,23082,23088,23076,23076,21
20171115,210000,23080,23103,23080,23100,50
20171115,213000,23078,23078,23068,23068,13
20171115,220000,23036,23036,23011,23011,6
20171115,230000,23063,23095,23042,23090,16
20171115,233000,23076,23077,23056,23056,3
20171116,100000,23100,23100,22975,23047,147
20171116,103000,23060,23200,23057,23100,131
20171116,110000,23097,23097,23010,23010,28
20171116,113000,23003,23015,22795,22819,112
20171116,120000,22777,22780,22302,22390,582
20171116,123000,22403,22446,22300,22380,409
20171116,130000,22410,22590,22410,22588,417
20171116,133000,22533,22565,22507,22565,22
20171116,140000,22542,22629,22482,22629,130
20171116,143000,22619,22659,22500,22561,181
20171116,150000,22521,22600,22521,22546,80
20171116,153000,22550,22574,22550,22574,2
20171116,160000,22648,22689,22644,22677,41
20171116,163000,22651,22689,22607,22628,700
20171116,170000,22686,22819,22684,22819,906
20171116,173000,22829,23029,22820,23000,302
20171116,180000,23039,23155,22996,23155,694
20171116,183000,23140,23169,23103,23160,128
20171116,190000,23138,23222,23138,23222,110
20171116,193000,23187,23187,23130,23155,45
20171116,203000,23150,23218,23143,23180,67
20171116,210000,23161,23193,23148,23193,28
20171116,213000,23192,23192,23147,23190,25
20171116,220000,23198,23220,23197,23209,17
20171116,223000,23200,23209,23200,23209,107
20171116,230000,23219,23258,23219,23258,80
20171116,233000,23269,23269,23250,23250,3
20171117,100000,23217,23217,22957,22986,167
20171117,103000,22983,23192,22871,23151,1198
20171117,110000,23154,23209,23102,23110,1269
20171117,113000,23150,23200,23145,23200,62
20171117,120000,23198,23200,23152,23198,41
20171117,123000,23185,23185,23064,23123,489
20171117,130000,23150,23150,22984,23010,447
20171117,133000,22990,23071,22990,23060,56
20171117,140000,23066,23101,23066,23101,41
20171117,143000,23074,23074,23070,23070,19
20171117,150000,23017,23051,22997,23051,89
20171117,153000,23000,23044,23000,23044,25
20171117,160000,23030,23133,23030,23133,82
20171117,163000,23050,23050,23050,23050,1
20171117,170000,23040,23070,23014,23056,57
20171117,173000,23058,23122,23058,23100,82
20171117,180000,23133,23133,23103,23103,76
20171117,183000,23057,23057,23037,23037,5
20171117,193000,23055,23055,23050,23050,6
20171117,203000,23055,23062,23032,23060,27
20171117,210000,23040,23057,23040,23057,2
20171117,213000,23070,23070,23070,23070,1
20171117,220000,23046,23046,23040,23040,5
20171117,223000,23045,23045,23045,23045,1
20171117,230000,23058,23070,23033,23033,5
20171120,100000,23018,23018,22891,22980,105
20171120,103000,23000,23000,22930,22999,90
20171120,110000,23000,23073,22937,22939,916
20171120,113000,22929,22970,22888,22970,555
20171120,120000,22940,22950,22915,22940,36
20171120,123000,22925,22925,22903,22903,4
20171120,130000,22900,22964,22875,22964,75
20171120,133000,22922,22933,22922,22933,2
20171120,140000,22934,23018,22934,23018,23
20171120,143000,23021,23021,22969,22988,5
20171120,150000,22961,22961,22932,22932,8
20171120,153000,22930,22942,22913,22913,3
20171120,160000,22930,22954,22930,22954,2
20171120,163000,22950,22950,22920,22924,53
20171120,173000,22977,22978,22949,22950,75
20171120,180000,22947,22978,22947,22978,37
20171120,183000,22978,22997,22976,22976,36
20171120,190000,22984,23022,22984,23022,35
20171120,193000,23024,23024,23024,23024,1
20171120,200000,23009,23015,23009,23015,21
20171120,203000,23015,23015,22978,22978,71
20171120,210000,22985,22985,22983,22984,10
20171120,213000,22982,22986,22982,22986,12
20171120,220000,23009,23009,23009,23009,100
20171120,230000,22990,22990,22990,22990,1
20171121,100000,23026,23059,22917,23055,637
20171121,103000,23060,23209,23060,23121,636
20171121,110000,23080,23137,23075,23136,21
20171121,113000,23140,23251,23140,23235,335
20171121,120000,23240,23543,23230,23460,1606
20171121,123000,23488,23500,23393,23423,1276
20171121,130000,23436,23456,23398,23441,189
20171121,133000,23439,23669,23424,23560,1219
20171121,140000,23575,23722,23560,23674,2679
20171121,143000,23688,23710,23585,23619,552
20171121,150000,23634,23666,23616,23616,529
20171121,153000,23635,23744,23635,23720,383
20171121,160000,23730,23730,23639,23712,253
20171121,163000,23698,23698,23618,23655,167
20171121,170000,23634,23710,23634,23710,830
20171121,173000,23730,23800,23681,23681,297
20171121,180000,23677,23677,23470,23610,221
20171121,183000,23565,23610,23565,23589,23
20171121,190000,23565,23620,23565,23611,13
20171121,193000,23638,23650,23638,23650,64
20171121,200000,23650,23661,23628,23661,8
20171121,203000,23665,23665,23638,23638,5
20171121,210000,23638,23638,23616,23616,10
20171121,213000,23616,23636,23616,23636,4
20171121,230000,23636,23636,23636,23636,12
20171121,233000,23629,23636,23620,23620,18
20171122,100000,23715,23861,23639,23830,291
20171122,103000,23839,23900,23721,23721,280
20171122,110000,23711,23737,23661,23661,46
20171122,113000,23694,23705,23444,23559,240
20171122,120000,23573,23583,23391,23391,266
20171122,123000,23390,23462,23375,23459,63
20171122,130000,23423,23545,23418,23470,124
20171122,133000,23486,23509,23430,23434,26
20171122,140000,23437,23524,23437,23496,115
20171122,143000,23480,23480,23435,23444,37
20171122,150000,23430,23465,23401,23465,33
20171122,153000,23456,23456,23445,23445,2
20171122,160000,23498,23522,23415,23415,37
20171122,163000,23440,23459,23435,23459,9
20171122,170000,23458,23598,23458,23598,44
20171122,173000,23504,23566,23482,23495,63
20171122,180000,23500,23577,23500,23521,44
20171122,183000,23509,23509,23468,23468,3
20171122,190000,23539,23540,23500,23500,15
20171122,193000,23500,23500,23500,23500,1
20171122,203000,23493,23493,23490,23490,3
20171122,210000,23470,23470,23470,23470,2
20171122,213000,23510,23510,23510,23510,9
20171122,220000,23510,23531,23510,23531,52
20171122,223000,23500,23500,23491,23491,15
20171122,233000,23487,23487,23479,23479,6
20171123,100000,23575,23589,23306,23326,289
20171123,103000,23339,23380,23241,23241,371
20171123,110000,23245,23285,23144,23199,1879
20171123,113000,23204,23375,23204,23276,208
20171123,120000,23256,23330,23250,23270,36
20171123,123000,23265,23269,23230,23230,26
20171123,130000,23221,23221,23221,23221,5
20171123,133000,23233,23233,23118,23174,173
20171123,140000,23194,23215,23138,23138,55
20171123,143000,23139,23139,23065,23070,190
20171123,150000,23088,23116,23065,23096,690
20171123,153000,23087,23121,23051,23079,297
20171123,160000,23063,23104,23060,23093,121
20171123,163000,23091,23135,23052,23056,119
20171123,170000,23106,23106,23062,23068,247
20171123,173000,23059,23089,23030,23048,254
20171123,180000,23041,23118,23041,23056,50
20171123,183000,23073,23073,23037,23068,23
20171123,190000,23075,23079,23075,23079,5
20171123,193000,23060,23070,23060,23070,16
20171123,200000,23080,23085,23080,23080,3
20171123,203000,23077,23077,23066,23066,2
20171123,220000,23080,23080,23080,23080,1
20171123,230000,23084,23084,23074,23081,8
20171123,233000,23085,23085,23041,23041,5
20171124,100000,23031,23031,22830,22831,171
20171124,103000,22822,22868,22718,22808,436
20171124,110000,22824,22983,22806,22983,403
20171124,113000,22989,23200,22989,23200,654
20171124,120000,23177,23192,23066,23128,262
20171124,123000,23154,23191,23100,23133,270
20171124,130000,23116,23118,23110,23110,31
20171124,133000,23099,23109,23002,23037,197
20171124,140000,23075,23139,23074,23102,101
20171124,143000,23149,23256,23148,23191,402
20171124,150000,23191,23232,23190,23232,52
20171124,160000,23195,23286,23182,23268,434
20171124,163000,23272,23272,23253,23272,26
20171124,170000,23260,23266,23216,23223,74
20171124,173000,23229,23229,23210,23210,125
20171124,180000,23258,23258,23236,23236,57
20171124,183000,23258,23258,23258,23258,3
20171124,190000,23301,23359,23267,23295,429
20171124,193000,23291,23295,23277,23277,25
20171124,200000,23295,23295,23295,23295,1
20171124,203000,23295,23295,23270,23270,8
20171124,220000,23270,23270,23270,23270,10
20171124,223000,23280,23295,23280,23295,12
20171127,100000,23313,23375,23210,23210,524
20171127,103000,23210,23286,23150,23223,670
20171127,110000,23211,23211,23121,23208,60
20171127,113000,23156,23186,23085,23085,87
20171127,120000,23095,23124,23070,23108,29
20171127,123000,23143,23184,23098,23164,77
20171127,130000,23167,23167,23121,23121,16
20171127,133000,23118,23144,23108,23110,115
20171127,140000,23088,23117,23087,23111,41
20171127,143000,23102,23106,23090,23098,13
20171127,150000,23088,23088,23001,23015,74
20171127,153000,23015,23094,23012,23046,212
20171127,160000,23040,23087,23030,23072,19
20171127,163000,23052,23052,23033,23033,22
20171127,170000,23031,23083,22988,23083,69
20171127,173000,23066,23120,23043,23061,95
20171127,180000,23029,23088,23025,23088,231
20171127,183000,23137,23163,23131,23163,13
20171127,190000,23138,23166,23138,23138,7
20171127,193000,23113,23125,23113,23125,8
20171127,200000,23132,23132,23125,23125,6
20171127,203000,23123,23147,23123,23147,6
20171127,213000,23126,23126,23126,23126,3
20171127,223000,23170,23170,23170,23170,3
20171128,100000,23110,23110,22840,22924,607
20171128,103000,22882,22977,22833,22977,82
20171128,110000,22979,23094,22950,22973,290
20171128,113000,23023,23050,22995,23012,913
20171128,120000,23027,23027,22962,22991,296
20171128,123000,23000,23023,22979,22985,105
20171128,130000,22988,23026,22981,23026,139
20171128,133000,23034,23059,23011,23011,69
20171128,140000,22994,23032,22987,23008,83
20171128,143000,23025,23080,23023,23023,18
20171128,150000,23020,23035,23020,23032,9
20171128,153000,23041,23120,23041,23077,180
20171128,160000,23129,23310,23129,23224,431
20171128,163000,23221,23459,23221,23459,799
20171128,170000,23461,23490,23384,23419,254
20171128,173000,23426,23445,23404,23424,177
20171128,180000,23419,23471,23371,23471,73
20171128,183000,23461,23489,23461,23489,52
20171128,190000,23500,23549,23470,23549,58
20171128,193000,23550,23550,23525,23533,139
20171128,200000,23535,23594,23535,23576,29
20171128,203000,23580,23594,23552,23555,26
20171128,210000,23555,23556,23517,23537,36
20171128,213000,23520,23544,23470,23470,87
20171128,220000,23482,23520,23472,23520,32
20171128,223000,23520,23525,23509,23509,12
20171128,230000,23494,23505,23494,23505,20
20171129,100000,23460,23626,23402,23427,703
20171129,103000,23453,23659,23453,23568,1269
20171129,110000,23551,23600,23520,23567,316
20171129,113000,23562,23562,23446,23504,212
20171129,120000,23461,23486,23353,23368,399
20171129,123000,23355,23446,23339,23357,257
20171129,130000,23358,23437,23358,23399,126
20171129,133000,23398,23405,23303,23328,136
20171129,140000,23313,23313,23200,23266,307
20171129,143000,23252,23325,23233,23292,118
20171129,150000,23297,23433,23297,23339,612
20171129,153000,23335,23335,23215,23215,111
20171129,160000,23220,23265,23205,23245,168
20171129,163000,23227,23256,23211,23236,44
20171129,170000,23240,23362,23235,23359,127
20171129,173000,23369,23389,23316,23351,38
20171129,180000,23304,23368,23249,23276,169
20171129,183000,23279,23279,23260,23260,10
20171129,190000,23254,23282,23206,23230,65
20171129,193000,23230,23230,23168,23200,85
20171129,200000,23183,23197,23131,23131,85
20171129,203000,23162,23187,23162,23187,5
20171129,210000,23190,23195,23183,23195,7
20171129,220000,23200,23229,23198,23198,30
20171129,223000,23198,23198,23198,23198,3
20171129,233000,23248,23248,23189,23197,24
20171130,100000,23248,23258,23150,23213,91
20171130,103000,23203,23243,23190,23243,73
20171130,110000,23215,23350,23195,23329,127
20171130,113000,23320,23320,23256,23274,46
20171130,120000,23280,23359,23269,23342,76
20171130,123000,23335,23375,23326,23370,64
20171130,130000,23321,23321,23281,23284,22
20171130,133000,23294,23294,23263,23272,8
20171130,140000,23270,23274,23250,23274,36
20171130,143000,23234,23234,23210,23230,56
20171130,150000,23232,23232,23070,23087,239
20171130,153000,23069,23107,23041,23045,155
20171130,160000,23041,23104,23013,23040,215
20171130,163000,23065,23100,23050,23100,52
20171130,170000,23110,23113,23007,23019,158
20171130,173000,23010,23010,22900,22912,583
20171130,180000,22900,22961,22841,22841,328
20171130,183000,22866,22903,22750,22903,326
20171130,190000,22859,22975,22839,22904,239
20171130,193000,22900,22947,22900,22940,81
20171130,200000,22937,22973,22937,22939,38
20171130,203000,22917,22950,22917,22917,27
20171130,213000,22898,22898,22851,22882,51
20171130,220000,22879,22879,22879,22879,1
20171130,230000,22923,22928,22923,22928,4
20171130,233000,22918,22932,22909,22932,17
20171201,100000,22892,23059,22880,22990,187
20171201,103000,22999,22999,22910,22962,113
20171201,110000,22940,22940,22770,22805,335
20171201,113000,22790,22790,22630,22734,505
20171201,120000,22734,22739,22581,22700,264
20171201,123000,22734,22903,22734,22885,538
20171201,130000,22910,22976,22895,22903,1124
20171201,133000,22917,22924,22851,22894,330
20171201,140000,22891,22941,22838,22856,191
20171201,143000,22871,22876,22736,22837,126
20171201,150000,22829,22830,22735,22761,81
20171201,153000,22744,22750,22665,22665,119
20171201,160000,22683,22720,22675,22716,38
20171201,163000,22703,22772,22630,22640,188
20171201,170000,22644,22789,22644,22748,211
20171201,173000,22717,22724,22648,22650,31
20171201,180000,22654,22682,22616,22650,147
20171201,183000,22630,22658,22620,22658,62
20171201,190000,22640,22640,22483,22520,221
20171201,193000,22512,22549,22453,22505,161
20171201,200000,22479,22552,22478,22500,26
20171201,203000,22500,22526,22492,22525,5
20171201,210000,22531,22531,22488,22495,74
20171201,213000,22489,22496,22461,22461,40
20171201,220000,22454,22477,22454,22475,5
20171201,223000,22479,22494,22479,22494,9
20171201,230000,22497,22510,22497,22500,43
20171201,233000,22504,22522,22500,22522,41
20171204,100000,22550,22750,22550,22600,873
20171204,103000,22585,22585,22432,22528,421
20171204,110000,22538,22660,22458,22582,1304
20171204,113000,22574,22660,22570,22622,183
20171204,120000,22607,22628,22578,22628,38
20171204,123000,22588,22892,22588,22892,636
20171204,130000,22897,22925,22836,22836,661
20171204,133000,22850,22871,22790,22850,270
20171204,140000,22838,22860,22803,22823,66
20171204,143000,22845,22929,22845,22885,97
20171204,150000,22920,22940,22828,22839,205
20171204,153000,22844,22915,22841,22887,207
20171204,160000,22865,22925,22865,22890,90
20171204,163000,22894,22900,22894,22900,101
20171204,170000,22900,22969,22873,22969,126
20171204,173000,22978,23019,22920,22982,504
20171204,180000,22980,22982,22878,22878,156
20171204,183000,22861,22895,22849,22895,19
20171204,190000,22901,22925,22881,22896,48
20171204,193000,22896,22896,22890,22890,12
20171204,203000,22879,22887,22868,22887,10
20171204,210000,22887,22887,22854,22876,13
20171204,213000,22892,22892,22892,22892,1
20171204,220000,22896,22897,22842,22843,90
20171204,223000,22836,22836,22825,22830,35
20171204,230000,22832,22834,22808,22834,28
20171204,233000,22830,22833,22810,22833,44
20171205,100000,22810,22883,22657,22738,883
20171205,103000,22739,22883,22712,22834,464
20171205,110000,22843,22868,22822,22848,51
20171205,113000,22838,22839,22750,22810,83
20171205,120000,22748,22785,22717,22785,73
20171205,123000,22763,22814,22720,22781,89
20171205,130000,22801,22801,22741,22748,197
20171205,133000,22760,22762,22684,22708,247
20171205,140000,22692,22714,22653,22681,128
20171205,143000,22701,22734,22665,22665,35
20171205,150000,22650,22749,22650,22720,136
20171205,153000,22728,22757,22720,22732,14
20171205,160000,22686,22818,22680,22762,882
20171205,163000,22761,22883,22751,22868,1374
20171205,170000,22870,22880,22812,22834,231
20171205,173000,22809,22830,22795,22823,762
20171205,180000,22823,22823,22781,22818,569
20171205,183000,22820,22850,22820,22838,21
20171205,190000,22849,22849,22849,22849,1
20171205,193000,22813,22813,22790,22790,11
20171205,200000,22757,22777,22728,22777,40
20171205,203000,22792,22807,22771,22807,41
20171205,210000,22773,22773,22773,22773,8
20171205,213000,22783,22783,22783,22783,5
20171205,220000,22800,22800,22787,22787,5
20171205,223000,22781,22781,22775,22775,2
20171205,230000,22764,22775,22764,22775,10
20171205,233000,22750,22750,22750,22750,1
20171206,100000,22732,22732,22602,22681,334
20171206,103000,22680,22717,22660,22665,207
20171206,110000,22699,22869,22656,22862,1154
20171206,113000,22864,22917,22844,22847,898
20171206,120000,22846,22867,22846,22864,619
20171206,123000,22864,22864,22808,22857,101
20171206,130000,22837,22887,22833,22872,17
20171206,133000,22859,22887,22843,22843,77
20171206,140000,22824,22850,22795,22850,86
20171206,143000,22851,22855,22814,22827,462
20171206,150000,22842,22891,22842,22866,1295
20171206,153000,22866,22866,22826,22840,92
20171206,160000,22849,22885,22846,22869,111
20171206,163000,22850,22850,22832,22838,20
20171206,170000,22878,22879,22864,22874,26
20171206,173000,22865,22908,22850,22892,381
20171206,180000,22892,22933,22807,22810,950
20171206,183000,22794,22810,22778,22810,2079
20171206,190000,22801,22801,22722,22722,56
20171206,193000,22707,22724,22697,22703,39
20171206,200000,22710,22725,22710,22722,12
20171206,210000,22745,22757,22730,22757,48
20171206,213000,22749,22760,22749,22760,6
20171206,220000,22751,22751,22731,22751,31
20171206,223000,22750,22750,22750,22750,5
20171206,230000,22750,22750,22727,22727,67
20171206,233000,22737,22740,22737,22740,4
20171207,100000,22743,22850,22740,22850,779
20171207,103000,22850,22886,22815,22853,176
20171207,110000,22861,22880,22808,22852,390
20171207,113000,22870,22880,22842,22880,535
20171207,120000,22880,22880,22829,22829,317
20171207,123000,22818,22832,22750,22752,513
20171207,130000,22766,22791,22730,22730,273
20171207,133000,22725,22768,22724,22738,95
20171207,140000,22734,22778,22720,22769,199
20171207,143000,22760,22760,22654,22688,182
20171207,150000,22688,22688,22506,22600,1278
20171207,153000,22644,22681,22537,22537,1246
20171207,160000,22537,22740,22525,22683,1745
20171207,163000,22680,22680,22369,22387,1299
20171207,170000,22380,22474,22370,22472,334
20171207,173000,22463,22463,22350,22380,769
20171207,180000,22375,22467,22363,22430,248
20171207,183000,22441,22460,22422,22422,94
20171207,190000,22410,22410,22350,22350,178
20171207,193000,22344,22390,22333,22390,37
20171207,200000,22395,22406,22350,22366,117
20171207,203000,22355,22398,22353,22391,23
20171207,210000,22410,22418,22393,22418,34
20171207,213000,22419,22421,22398,22420,31
20171207,220000,22421,22422,22421,22422,2
20171207,223000,22414,22414,22384,22399,49
20171207,230000,22399,22400,22395,22395,65
20171207,233000,22420,22430,22420,22430,3
20171208,100000,22450,22595,22411,22563,1531
20171208,103000,22568,22625,22540,22621,274
20171208,110000,22628,22718,22628,22688,1921
20171208,113000,22685,22722,22615,22640,916
20171208,120000,22639,22639,22575,22593,634
20171208,123000,22581,22685,22580,22654,391
20171208,130000,22662,22697,22631,22631,110
20171208,133000,22628,22668,22602,22658,148
20171208,140000,22634,22634,22573,22626,221
20171208,143000,22626,22650,22600,22610,312
20171208,150000,22612,22642,22612,22632,157
20171208,153000,22630,22630,22571,22617,176
20171208,160000,22624,22683,22610,22610,98
20171208,163000,22601,22601,22535,22580,601
20171208,170000,22592,22678,22587,22630,678
20171208,173000,22607,22607,22525,22583,768
20171208,180000,22617,22617,22490,22491,1161
20171208,183000,22507,22525,22507,22525,4
20171208,190000,22535,22548,22513,22523,76
20171208,193000,22543,22574,22541,22574,14
20171208,200000,22577,22580,22566,22566,101
20171208,203000,22562,22570,22536,22536,55
20171208,210000,22544,22567,22544,22567,16
20171208,213000,22574,22575,22574,22575,10
20171208,220000,22571,22571,22571,22571,1
20171208,223000,22550,22550,22544,22546,74
20171208,230000,22577,22594,22575,22594,68
20171208,233000,22580,22600,22579,22600,24
20171211,100000,22608,22677,22605,22635,860
20171211,103000,22636,22646,22550,22588,376
20171211,110000,22598,22768,22593,22730,1843
20171211,113000,22749,22800,22719,22770,1609
20171211,120000,22769,22829,22760,22820,2622
20171211,123000,22820,22856,22774,22786,2752
20171211,130000,22803,22885,22798,22840,1106
20171211,133000,22842,22859,22806,22851,411
20171211,140000,22855,22885,22837,22851,783
20171211,143000,22856,22856,22809,22826,503
20171211,150000,22822,22822,22781,22804,193
20171211,153000,22797,22870,22772,22845,404
20171211,160000,22857,22857,22824,22843,151
20171211,163000,22842,22870,22820,22853,417
20171211,170000,22844,22870,22804,22804,230
20171211,173000,22838,22985,22819,22981,1306
20171211,180000,22987,23090,22952,23090,1959
20171211,183000,23092,23159,23092,23122,1512
20171211,190000,23139,23202,23128,23186,658
20171211,193000,23180,23225,23180,23222,184
20171211,200000,23229,23250,23200,23203,466
20171211,203000,23210,23228,23208,23228,30
20171211,210000,23218,23238,23211,23238,48
20171211,213000,23223,23231,23188,23231,318
20171211,220000,23241,23248,23223,23240,104
20171211,223000,23214,23225,23214,23220,45
20171211,230000,23215,23249,23211,23240,144
20171211,233000,23244,23244,23218,23241,388
20171212,100000,23249,23444,23215,23285,3364
20171212,103000,23282,23284,23217,23248,896
20171212,110000,23220,23263,23123,23128,1020
20171212,113000,23137,23180,23074,23084,1456
20171212,120000,23076,23121,23020,23087,621
20171212,123000,23087,23172,23072,23160,353
20171212,130000,23164,23190,23081,23115,564
20171212,133000,23106,23150,23084,23150,366
20171212,140000,23117,23145,23101,23122,493
20171212,143000,23124,23160,23107,23130,769
20171212,150000,23124,23224,23071,23187,2650
20171212,153000,23169,23171,23114,23142,836
20171212,160000,23136,23196,23118,23173,869
20171212,163000,23164,23179,23129,23160,790
20171212,170000,23160,23224,23152,23191,1187
20171212,173000,23170,23177,23125,23170,367
20171212,180000,23169,23180,23139,23167,546
20171212,183000,23159,23185,23146,23185,110
20171212,190000,23200,23223,23168,23189,184
20171212,193000,23182,23194,23148,23149,123
20171212,200000,23135,23170,23129,23160,134
20171212,203000,23160,23194,23160,23161,23
20171212,210000,23150,23160,23144,23148,81
20171212,213000,23143,23143,23125,23130,41
20171212,220000,23130,23135,23117,23134,156
20171212,223000,23135,23136,23129,23130,287
20171212,230000,23136,23150,23127,23138,387
20171212,233000,23149,23154,23111,23111,110
20171213,100000,23130,23260,23129,23236,2102
20171213,103000,23230,23230,23180,23198,233
20171213,110000,23226,23226,23017,23017,1921
20171213,113000,23017,23076,23000,23049,1173
20171213,120000,23040,23105,23024,23077,485
20171213,123000,23051,23208,22949,22952,2760
20171213,130000,22943,23043,22662,22700,3969
20171213,133000,22690,22747,22557,22658,3643
20171213,140000,22653,22700,22640,22675,519
20171213,143000,22674,22700,22634,22676,523
20171213,150000,22666,22680,22565,22570,1706
20171213,153000,22570,22636,22565,22584,4530
20171213,160000,22580,22603,22570,22581,842
20171213,163000,22587,22678,22570,22596,890
20171213,170000,22594,22610,22521,22589,888
20171213,173000,22591,22603,22517,22543,532
20171213,180000,22541,22585,22532,22544,741
20171213,183000,22554,22734,22554,22714,1108
20171213,190000,22694,22717,22644,22644,141
20171213,193000,22641,22660,22630,22660,247
20171213,200000,22667,22672,22645,22672,25
20171213,203000,22662,22673,22642,22673,61
20171213,210000,22673,22716,22673,22715,173
20171213,213000,22705,22727,22677,22721,300
20171213,220000,22721,22804,22710,22777,1219
20171213,223000,22743,22800,22723,22790,228
20171213,230000,22783,22796,22765,22765,77
20171213,233000,22774,22780,22774,22780,15
20171214,100000,22755,22799,22625,22751,1622
20171214,103000,22768,22844,22744,22833,2783
20171214,110000,22830,22835,22574,22588,4558
20171214,113000,22600,22735,22591,22723,812
20171214,120000,22725,22732,22615,22665,928
20171214,123000,22672,22828,22672,22828,1708
20171214,130000,22830,22860,22733,22770,1703
20171214,133000,22788,22895,22777,22882,1936
20171214,140000,22891,22950,22875,22924,1476
20171214,143000,22928,22930,22765,22823,1588
20171214,150000,22825,22977,22808,22948,1599
20171214,153000,22947,23124,22909,23114,2618
20171214,160000,23118,23244,23110,23172,4159
20171214,163000,23170,23187,23139,23139,747
20171214,170000,23161,23200,23088,23162,1903
20171214,173000,23162,23233,23142,23233,2142
20171214,180000,23234,23350,23219,23334,5243
20171214,183000,23340,23395,23316,23390,2207
20171214,190000,23390,23441,23350,23369,1035
20171214,193000,23357,23369,23265,23341,663
20171214,200000,23342,23369,23342,23369,442
20171214,203000,23371,23374,23352,23363,35
20171214,210000,23363,23363,23319,23340,167
20171214,213000,23340,23370,23331,23342,132
20171214,220000,23349,23374,23346,23358,137
20171214,223000,23356,23371,23343,23343,261
20171214,230000,23342,23364,23341,23352,63
20171214,233000,23364,23376,23306,23331,336
20171215,100000,23322,23406,23228,23362,3273
20171215,103000,23369,23414,23201,23207,3270
20171215,110000,23204,23239,23095,23119,6571
20171215,113000,23115,23194,23026,23166,4481
20171215,120000,23160,23184,23101,23101,855
20171215,123000,23101,23144,23078,23090,863
20171215,130000,23084,23205,23070,23166,1537
20171215,133000,23155,23267,23124,23215,4175
20171215,140000,23232,23236,23155,23176,1604
20171215,143000,23172,23237,23157,23164,1321
20171215,150000,23171,23181,23102,23146,1826
20171215,153000,23139,23196,23133,23189,482
20171215,160000,23185,23185,23100,23130,4605
20171215,163000,23130,23140,23111,23120,3395
20171215,170000,23116,23126,23007,23091,3012
20171215,173000,23097,23120,23060,23111,2774
20171215,180000,23107,23170,23096,23136,5426
20171215,183000,23143,23180,23101,23180,727
20171215,190000,23135,23145,23111,23121,245
20171215,193000,23120,23127,23101,23106,83
20171215,200000,23138,23151,23123,23132,98
20171215,203000,23148,23163,23143,23155,35
20171215,210000,23147,23152,23125,23135,28
20171215,213000,23136,23154,23136,23154,49
20171215,220000,23150,23165,23143,23143,127
20171215,223000,23135,23166,23135,23145,284
20171215,230000,23136,23136,23117,23122,83
20171215,233000,23147,23149,23023,23023,142
20171218,100000,23056,23246,23056,23232,3919
20171218,103000,23234,23308,23205,23297,2634
20171218,110000,23296,23325,23217,23252,4732
20171218,113000,23251,23270,23225,23263,2241
20171218,120000,23264,23278,23210,23239,1521
20171218,123000,23239,23249,23145,23180,2135
20171218,130000,23187,23235,23150,23158,1974
20171218,133000,23167,23170,23122,23139,1398
20171218,140000,23135,23185,23081,23120,1173
20171218,143000,23116,23160,23103,23138,808
20171218,150000,23137,23217,23121,23187,2519
20171218,153000,23188,23199,23089,23111,1803
20171218,160000,23106,23178,23099,23130,2907
20171218,163000,23130,23131,23082,23090,746
20171218,170000,23090,23090,22982,23067,2776
20171218,173000,23058,23220,23052,23192,3166
20171218,180000,23196,23242,23149,23180,2001
20171218,183000,23181,23181,23150,23156,751
20171218,190000,23165,23180,23122,23149,339
20171218,193000,23135,23158,23128,23155,177
20171218,200000,23155,23166,23145,23145,45
20171218,203000,23145,23180,23133,23159,301
20171218,210000,23148,23178,23147,23178,137
20171218,213000,23175,23179,23160,23164,173
20171218,220000,23164,23164,23149,23158,57
20171218,223000,23153,23168,23153,23155,37
20171218,230000,23154,23165,23149,23158,98
20171218,233000,23153,23168,23120,23120,422
20171219,100000,23147,23205,23097,23147,5602
20171219,103000,23140,23249,23110,23192,6715
20171219,110000,23200,23208,23063,23100,9078
20171219,113000,23101,23118,22867,22930,12801
20171219,120000,22928,22988,22897,22972,6036
20171219,123000,22973,23046,22962,23000,6107
20171219,130000,22981,22985,22931,22954,1357
20171219,133000,22948,22960,22840,22847,3132
20171219,140000,22840,22892,22800,22846,3828
20171219,143000,22848,22863,22793,22850,3813
20171219,150000,22858,22868,22803,22850,4124
20171219,153000,22860,22960,22860,22940,4246
20171219,160000,22940,23007,22925,23004,3524
20171219,163000,23006,23009,22955,22992,2914
20171219,170000,22993,23020,22920,22930,4628
20171219,173000,22929,23009,22926,22971,3204
20171219,180000,22968,22986,22922,22953,2641
20171219,183000,22959,22962,22883,22883,1100
20171219,190000,22860,22930,22860,22898,2555
20171219,193000,22899,22900,22880,22885,514
20171219,200000,22890,22900,22869,22896,370
20171219,203000,22890,22900,22884,22898,774
20171219,210000,22899,22907,22883,22895,1276
20171219,213000,22904,22904,22880,22884,457
20171219,220000,22886,22899,22881,22897,590
20171219,223000,22894,22900,22886,22892,301
20171219,230000,22897,22897,22891,22896,44
20171219,233000,22896,22930,22889,22910,404
20171220,100000,22919,22942,22705,22726,14492
20171220,103000,22718,22808,22694,22795,6747
20171220,110000,22795,22866,22712,22844,10307
20171220,113000,22839,22928,22762,22830,13039
20171220,120000,22831,22937,22831,22852,10945
20171220,123000,22855,22885,22828,22849,5197
20171220,130000,22846,22920,22845,22912,6566
20171220,133000,22912,22920,22862,22885,7543
20171220,140000,22886,22911,22874,22896,3856
20171220,143000,22890,22966,22872,22935,7008
20171220,150000,22935,22997,22931,22969,8489
20171220,153000,22975,23017,22966,23002,10915
20171220,160000,22996,23006,22962,22999,6941
20171220,163000,23000,23095,22999,23047,17164
20171220,170000,23042,23055,23008,23049,4993
20171220,173000,23047,23075,23043,23066,5477
20171220,180000,23063,23080,23049,23062,3930
20171220,183000,23066,23105,23043,23070,4950
20171220,190000,23057,23104,23050,23090,2382
20171220,193000,23090,23100,23053,23086,1797
20171220,200000,23070,23086,23055,23069,702
20171220,203000,23071,23089,23051,23060,758
20171220,210000,23057,23070,23050,23065,460
20171220,213000,23061,23087,23059,23074,576
20171220,220000,23070,23087,23057,23072,535
20171220,223000,23072,23073,23057,23066,485
20171220,230000,23063,23069,23050,23059,815
20171220,233000,23059,23070,23033,23053,1266
20171221,100000,23070,23169,23010,23147,24335
20171221,103000,23145,23148,23062,23078,20910
20171221,110000,23076,23078,22942,22976,35373
20171221,113000,22975,22975,22864,22868,25613
20171221,120000,22864,22959,22854,22932,25658
20171221,123000,22932,22936,22839,22865,21798
20171221,130000,22865,22873,22799,22829,23610
20171221,133000,22830,22845,22758,22771,24209
20171221,140000,22786,22898,22780,22887,17371
20171221,143000,22891,22893,22826,22834,15865
20171221,150000,22833,22875,22826,22867,8033
20171221,153000,22867,22880,22849,22869,11894
20171221,160000,22868,22907,22840,22875,13353
20171221,163000,22875,22879,22745,22799,21449
20171221,170000,22801,22858,22785,22838,9619
20171221,173000,22834,22844,22601,22619,43642
20171221,180000,22622,22736,22614,22705,15809
20171221,183000,22708,22751,22702,22706,6487
20171221,190000,22716,22750,22673,22726,2712
20171221,193000,22728,22755,22706,22755,4305
20171221,200000,22754,22830,22746,22787,9899
20171221,203000,22787,22797,22773,22788,932
20171221,210000,22789,22792,22773,22785,706
20171221,213000,22788,22798,22780,22792,906
20171221,220000,22792,22825,22792,22813,1653
20171221,223000,22809,22816,22791,22794,807
20171221,230000,22793,22797,22781,22789,454
20171221,233000,22788,22805,22780,22798,944
20171222,100000,22790,22822,22671,22675,20498
20171222,103000,22676,22763,22675,22712,10112
20171222,110000,22711,22776,22711,22757,12626
20171222,113000,22757,22851,22750,22839,19761
20171222,120000,22839,22873,22773,22797,15233
20171222,123000,22797,22864,22757,22764,15617
20171222,130000,22766,22777,22701,22720,12767
20171222,133000,22719,22725,22657,22720,13333
20171222,140000,22715,22718,22628,22668,10418
20171222,143000,22665,22739,22663,22687,7083
20171222,150000,22686,22720,22521,22590,24010
20171222,153000,22590,22627,22509,22554,21162
20171222,160000,22554,22615,22544,22609,6285
20171222,163000,22607,22660,22587,22638,9063
20171222,170000,22637,22642,22528,22544,16796
20171222,173000,22544,22625,22515,22557,12304
20171222,180000,22560,22589,22538,22572,6889
20171222,183000,22573,22591,22557,22557,3956
20171222,190000,22542,22610,22510,22602,5152
20171222,193000,22605,22628,22552,22571,6188
20171222,200000,22569,22620,22556,22599,3015
20171222,203000,22602,22610,22590,22603,852
20171222,210000,22603,22625,22590,22605,1634
20171222,213000,22601,22605,22593,22599,496
20171222,220000,22599,22605,22581,22598,1266
20171222,223000,22597,22599,22574,22595,734
20171222,230000,22595,22627,22591,22623,1129
20171222,233000,22622,22649,22604,22604,2964
20171225,100000,22628,22699,22556,22573,20921
20171225,103000,22575,22712,22573,22675,22067
20171225,110000,22677,22725,22634,22677,12940
20171225,113000,22677,22700,22657,22697,9200
20171225,120000,22700,22703,22663,22670,8596
20171225,123000,22673,22701,22660,22700,7764
20171225,130000,22700,22702,22668,22676,5478
20171225,133000,22679,22700,22672,22688,16230
20171225,140000,22687,22703,22676,22691,3525
20171225,143000,22691,22785,22680,22784,14017
20171225,150000,22784,22790,22701,22709,11286
20171225,153000,22710,22747,22702,22709,5034
20171225,160000,22709,22764,22665,22757,15301
20171225,163000,22758,22806,22734,22795,21603
20171225,170000,22795,22818,22757,22774,10068
20171225,173000,22774,22785,22751,22762,4307
20171225,180000,22767,22775,22744,22750,3029
20171225,183000,22751,22781,22747,22774,3062
20171225,190000,22784,22800,22755,22769,1146
20171225,193000,22769,22777,22756,22761,523
20171225,200000,22759,22765,22751,22760,303
20171225,203000,22757,22760,22750,22754,200
20171225,210000,22752,22764,22752,22763,223
20171225,213000,22761,22765,22754,22761,196
20171225,220000,22758,22762,22745,22749,306
20171225,223000,22749,22750,22738,22745,350
20171225,230000,22740,22746,22725,22735,958
20171225,233000,22736,22745,22721,22723,860
20171226,100000,22733,22783,22660,22686,20144
20171226,103000,22687,22707,22537,22566,36141
20171226,110000,22564,22640,22555,22619,12246
20171226,113000,22617,22648,22600,22641,5458
20171226,120000,22637,22672,22599,22604,8199
20171226,123000,22603,22620,22551,22555,9055
20171226,130000,22554,22606,22550,22584,7609
20171226,133000,22583,22597,22520,22572,10093
20171226,140000,22575,22630,22563,22595,6307
20171226,143000,22595,22599,22563,22573,2960
20171226,150000,22569,22603,22547,22587,4586
20171226,153000,22585,22627,22561,22619,5372
20171226,160000,22618,22653,22602,22606,9718
20171226,163000,22609,22706,22609,22680,11077
20171226,170000,22680,22775,22678,22739,17718
20171226,173000,22739,22796,22713,22788,12071
20171226,180000,22791,22820,22767,22793,15313
20171226,183000,22796,22832,22780,22832,7694
20171226,190000,22782,23299,22782,22877,16457
20171226,193000,22873,22915,22856,22908,2936
20171226,200000,22908,22908,22870,22890,934
20171226,203000,22890,22899,22872,22892,766
20171226,210000,22889,22952,22881,22920,2719
20171226,213000,22916,22934,22912,22929,1090
20171226,220000,22928,22940,22918,22919,1536
20171226,223000,22918,22931,22910,22916,804
20171226,230000,22923,22935,22916,22928,385
20171226,233000,22926,22930,22875,22882,2494
20171227,100000,22874,22896,22722,22736,27372
20171227,103000,22735,22799,22712,22743,10013
20171227,110000,22741,22846,22741,22804,18734
20171227,113000,22801,22826,22788,22820,4592
20171227,120000,22820,22829,22774,22820,7152
20171227,123000,22819,22870,22791,22830,10358
20171227,130000,22837,22906,22820,22868,10174
20171227,133000,22868,22916,22841,22867,7764
20171227,140000,22866,22891,22842,22857,4594
20171227,143000,22857,22870,22796,22838,7719
20171227,150000,22843,22864,22765,22794,11743
20171227,153000,22788,22854,22763,22768,8140
20171227,160000,22775,22897,22761,22864,18991
20171227,163000,22868,23067,22852,23067,49586
20171227,170000,23067,23139,23001,23025,46738
20171227,173000,23028,23076,23007,23066,14345
20171227,180000,23072,23123,23057,23088,14808
20171227,183000,23089,23127,23080,23125,6263
20171227,190000,23129,23213,23127,23134,7649
20171227,193000,23140,23193,23133,23184,2177
20171227,200000,23186,23195,23148,23160,2148
20171227,203000,23160,23170,23145,23170,1544
20171227,210000,23170,23175,23145,23156,1389
20171227,213000,23154,23164,23131,23162,1495
20171227,220000,23155,23180,23150,23175,2799
20171227,223000,23174,23178,23160,23163,577
20171227,230000,23162,23167,23158,23160,477
20171227,233000,23164,23166,23110,23136,2325
20171228,100000,23111,23140,22955,22978,29506
20171228,103000,22976,23021,22912,22940,17083
20171228,110000,22941,22982,22872,22937,15817
20171228,113000,22935,22975,22855,22863,14918
20171228,120000,22863,22930,22830,22887,13455
20171228,123000,22883,22917,22853,22904,9174
20171228,130000,22904,22955,22899,22938,4154
20171228,133000,22938,22943,22867,22879,7171
20171228,140000,22885,22901,22854,22870,4695
20171228,143000,22870,22870,22790,22810,12011
20171228,150000,22810,22847,22804,22841,5250
20171228,153000,22840,22842,22751,22794,15355
20171228,160000,22799,22870,22741,22758,11272
20171228,163000,22756,22814,22730,22809,10121
20171228,170000,22810,22835,22768,22790,6877
20171228,173000,22785,22849,22706,22747,15071
20171228,180000,22753,22811,22725,22747,7295
20171228,183000,22747,22757,22662,22692,7796
20171228,190000,22720,22758,22720,22755,2174
20171228,193000,22757,22757,22725,22751,1225
20171228,200000,22752,22759,22749,22755,555
20171228,203000,22756,22757,22736,22737,419
20171228,210000,22743,22749,22735,22735,176
20171228,213000,22734,22750,22729,22735,316
20171228,220000,22737,22767,22737,22763,945
20171228,223000,22762,22777,22748,22749,451
20171228,230000,22749,22770,22747,22767,254
20171228,233000,22767,22770,22747,22766,789
20171229,100000,22770,22855,22684,22799,17250
20171229,103000,22794,22869,22794,22848,6210
20171229,110000,22845,22888,22794,22824,14459
20171229,113000,22826,22852,22801,22838,6609
20171229,120000,22835,22852,22805,22825,3076
20171229,123000,22818,22851,22817,22838,2904
20171229,130000,22842,22866,22810,22838,4414
20171229,133000,22842,22908,22838,22888,11872
20171229,140000,22865,22893,22839,22878,5001
20171229,143000,22879,22947,22872,22943,10876
20171229,150000,22947,22969,22919,22959,8906
20171229,153000,22960,22962,22893,22916,4524
20171229,160000,22915,22945,22906,22919,2404
20171229,163000,22918,22936,22910,22926,2157
20171229,170000,22925,22982,22923,22930,4596
20171229,173000,22931,23009,22923,22981,13961
20171229,180000,22984,22987,22890,22913,6807
20171229,183000,22910,22925,22715,22784,8324
20180103,100000,22850,23200,22850,23063,27893
20180103,103000,23062,23282,23045,23207,22170
20180103,110000,23208,23387,23202,23380,34463
20180103,113000,23373,23423,23323,23324,18406
20180103,120000,23325,23363,23261,23295,9311
20180103,123000,23299,23369,23287,23363,6526
20180103,130000,23364,23378,23322,23350,7762
20180103,133000,23350,23440,23343,23403,11229
20180103,140000,23413,23550,23413,23518,21047
20180103,143000,23517,23559,23479,23493,9772
20180103,150000,23494,23545,23456,23507,12768
20180103,153000,23507,23618,23502,23609,13951
20180103,160000,23608,23634,23513,23612,14563
20180103,163000,23609,23621,23560,23576,10228
20180103,170000,23577,23600,23525,23557,4125
20180103,173000,23559,23588,23489,23529,10772
20180103,180000,23535,23535,23429,23480,12752
20180103,183000,23480,23516,23478,23507,5226
20180103,190000,23501,23555,23501,23538,2556
20180103,193000,23539,23547,23510,23547,1079
20180103,200000,23534,23571,23523,23543,1261
20180103,203000,23544,23603,23544,23600,2404
20180103,210000,23599,23604,23550,23557,2760
20180103,213000,23560,23570,23551,23570,684
20180103,220000,23570,23570,23516,23554,1308
20180103,223000,23553,23553,23531,23539,320
20180103,230000,23537,23539,23509,23535,1225
20180103,233000,23531,23568,23512,23523,1841
20180104,100000,23535,23732,23490,23539,39180
20180104,103000,23544,23581,23430,23467,21021
20180104,110000,23467,23745,23446,23710,38527
20180104,113000,23710,23725,23643,23715,14796
20180104,120000,23716,23788,23708,23745,15856
20180104,123000,23745,23894,23723,23878,15316
20180104,130000,23881,24021,23833,24001,23030
20180104,133000,24008,24147,24004,24083,30093
20180104,140000,24090,24110,23990,24017,16288
20180104,143000,24017,24029,23958,23984,11413
20180104,150000,23984,24038,23970,24019,7550
20180104,153000,24019,24086,24006,24065,8400
20180104,160000,24062,24070,23959,23981,14500
20180104,163000,23985,24097,23913,24060,21790
20180104,170000,24060,24087,24020,24087,10018
20180104,173000,24087,24299,24085,24247,26462
20180104,180000,24255,24270,24126,24146,15486
20180104,183000,24148,24203,24126,24160,4527
20180104,190000,24185,24252,24185,24231,3930
20180104,193000,24247,24258,24227,24233,1874
20180104,200000,24235,24260,24205,24259,1288
20180104,203000,24259,24260,24201,24216,1139
20180104,210000,24214,24214,24176,24189,1703
20180104,213000,24189,24206,24180,24206,380
20180104,220000,24207,24248,24181,24240,1538
20180104,223000,24240,24259,24198,24223,1698
20180104,230000,24216,24216,24153,24198,1957
20180104,233000,24193,24223,24150,24183,2411
20180105,100000,24183,24300,24060,24211,39974
20180105,103000,24216,24219,24012,24039,22293
20180105,110000,24042,24228,24039,24223,18862
20180105,113000,24224,24341,24221,24263,24098
20180105,120000,24257,24287,24151,24189,14755
20180105,123000,24185,24239,24159,24171,12295
20180105,130000,24170,24189,24074,24123,18483
20180105,133000,24125,24190,24110,24171,5924
20180105,140000,24155,24200,24138,24158,4362
20180105,143000,24148,24154,24111,24143,7757
20180105,150000,24138,24190,24125,24158,5625
20180105,153000,24150,24161,24079,24107,7033
20180105,160000,24106,24157,24101,24157,5334
20180105,163000,24152,24177,24098,24101,5545
20180105,170000,24104,24109,24028,24066,9674
20180105,173000,24066,24210,24062,24173,11416
20180105,180000,24173,24183,24121,24136,5839
20180105,183000,24137,24185,24126,24185,2176
20180105,190000,24189,24216,24175,24216,1678
20180105,193000,24213,24248,24177,24200,1850
20180105,200000,24199,24200,24186,24193,248
20180105,203000,24189,24194,24178,24188,249
20180105,210000,24187,24200,24172,24176,708
20180105,213000,24176,24189,24174,24189,346
20180105,220000,24187,24200,24176,24200,546
20180105,223000,24199,24228,24190,24219,883
20180105,230000,24215,24225,24203,24212,691
20180105,233000,24212,24285,24210,24219,1462
20180109,100000,24265,24304,24233,24260,36969
20180109,103000,24260,24324,24260,24310,18020
20180109,110000,24310,24626,24301,24588,76425
20180109,113000,24588,24614,24529,24574,20318
20180109,120000,24573,24674,24563,24631,18402
20180109,123000,24630,24717,24601,24683,15917
20180109,130000,24689,24700,24584,24611,12077
20180109,133000,24608,24618,24478,24544,17635
20180109,140000,24553,24592,24534,24569,8631
20180109,143000,24571,24584,24531,24553,4963
20180109,150000,24555,24566,24424,24474,17369
20180109,153000,24474,24498,24440,24457,10040
20180109,160000,24457,24498,24450,24495,4315
20180109,163000,24495,24495,24455,24470,5614
20180109,170000,24470,24472,24378,24418,13220
20180109,173000,24416,24459,24348,24354,15022
20180109,180000,24348,24352,24241,24309,27082
20180109,183000,24307,24377,24258,24286,7011
20180109,190000,24286,24322,24261,24313,4472
20180109,193000,24308,24357,24300,24340,2852
20180109,200000,24340,24354,24329,24338,1080
20180109,203000,24341,24342,24320,24335,742
20180109,210000,24335,24351,24313,24338,926
20180109,213000,24339,24355,24320,24346,790
20180109,220000,24346,24354,24333,24348,717
20180109,223000,24346,24365,24340,24353,1032
20180109,230000,24353,24385,24340,24360,1793
20180109,233000,24360,24382,24344,24375,1213
20180110,100000,24375,24448,24152,24224,41048
20180110,103000,24224,24258,24150,24226,20030
20180110,110000,24222,24230,24055,24139,38065
20180110,113000,24132,24140,24026,24044,16802
20180110,120000,24038,24262,24031,24209,26346
20180110,123000,24208,24311,24176,24280,17538
20180110,130000,24280,24329,24151,24195,18523
20180110,133000,24195,24250,24143,24181,12148
20180110,140000,24184,24234,24163,24211,6029
20180110,143000,24213,24265,24169,24178,8786
20180110,150000,24174,24193,24113,24156,8824
20180110,153000,24154,24165,24082,24135,7788
20180110,160000,24136,24163,24068,24076,6703
20180110,163000,24074,24133,24065,24100,11216
20180110,170000,24104,24148,24055,24075,10371
20180110,173000,24076,24134,24056,24071,9600
20180110,180000,24075,24161,24054,24133,14366
20180110,183000,24130,24158,24096,24121,4857
20180110,190000,24130,24134,24083,24097,2891
20180110,193000,24098,24130,24080,24117,1854
20180110,200000,24115,24141,24090,24095,1559
20180110,203000,24099,24106,24075,24083,1128
20180110,210000,24085,24111,24080,24106,645
20180110,213000,24106,24128,24101,24112,737
20180110,220000,24108,24124,24095,24108,525
20180110,223000,24107,24111,24080,24102,795
20180110,230000,24099,24104,24079,24090,807
20180110,233000,24096,24098,24071,24071,1151
20180111,100000,24070,24139,23880,23957,40218
20180111,103000,23950,24028,23949,23978,22803
20180111,110000,23980,23980,23833,23949,32785
20180111,113000,23953,24086,23905,24062,27920
20180111,120000,24056,24255,24055,24221,44432
20180111,123000,24222,24280,24177,24258,14746
20180111,130000,24257,24267,24186,24237,11447
20180111,133000,24238,24385,24224,24304,22152
20180111,140000,24304,24323,24256,24310,8335
20180111,143000,24313,24347,24277,24347,8635
20180111,150000,24341,24404,24324,24360,18490
20180111,153000,24360,24381,24305,24338,10064
20180111,160000,24341,24347,24219,24258,18466
20180111,163000,24257,24321,24232,24306,16684
20180111,170000,24298,24301,24090,24117,42748
20180111,173000,24118,24247,24083,24230,16710
20180111,180000,24231,24243,24173,24226,11451
20180111,183000,24225,24248,24167,24167,3776
20180111,190000,24197,24227,24180,24213,2837
20180111,193000,24213,24230,24180,24228,2132
20180111,200000,24228,24230,24216,24222,657
20180111,203000,24225,24230,24205,24205,866
20180111,210000,24205,24214,24182,24199,1066
20180111,213000,24194,24217,24194,24210,358
20180111,220000,24207,24207,24166,24170,1239
20180111,223000,24171,24196,24150,24189,1298
20180111,230000,24185,24207,24175,24186,994
20180111,233000,24190,24207,24165,24167,812
20180112,100000,24174,24198,24072,24131,19108
20180112,103000,24129,24136,24035,24058,15172
20180112,110000,24058,24150,24040,24124,19028
20180112,113000,24123,24145,24080,24125,8767
20180112,120000,24120,24214,24097,24151,21670
20180112,123000,24151,24157,24015,24030,22176
20180112,130000,24025,24073,23996,24039,16183
20180112,133000,24038,24107,24028,24066,10634
20180112,140000,24060,24070,23951,23962,13648
20180112,143000,23962,23994,23912,23967,14614
20180112,150000,23962,23990,23929,23985,7440
20180112,153000,23978,24080,23962,24064,13268
20180112,160000,24064,24123,24041,24104,10654
20180112,163000,24109,24159,24016,24021,15022
20180112,170000,24019,24056,23975,24040,15548
20180112,173000,24046,24115,24025,24082,10116
20180112,180000,24080,24096,24050,24072,6945
20180112,183000,24069,24098,24052,24098,2279
20180112,190000,24088,24088,24059,24070,1560
20180112,193000,24067,24073,24030,24045,1716
20180112,200000,24041,24096,24040,24074,2143
20180112,203000,24076,24078,24060,24074,541
20180112,210000,24064,24080,24056,24065,843
20180112,213000,24064,24097,24059,24089,1600
20180112,220000,24090,24116,24088,24113,1019
20180112,223000,24112,24135,24104,24131,1079
20180112,230000,24125,24132,24111,24129,804
20180112,233000,24128,24215,24121,24215,3024
20180115,100000,24215,24400,24159,24387,37950
20180115,103000,24387,24428,24272,24329,23842
20180115,110000,24329,24408,24316,24375,14854
20180115,113000,24379,24391,24267,24290,18737
20180115,120000,24286,24340,24258,24314,12000
20180115,123000,24314,24346,24274,24295,9971
20180115,130000,24292,24320,24230,24250,13875
20180115,133000,24253,24273,24233,24265,5104
20180115,140000,24265,24307,24254,24294,4865
20180115,143000,24296,24316,24268,24300,4554
20180115,150000,24299,24325,24216,24236,10192
20180115,153000,24236,24239,24151,24173,17704
20180115,160000,24172,24241,24163,24237,7354
20180115,163000,24236,24280,24216,24268,7179
20180115,170000,24263,24278,24217,24235,6011
20180115,173000,24239,24243,24174,24190,8383
20180115,180000,24191,24226,24190,24205,6148
20180115,183000,24205,24207,24100,24145,9045
20180115,190000,24130,24179,24116,24170,2631
20180115,193000,24168,24170,24107,24126,1964
20180115,200000,24123,24157,24119,24133,1523
20180115,203000,24138,24155,24127,24155,1206
20180115,210000,24154,24157,24145,24154,755
20180115,213000,24155,24155,24130,24130,769
20180115,220000,24138,24195,24120,24190,1339
20180115,223000,24190,24198,24137,24175,1614
20180115,230000,24175,24179,24151,24160,344
20180115,233000,24161,24169,24140,24149,880
20180116,100000,24159,24197,24112,24137,14883
20180116,103000,24138,24175,24130,24166,4241
20180116,110000,24164,24196,24151,24171,6409
20180116,113000,24165,24195,24073,24112,20703
20180116,120000,24110,24122,23897,23987,35598
20180116,123000,23987,24041,23970,23982,10033
20180116,130000,23982,24021,23971,24004,5480
20180116,133000,24004,24065,23979,24010,12209
20180116,140000,24010,24062,23957,24042,8849
20180116,143000,24044,24180,24036,24165,19176
20180116,150000,24161,24232,24147,24217,17711
20180116,153000,24216,24233,24160,24180,11254
20180116,160000,24184,24300,24164,24250,17260
20180116,163000,24255,24267,24186,24204,10091
20180116,170000,24198,24229,24166,24220,8314
20180116,173000,24221,24279,24162,24277,17102
20180116,180000,24278,24316,24172,24178,21279
20180116,183000,24180,24277,24177,24268,19223
20180116,190000,24240,24244,24195,24205,3751
20180116,193000,24209,24226,24175,24179,2430
20180116,200000,24185,24221,24173,24214,2066
20180116,203000,24220,24223,24205,24211,763
20180116,210000,24211,24220,24200,24220,552
20180116,213000,24218,24235,24205,24207,1022
20180116,220000,24206,24209,24158,24167,2017
20180116,223000,24167,24180,24123,24144,2236
20180116,230000,24146,24175,24134,24153,1082
20180116,233000,24149,24164,24125,24134,1742
20180117,100000,24152,24159,23971,24027,33225
20180117,103000,24034,24075,23980,24065,18063
20180117,110000,24065,24108,24043,24101,16966
20180117,113000,24099,24140,24077,24094,9391
20180117,120000,24101,24168,24087,24104,14664
20180117,123000,24106,24128,24054,24085,10156
20180117,130000,24080,24208,24075,24180,21381
20180117,133000,24180,24199,24134,24146,5747
20180117,140000,24150,24215,24142,24197,5369
20180117,143000,24200,24220,24177,24180,4321
20180117,150000,24178,24227,24146,24194,11082
20180117,153000,24195,24215,24171,24201,6434
20180117,160000,24197,24215,24152,24194,7286
20180117,163000,24188,24202,24134,24158,8070
20180117,170000,24158,24216,24115,24186,10212
20180117,173000,24188,24270,24169,24187,21407
20180117,180000,24187,24240,24177,24220,9557
20180117,183000,24218,24242,24160,24193,5096
20180117,190000,24211,24239,24166,24212,3629
20180117,193000,24209,24235,24204,24231,2200
20180117,200000,24229,24249,24220,24235,1525
20180117,203000,24233,24270,24208,24263,1917
20180117,210000,24265,24267,24239,24256,1632
20180117,213000,24256,24293,24248,24284,2346
20180117,220000,24281,24332,24275,24318,6287
20180117,223000,24313,24330,24313,24324,1379
20180117,230000,24329,24330,24249,24266,4979
20180117,233000,24268,24317,24266,24280,2450
20180118,100000,24310,24620,24290,24453,77431
20180118,103000,24452,24519,24393,24429,25288
20180118,110000,24430,24549,24335,24543,35645
20180118,113000,24541,24578,24454,24495,18031
20180118,120000,24502,24507,24381,24477,18858
20180118,123000,24477,24534,24440,24495,12286
20180118,130000,24495,24544,24486,24532,10301
20180118,133000,24534,24642,24487,24615,30663
20180118,140000,24617,24665,24557,24643,18433
20180118,143000,24643,24704,24619,24694,18083
20180118,150000,24694,24874,24674,24829,51158
20180118,153000,24828,24838,24757,24773,15825
20180118,160000,24773,24889,24742,24878,27660
20180118,163000,24874,24940,24854,24926,22439
20180118,170000,24929,24957,24859,24872,21396
20180118,173000,24874,24938,24874,24932,11509
20180118,180000,24932,24960,24813,24837,25344
20180118,183000,24830,24845,24794,24823,10011
20180118,190000,24833,24925,24810,24865,5907
20180118,193000,24860,24908,24860,24887,1883
20180118,200000,24889,24894,24875,24887,558
20180118,203000,24890,24894,24879,24891,1062
20180118,210000,24892,24922,24871,24912,1556
20180118,213000,24909,24916,24893,24915,818
20180118,220000,24914,24921,24903,24915,827
20180118,223000,24913,24984,24909,24952,3147
