20170920,231500,31405,31405,31405,31405,1
20170925,110000,30311,30311,30270,30271,64
20170925,121500,30205,30209,30199,30199,81
20170925,154500,30600,30600,30600,30600,10
20170925,203000,30798,30798,30798,30798,1
20170926,111500,31024,31205,31024,31205,27
20170927,101500,30810,30810,30810,30810,1
20170928,170000,31063,31063,31063,31063,1
20171002,103000,30788,30788,30788,30788,1
20171002,110000,30720,30720,30720,30720,5
20171002,114500,30685,30685,30685,30685,4
20171002,121500,30802,30802,30802,30802,3
20171002,161500,30750,30750,30730,30730,22
20171002,163000,30700,30700,30527,30527,4
20171002,220000,30530,30550,30530,30550,10
20171003,100000,30500,30525,30500,30525,28
20171003,134500,30593,30593,30585,30585,4
20171003,174500,30687,30687,30687,30687,2
20171004,223000,30450,30583,30450,30571,9
20171004,224500,30540,30540,30540,30540,1
20171004,233000,30452,30520,30452,30520,8
20171009,130000,30687,30688,30687,30688,2
20171009,131500,30732,30732,30695,30695,4
20171010,143000,30600,30600,30600,30600,1
20171010,174500,30673,30673,30673,30673,1
20171011,104500,30736,30750,30736,30750,2
20171011,111500,30800,30800,30800,30800,1
20171011,144500,30624,30624,30624,30624,1
20171012,124500,30617,30617,30617,30617,1
20171012,164500,30475,30475,30475,30475,1
20171012,190000,30600,30600,30600,30600,1
20171013,190000,30572,30572,30572,30572,1
20171016,110000,30320,30320,30320,30320,1
20171016,163000,30386,30386,30386,30386,3
20171016,174500,30386,30386,30386,30386,19
20171018,160000,30450,30450,30450,30450,1
20171019,190000,30000,30000,30000,30000,1
20171020,100000,30091,30091,30091,30091,10
20171020,101500,30120,30150,30120,30150,3
20171024,154500,30280,30280,30280,30280,1
20171024,233000,30415,30415,30415,30415,1
20171025,100000,30275,30414,30275,30414,121
20171025,101500,30404,30414,30352,30404,35
20171025,103000,30414,30471,30414,30445,7
20171025,104500,30437,30464,30437,30464,23
20171025,171500,30371,30371,30371,30371,2
20171025,174500,30315,30315,30315,30315,2
20171026,103000,30150,30150,30099,30099,2
20171026,163000,30026,30026,30026,30026,2
20171027,101500,30300,30300,30300,30300,1
20171027,133000,30450,30450,30450,30450,1
20171027,134500,30514,30514,30514,30514,1
20171027,154500,30580,30580,30580,30580,1
20171027,160000,30570,30570,30570,30570,8
20171027,164500,30503,30503,30503,30503,1
20171027,170000,30522,30522,30522,30522,2
20171027,173000,30509,30509,30509,30509,2
20171027,183000,30600,30750,30600,30750,3
20171030,104500,30600,30600,30600,30600,1
20171030,111500,30645,30645,30619,30619,40
20171030,113000,30750,30750,30750,30750,1
20171030,120000,30900,30900,30900,30900,1
20171030,143000,30980,30980,30980,30980,1
20171030,181500,30856,30856,30856,30856,5
20171030,183000,30856,30856,30750,30750,6
20171031,100000,30825,30920,30825,30920,31
20171031,110000,31000,31000,31000,31000,1
20171031,111500,31050,31111,31050,31111,2
20171031,130000,31150,31220,31150,31220,2
20171031,163000,31244,31244,31244,31244,1
20171031,183000,31173,31173,31173,31173,1
20171101,100000,31292,31292,31292,31292,1
20171101,104500,31384,31384,31351,31351,27
20171101,110000,31450,31500,31450,31500,2
20171101,161500,31523,31600,31523,31600,2
20171101,173000,31510,31510,31510,31510,1
20171101,231500,31442,31442,31442,31442,1
20171102,183000,31600,31600,31600,31600,3
20171102,224500,31677,31677,31677,31677,1
20171103,101500,31772,31772,31750,31750,2
20171103,103000,31800,31800,31800,31800,1
20171103,110000,31900,31900,31900,31900,1
20171103,121500,32050,32050,32050,32050,1
20171103,153000,31850,31850,31850,31850,1
20171103,164500,32050,32050,32050,32050,1
20171103,180000,31850,31850,31850,31850,1
20171103,224500,31918,31918,31918,31918,3
20171107,100000,32050,32250,32050,32250,2
20171107,101500,32400,32400,32400,32400,1
20171107,103000,32500,32500,32500,32500,1
20171107,104500,32594,32600,32594,32600,15
20171107,111500,32620,32750,32620,32750,46
20171107,120000,33000,33000,33000,33000,11
20171107,121500,33050,33098,33050,33098,10
20171107,140000,33200,33200,33200,33200,5
20171107,141500,33306,33314,33306,33314,2
20171107,143000,33400,33400,33400,33400,1
20171107,154500,33640,33640,33640,33640,4
20171107,164500,33353,33353,33353,33353,1
20171107,171500,33382,33416,33382,33416,2
20171107,173000,33506,33506,33506,33506,1
20171107,233000,33356,33356,33356,33356,1
20171108,100000,33341,33499,33341,33429,3
20171108,101500,33536,33600,33536,33600,13
20171108,104500,33700,33700,33700,33700,1
20171108,110000,33859,33859,33859,33859,1
20171108,174500,33700,33700,33700,33700,5
20171108,183000,33597,33635,33597,33635,10
20171109,103000,33400,33400,33100,33100,2
20171109,113000,33390,33400,33390,33400,2
20171109,120000,33380,33380,33380,33380,2
20171109,123000,33555,33555,33555,33555,2
20171109,143000,33490,33490,33490,33490,2
20171109,163000,33490,33490,33490,33490,2
20171110,100000,33589,33589,33589,33589,1
20171110,101500,33628,33644,33594,33594,15
20171110,144500,33500,33500,33500,33500,1
20171110,171500,33700,34000,33700,33715,14
20171110,174500,33700,33700,33700,33700,1
20171110,204500,33659,33659,33659,33659,1
20171113,101500,33680,33743,33680,33743,6
20171113,104500,34000,34000,34000,34000,2
20171113,113000,34160,34160,34160,34160,1
20171113,124500,34000,34000,34000,34000,1
20171113,130000,33860,33860,33860,33860,1
20171113,133000,33700,33700,33700,33700,1
20171113,151500,33562,33562,33562,33562,56
20171113,153000,33562,33562,33562,33562,30
20171113,214500,33400,33400,33314,33314,2
20171114,103000,33341,33341,33341,33341,2
20171114,111500,33700,33700,33700,33700,1
20171114,130000,33547,33547,33465,33465,8
20171114,211500,33500,33500,33500,33500,2
20171115,100000,33400,33400,33400,33400,1
20171115,104500,33219,33219,33219,33219,10
20171115,110000,33100,33100,33100,33100,1
20171115,130000,32900,32900,32900,32900,1
20171115,151500,33041,33041,33041,33041,2
20171116,104500,33400,33400,33400,33400,1
20171116,134500,33306,33306,33306,33306,1
20171116,144500,33100,33100,33100,33100,1
20171116,153000,33100,33100,33100,33100,1
20171116,180000,33400,33400,33400,33400,1
20171116,200000,33100,33100,33100,33100,1
20171117,100000,33179,33341,33179,33341,4
20171117,180000,33222,33222,33222,33222,1
20171120,103000,33223,33223,33223,33223,1
20171120,110000,33242,33242,33222,33222,6
20171120,111500,33160,33160,33160,33160,2
20171120,113000,33088,33088,33068,33068,3
20171120,123000,33068,33068,33068,33068,12
20171120,170000,32875,32875,32875,32875,1
20171120,181500,32800,32800,32800,32800,1
20171120,190000,32944,32944,32944,32944,1
20171120,213000,32733,32733,32733,32733,1
20171121,100000,32935,32935,32935,32935,1
20171121,103000,33011,33011,33000,33000,2
20171121,120000,33100,33100,33100,33100,1
20171121,133000,33204,33204,33204,33204,17
20171121,134500,33230,33230,33220,33220,4
20171121,140000,33100,33100,33100,33100,1
20171121,154500,33195,33195,33195,33195,10
20171121,201500,33100,33100,33100,33100,1
20171121,204500,33100,33100,33100,33100,1
20171122,100000,33400,33400,33400,33400,2
20171122,180000,33633,33633,33633,33633,1
20171122,191500,33700,33700,33700,33700,1
20171122,220000,33760,33775,33760,33775,3
20171122,234500,33809,33809,33802,33802,8
20171123,120000,33700,33700,33700,33700,4
20171124,100000,33909,33909,33909,33909,14
20171124,111500,34100,34100,34100,34100,2
20171124,151500,33830,33830,33830,33830,1
20171124,160000,33830,33830,33830,33830,30
20171124,210000,33714,33714,33714,33714,1
20171127,100000,33850,33850,33832,33832,2
20171127,103000,33886,33886,33886,33886,1
20171127,104500,34000,34000,34000,34000,30
20171127,150000,33700,33700,33700,33700,1
20171127,151500,33683,33683,33683,33683,1
20171128,100000,33636,33636,33636,33636,2
20171128,110000,33400,33400,33400,33400,1
20171128,124500,33200,33200,33100,33112,23
20171128,131500,33048,33110,33048,33110,2
20171128,160000,33335,33365,33335,33350,5
20171128,161500,33340,33340,33325,33325,4
20171128,203000,33416,33416,33416,33416,1
20171129,110000,33149,33149,33149,33149,1
20171129,114500,33032,33032,33000,33000,27
20171129,120000,32875,32947,32875,32947,3
20171129,121500,32900,32900,32900,32900,1
20171129,124500,32803,32803,32803,32803,4
20171129,130000,32791,33441,32791,33441,11
20171129,131500,33385,33385,33385,33385,1
20171129,134500,33145,33145,33145,33145,1
20171129,141500,33000,33028,33000,33028,2
20171129,144500,33108,33150,33108,33140,12
20171129,160000,33007,33007,33007,33007,1
20171129,161500,33010,33041,33010,33041,2
20171129,163000,33001,33001,33001,33001,1
20171129,170000,33009,33009,33009,33009,1
20171129,191500,32990,32990,32990,32990,1
20171130,101500,32931,32931,32931,32931,2
20171130,110000,33074,33099,33074,33099,4
20171130,114500,33235,33235,33235,33235,1
20171130,120000,33250,33316,33250,33316,3
20171130,133000,33316,33316,33316,33316,1
20171130,150000,33335,33397,33335,33397,2
20171130,174500,33000,33013,33000,33009,3
20171130,181500,32928,32928,32928,32928,1
20171130,183000,32850,32850,32700,32750,4
20171130,190000,32750,32810,32750,32810,2
20171130,193000,32700,32700,32675,32675,2
20171130,194500,32630,32630,32609,32609,2
20171201,100000,32800,32861,32800,32861,3
20171201,101500,32938,32956,32923,32946,9
20171201,103000,32926,32926,32885,32915,101
20171201,120000,32931,33019,32931,33019,92
20171201,121500,32991,32991,32990,32990,11
20171201,123000,33087,33087,33087,33087,1
20171201,124500,33026,33045,32941,32941,133
20171201,133000,32997,32997,32997,32997,1
20171201,171500,33300,33300,33300,33300,1
20171201,173000,33188,33188,33188,33188,1
20171201,174500,33254,33254,33254,33254,1
20171201,180000,33400,33400,33400,33400,2
20171201,181500,33307,33307,33307,33307,1
20171201,183000,33333,33333,33305,33305,11
20171201,194500,33128,33128,33044,33044,4
20171201,223000,33142,33241,33142,33241,4
20171204,103000,33065,33065,33065,33065,1
20171204,110000,33220,33438,33220,33438,8
20171204,111500,33500,33745,33500,33667,12
20171204,113000,33590,33770,33590,33770,10
20171204,114500,33792,33800,33792,33800,5
20171204,120000,33775,33850,33775,33850,85
20171204,121500,33850,33850,33850,33850,17
20171204,150000,33700,33700,33685,33685,119
20171204,154500,33700,33700,33700,33700,1
20171204,161500,33850,33850,33850,33850,10
20171204,180000,33850,33850,33850,33850,10
20171204,181500,33862,33862,33831,33831,20
20171204,193000,33851,33851,33851,33851,1
20171204,200000,33852,33858,33850,33850,10
20171204,204500,33889,33900,33889,33900,11
20171204,213000,33789,33789,33789,33789,1
20171204,220000,33888,33888,33888,33888,1
20171205,100000,33888,33888,33888,33888,25
20171205,104500,33900,33903,33900,33903,4
20171205,110000,33854,33910,33854,33910,2
20171205,154500,33763,33763,33763,33763,1
20171205,171500,33950,33950,33950,33950,2
20171205,173000,33860,33860,33860,33860,1
20171205,174500,33860,33860,33860,33860,3
20171205,181500,33961,34000,33961,34000,23
20171205,183000,33980,33980,33870,33870,7
20171205,203000,33967,33967,33967,33967,2
20171206,100000,33900,33900,33900,33900,10
20171206,111500,33900,33900,33900,33900,100
20171206,124500,33850,33850,33850,33850,1
20171206,130000,33823,33850,33823,33850,3
20171206,134500,33893,33909,33893,33909,4
20171206,141500,33987,34029,33987,34008,27
20171206,150000,33876,33876,33724,33724,27
20171206,183000,33810,33914,33810,33914,5
20171206,191500,33867,33870,33867,33870,3
20171206,201500,33760,33828,33760,33828,3
20171206,211500,33840,33840,33840,33840,1
20171207,100000,33848,33850,33848,33850,2
20171207,101500,33876,33876,33876,33876,1
20171207,103000,33782,33782,33782,33782,1
20171207,104500,33750,33824,33692,33823,199
20171207,110000,33823,33935,33789,33854,196
20171207,111500,33834,33900,33781,33900,23
20171207,113000,33900,33900,33900,33900,1
20171207,114500,33820,33820,33820,33820,1
20171207,120000,33892,33895,33863,33863,94
20171207,121500,33833,33926,33833,33869,688
20171207,141500,33787,33823,33747,33809,14
20171207,143000,33805,33805,33805,33805,2
20171207,154500,33810,33810,33810,33810,2
20171207,171500,33710,33710,33710,33710,2
20171207,180000,33800,33800,33800,33800,2
20171207,183000,33701,33701,33701,33701,1
20171208,100000,33662,33662,33662,33662,2
20171208,111500,33817,33817,33817,33817,10
20171208,124500,33757,33757,33734,33734,2
20171208,160000,33734,33734,33677,33677,7
20171208,170000,33726,33792,33726,33792,40
20171208,174500,33815,33815,33815,33815,2
20171208,194500,33861,33862,33861,33862,2
20171208,201500,33896,33896,33896,33896,1
20171208,203000,33899,33899,33777,33777,3
20171211,100000,33900,34158,33900,34158,10
20171211,101500,34100,34100,34100,34100,52
20171211,103000,34135,34319,34135,34245,17
20171211,104500,34260,34310,34260,34280,98
20171211,110000,34280,34280,34167,34167,68
20171211,113000,34252,34252,34252,34252,1
20171211,114500,34243,34243,34213,34233,11
20171211,120000,34214,34214,34205,34205,24
20171211,124500,34209,34209,34209,34209,1
20171211,131500,34280,34300,34280,34300,31
20171211,133000,34330,34330,34248,34258,51
20171211,154500,34185,34235,34185,34235,2
20171211,161500,34165,34168,34152,34152,3
20171211,171500,34100,34112,34100,34112,2
20171211,173000,34195,34195,34186,34186,5
20171211,174500,34196,34220,34196,34220,4
20171211,180000,34250,34250,34200,34200,9
20171211,181500,34249,34249,34249,34249,1
20171211,183000,34220,34220,34220,34220,1
20171211,190000,34316,34316,34316,34316,1
20171211,191500,34250,34250,34250,34250,1
20171211,214500,34320,34320,34320,34320,1
20171211,220000,34321,34340,34321,34340,3
20171212,100000,34340,34500,34340,34400,27
20171212,104500,34410,34410,34410,34410,1
20171212,110000,34410,34410,34346,34396,16
20171212,123000,34234,34234,34234,34234,2
20171212,133000,34350,34350,34323,34323,4
20171212,134500,34324,34339,34301,34339,6
20171212,144500,34401,34401,34401,34401,10
20171212,151500,34298,34298,34298,34298,2
20171212,153000,34269,34269,34269,34269,2
20171212,160000,34415,34415,34415,34415,1
20171212,161500,34381,34392,34350,34392,9
20171212,164500,34469,34469,34427,34427,4
20171212,171500,34487,34487,34487,34487,1
20171212,174500,34438,34500,34438,34500,12
20171212,180000,34484,34484,34484,34484,10
20171212,181500,34402,34402,34402,34402,1
20171212,183000,34527,34599,34527,34599,2
20171212,193000,34500,34500,34500,34500,1
20171212,194500,34599,34599,34599,34599,1
20171212,201500,34500,34500,34500,34500,1
20171212,204500,34572,34572,34572,34572,2
20171212,210000,34578,34578,34578,34578,5
20171212,213000,34471,34471,34471,34471,1
20171212,214500,34471,34471,34239,34384,154
20171212,220000,34451,34451,34451,34451,1
20171212,221500,34411,34411,34404,34404,29
20171212,223000,34394,34394,34394,34394,1
20171212,224500,34430,34430,34420,34420,5
20171212,230000,34441,34441,34441,34441,12
20171212,231500,34466,34474,34451,34474,20
20171213,100000,34565,34565,34565,34565,2
20171213,101500,34569,34569,34488,34488,3
20171213,103000,34582,34800,34477,34800,38
20171213,104500,34549,34550,34549,34550,5
20171213,110000,34421,34421,34421,34421,10
20171213,111500,34436,34518,34436,34492,102
20171213,114500,34501,34501,34501,34501,4
20171213,120000,34500,34500,34500,34500,2
20171213,121500,34550,34583,34550,34555,416
20171213,123000,34571,34571,34571,34571,2
20171213,130000,34553,34553,34553,34553,23
20171213,131500,34520,34520,34520,34520,51
20171213,140000,34450,34450,34431,34450,62
20171213,143000,34448,34448,34448,34448,2
20171213,144500,34392,34392,34392,34392,1
20171213,150000,34419,34489,34419,34489,3
20171213,151500,34490,34490,34451,34451,3
20171213,153000,34467,34484,34467,34484,11
20171213,154500,34421,34457,34418,34418,6
20171213,160000,34450,34450,34407,34446,77
20171213,161500,34407,34407,34407,34407,3
20171213,163000,34407,34429,34407,34425,4
20171213,164500,34426,34426,34426,34426,1
20171213,170000,34411,34432,34411,34432,4
20171213,171500,34438,34438,34411,34429,6
20171213,173000,34369,34369,34369,34369,5
20171213,174500,34366,34366,34365,34365,5
20171213,180000,34398,34461,34398,34461,5
20171213,181500,34455,34455,34362,34362,4
20171213,183000,34462,34515,34462,34515,13
20171213,213000,34543,34543,34478,34478,2
20171213,223000,34500,34500,34500,34500,2
20171213,224500,34500,34500,34500,34500,4
20171213,231500,34486,34486,34486,34486,10
20171214,100000,34500,34500,34430,34471,43
20171214,101500,34467,34467,34401,34401,2
20171214,103000,34400,34400,34400,34400,2
20171214,104500,34343,34370,34343,34370,2
20171214,110000,34371,34372,34265,34331,26
20171214,113000,34248,34248,34248,34248,1
20171214,120000,34302,34302,34215,34298,17
20171214,121500,34235,34238,34235,34235,7
20171214,124500,34237,34237,34237,34237,1
20171214,131500,34221,34221,34221,34221,1
20171214,134500,34222,34222,34222,34222,1
20171214,140000,34270,34270,34270,34270,1
20171214,141500,34275,34278,34230,34278,7
20171214,143000,34228,34228,34200,34200,19
20171214,151500,34200,34237,33942,34237,19
20171214,153000,34290,34290,34093,34093,52
20171214,154500,34320,34327,34316,34316,4
20171214,160000,34322,34366,34322,34359,21
20171214,161500,34367,34367,34292,34292,76
20171214,163000,34278,34278,34273,34273,3
20171214,164500,34230,34230,34227,34227,6
20171214,170000,34264,34264,34249,34249,12
20171214,171500,34249,34249,34249,34249,5
20171214,173000,34299,34299,34299,34299,1
20171214,174500,34250,34300,34250,34263,26
20171214,180000,34300,34300,34247,34290,12
20171214,181500,34350,34389,34326,34389,5
20171214,183000,34396,34396,34375,34380,8
20171214,200000,34303,34325,34303,34303,12
20171214,210000,34298,34298,34298,34298,10
20171215,100000,34358,34365,34358,34365,4
20171215,101500,34325,34393,34312,34393,21
20171215,110000,34330,34330,34330,34330,1
20171215,111500,34350,34350,34350,34350,1
20171215,114500,34335,34345,34335,34344,33
20171215,124500,34318,34325,34318,34325,2
20171215,130000,34350,34350,34350,34350,1
20171215,133000,34422,34442,34412,34442,54
20171215,134500,34397,34427,34387,34387,37
20171215,140000,34336,34336,34336,34336,2
20171215,141500,34355,34355,34355,34355,4
20171215,143000,34383,34383,34383,34383,56
20171215,144500,34387,34387,34387,34387,27
20171215,153000,34385,34385,34385,34385,1
20171215,164500,34375,34375,34375,34375,3
20171215,170000,34372,34372,34372,34372,4
20171215,171500,34350,34350,34302,34302,103
20171215,173000,34302,34302,34250,34250,15
20171215,174500,34080,34080,34048,34048,21
20171215,180000,34005,34047,34005,34047,39
20171215,181500,34001,34001,33985,33999,54
20171215,183000,33975,33975,33895,33942,26
20171215,190000,34007,34007,33998,34000,6
20171215,193000,33981,33981,33981,33981,5
20171215,194500,34020,34020,34020,34020,1
20171215,203000,34020,34020,34020,34020,2
20171215,210000,33982,33982,33982,33982,8
20171215,214500,34020,34025,34020,34025,3
20171215,220000,34001,34001,34001,34001,1
20171215,223000,34010,34010,34010,34010,2
20171218,100000,34025,34218,34025,34218,63
20171218,101500,34247,34300,34247,34300,50
20171218,103000,34359,34359,34287,34287,13
20171218,104500,34310,34315,34249,34256,45
20171218,110000,34233,34353,34200,34200,191
20171218,111500,34200,34223,34172,34223,19
20171218,113000,34199,34199,34164,34197,13
20171218,114500,34195,34197,34147,34151,4
20171218,120000,34145,34163,34125,34163,14
20171218,121500,34134,34134,34134,34134,1
20171218,123000,34113,34125,34090,34091,14
20171218,124500,34115,34115,34113,34113,2
20171218,130000,34090,34090,34090,34090,4
20171218,134500,34086,34086,34086,34086,2
20171218,141500,34081,34081,33970,33991,53
20171218,143000,33994,34018,33966,34018,38
20171218,144500,34000,34000,33990,33990,3
20171218,150000,34035,34036,34035,34036,10
20171218,151500,34007,34030,34007,34030,2
20171218,153000,33994,33999,33994,33994,22
20171218,154500,33990,33990,33880,33880,66
20171218,160000,33850,33850,33800,33807,39
20171218,161500,33849,33859,33849,33854,3
20171218,163000,33870,33870,33870,33870,1
20171218,164500,33755,33755,33755,33755,1
20171218,170000,33700,33701,33601,33601,80
20171218,171500,33607,33613,33570,33570,22
20171218,173000,33590,33654,33590,33654,6
20171218,174500,33695,33800,33695,33800,47
20171218,180000,33839,33900,33821,33900,22
20171218,181500,33910,33922,33875,33894,7
20171218,183000,33816,33848,33764,33848,38
20171218,190000,33779,33798,33779,33798,2
20171218,203000,33825,33850,33825,33850,5
20171218,204500,33849,33849,33849,33849,2
20171218,211500,33850,33850,33850,33850,12
20171218,214500,33855,33875,33855,33857,21
20171218,220000,33857,33857,33857,33857,1
20171218,221500,33884,33888,33884,33888,2
20171218,233000,33856,33856,33856,33856,1
20171219,100000,33850,34060,33850,34010,124
20171219,101500,34015,34016,33978,33978,65
20171219,103000,33961,33982,33937,33982,23
20171219,104500,33972,33972,33950,33955,18
20171219,110000,33935,33962,33785,33850,110
20171219,111500,33827,33860,33746,33747,36
20171219,113000,33759,33942,33759,33901,63
20171219,114500,33870,33924,33870,33924,13
20171219,120000,33921,33925,33888,33901,31
20171219,121500,33900,33900,33860,33860,23
20171219,123000,33885,33889,33842,33842,111
20171219,124500,33840,33840,33786,33786,3
20171219,130000,33769,33769,33753,33753,14
20171219,131500,33731,33731,33704,33724,8
20171219,133000,33732,33777,33732,33777,11
20171219,134500,33782,33784,33782,33784,4
20171219,140000,33781,33800,33781,33784,16
20171219,141500,33781,33784,33772,33784,32
20171219,143000,33790,33790,33790,33790,12
20171219,144500,33715,33715,33700,33700,18
20171219,150000,33751,33751,33751,33751,1
20171219,151500,33650,33685,33628,33681,35
20171219,154500,33780,33780,33775,33775,27
20171219,160000,33770,33800,33770,33800,16
20171219,161500,33803,33858,33803,33830,11
20171219,163000,33839,33895,33792,33894,37
20171219,164500,33883,33883,33867,33880,5
20171219,170000,33850,33850,33841,33841,40
20171219,171500,33884,33900,33867,33900,75
20171219,173000,33900,33906,33892,33892,8
20171219,174500,33867,33917,33864,33903,19
20171219,180000,33924,34046,33924,34045,103
20171219,181500,34000,34058,33984,34058,30
20171219,183000,34060,34090,34041,34090,74
20171219,190000,33916,33916,33796,33900,7
20171219,194500,33945,33945,33945,33945,1
20171219,200000,33948,33973,33900,33900,26
20171219,203000,33899,33899,33899,33899,2
20171219,204500,33858,33899,33858,33899,3
20171219,210000,33874,33874,33874,33874,2
20171219,214500,33898,33898,33898,33898,1
20171219,220000,33898,33898,33897,33897,3
20171219,223000,33897,33900,33897,33900,9
20171219,233000,33905,33905,33905,33905,1
20171219,234500,33947,33949,33947,33949,3
20171220,100000,33892,33906,33804,33884,66
20171220,101500,33884,33956,33871,33890,142
20171220,103000,33929,34000,33929,34000,51
20171220,104500,34000,34050,33990,33990,72
20171220,110000,33985,34014,33850,33871,66
20171220,111500,33856,33900,33856,33883,116
20171220,113000,33860,33860,33801,33814,60
20171220,114500,33802,33827,33747,33800,111
20171220,120000,33788,33856,33739,33739,130
20171220,121500,33739,33791,33720,33751,111
20171220,123000,33755,33784,33748,33762,54
20171220,124500,33755,33784,33750,33784,20
20171220,130000,33789,33790,33773,33773,15
20171220,131500,33771,33772,33749,33754,59
20171220,133000,33775,33810,33758,33798,330
20171220,134500,33808,33896,33807,33896,183
20171220,140000,33820,33855,33820,33855,2
20171220,141500,33845,33845,33828,33828,22
20171220,143000,33867,33875,33850,33875,35
20171220,144500,33848,33875,33848,33864,13
20171220,150000,33865,33871,33865,33871,7
20171220,151500,33848,33850,33820,33827,18
20171220,153000,33820,33833,33818,33832,151
20171220,154500,33828,33861,33828,33855,62
20171220,160000,33828,33846,33828,33828,12
20171220,161500,33830,33853,33816,33830,77
20171220,163000,33830,33833,33777,33805,70
20171220,164500,33805,33845,33748,33748,143
20171220,170000,33759,33786,33705,33737,81
20171220,171500,33770,33810,33764,33810,137
20171220,173000,33810,33823,33763,33763,111
20171220,174500,33765,33774,33749,33770,86
20171220,180000,33752,33770,33735,33760,48
20171220,181500,33754,33782,33754,33782,33
20171220,183000,33780,33787,33745,33772,64
20171220,190000,33773,33773,33762,33762,2
20171220,191500,33761,33772,33758,33772,31
20171220,193000,33783,33793,33770,33783,51
20171220,194500,33784,33784,33784,33784,1
20171220,200000,33782,33782,33782,33782,1
20171220,201500,33780,33784,33775,33778,12
20171220,203000,33776,33776,33776,33776,2
20171220,204500,33775,33786,33764,33786,10
20171220,210000,33771,33771,33770,33771,4
20171220,211500,33771,33771,33769,33769,11
20171220,213000,33769,33769,33769,33769,1
20171220,214500,33783,33784,33783,33784,2
20171220,220000,33791,33791,33783,33783,6
20171220,221500,33783,33784,33765,33772,4
20171220,223000,33789,33789,33782,33782,3
20171220,231500,33767,33767,33765,33765,2
20171220,233000,33786,33786,33786,33786,1
20171221,100000,33741,33788,33631,33659,322
20171221,101500,33680,33770,33670,33762,413
20171221,103000,33755,33762,33727,33737,459
20171221,104500,33762,33762,33720,33746,525
20171221,110000,33751,33751,33682,33694,236
20171221,111500,33666,33683,33544,33545,833
20171221,113000,33545,33632,33545,33632,294
20171221,114500,33634,33634,33585,33599,554
20171221,120000,33593,33631,33593,33612,374
20171221,121500,33620,33624,33610,33619,20
20171221,123000,33612,33613,33571,33574,112
20171221,124500,33589,33593,33569,33584,184
20171221,130000,33578,33578,33522,33536,98
20171221,131500,33544,33544,33503,33518,143
20171221,133000,33537,33550,33501,33510,49
20171221,134500,33526,33526,33471,33493,524
20171221,140000,33512,33558,33498,33558,236
20171221,141500,33554,33589,33513,33538,516
20171221,143000,33552,33616,33547,33612,507
20171221,144500,33606,33606,33566,33588,96
20171221,150000,33583,33583,33500,33532,398
20171221,151500,33537,33546,33501,33517,169
20171221,153000,33500,33509,33475,33478,58
20171221,154500,33477,33587,33475,33550,513
20171221,160000,33550,33676,33550,33662,671
20171221,161500,33669,33719,33667,33715,638
20171221,163000,33720,33723,33677,33704,218
20171221,164500,33716,33716,33661,33661,110
20171221,170000,33660,33712,33643,33686,235
20171221,171500,33689,33706,33672,33703,221
20171221,173000,33694,33762,33692,33754,926
20171221,174500,33754,33790,33751,33777,2050
20171221,180000,33794,33823,33786,33799,155
20171221,181500,33800,33815,33786,33793,54
20171221,183000,33780,33870,33779,33824,308
20171221,190000,33804,33866,33764,33854,57
20171221,191500,33857,33890,33812,33890,100
20171221,193000,33826,33832,33826,33832,3
20171221,200000,33865,33897,33865,33872,205
20171221,201500,33887,33902,33876,33902,84
20171221,203000,33875,33900,33875,33900,12
20171221,204500,33881,33891,33881,33890,6
20171221,210000,33900,33900,33881,33890,13
20171221,211500,33890,33890,33890,33890,1
20171221,213000,33886,33890,33886,33890,2
20171221,214500,33891,33892,33891,33892,4
20171221,220000,33889,33890,33889,33890,17
20171221,221500,33890,33903,33890,33890,23
20171221,223000,33891,33891,33891,33891,1
20171221,224500,33890,33890,33877,33878,74
20171221,230000,33885,33894,33885,33894,11
20171221,231500,33889,33892,33889,33892,6
20171221,233000,33892,33892,33892,33892,14
20171221,234500,33880,33880,33880,33880,2
20171222,100000,33877,33943,33788,33835,392
20171222,101500,33823,33882,33821,33849,218
20171222,103000,33858,33989,33858,33920,324
20171222,104500,33920,33950,33911,33936,69
20171222,110000,33938,33977,33913,33938,102
20171222,111500,33956,34062,33956,34047,441
20171222,113000,34061,34157,34050,34096,450
20171222,114500,34092,34120,34049,34120,265
20171222,120000,34107,34121,34068,34071,97
20171222,121500,34098,34116,34050,34083,602
20171222,123000,34097,34121,34060,34092,1780
20171222,124500,34111,34111,34000,34021,777
20171222,130000,34028,34095,34028,34072,251
20171222,131500,34064,34074,34049,34062,361
20171222,133000,34059,34071,34055,34055,191
20171222,134500,34059,34066,34008,34012,67
20171222,140000,34006,34006,33945,33948,479
20171222,141500,33937,33937,33833,33834,305
20171222,143000,33850,33913,33828,33913,269
20171222,144500,33902,33957,33902,33946,85
20171222,150000,33944,33951,33874,33911,358
20171222,151500,33900,33900,33833,33848,486
20171222,153000,33841,33877,33791,33830,521
20171222,154500,33842,33842,33804,33814,25
20171222,160000,33797,33817,33795,33809,93
20171222,161500,33813,33845,33813,33843,34
20171222,163000,33857,33857,33839,33857,54
20171222,164500,33846,33856,33846,33853,10
20171222,170000,33852,33871,33828,33828,265
20171222,171500,33829,33829,33772,33772,116
20171222,173000,33781,33800,33765,33797,108
20171222,174500,33797,33823,33780,33823,40
20171222,180000,33819,33826,33802,33811,21
20171222,181500,33838,33842,33804,33837,236
20171222,183000,33837,33900,33802,33900,437
20171222,190000,33900,33970,33879,33970,185
20171222,191500,33971,34041,33971,34041,73
20171222,193000,34030,34050,34030,34037,20
20171222,194500,34050,34060,34012,34015,67
20171222,200000,34034,34034,34034,34034,1
20171222,201500,34038,34038,34020,34034,30
20171222,203000,34024,34041,34024,34026,6
20171222,204500,34026,34040,34025,34040,8
20171222,210000,34041,34060,34041,34060,13
20171222,211500,34065,34410,34065,34187,537
20171222,213000,34187,34195,34142,34149,117
20171222,214500,34140,34153,34127,34129,116
20171222,220000,34125,34125,34085,34097,71
20171222,221500,34098,34098,34065,34065,145
20171222,223000,34065,34075,34060,34075,19
20171222,224500,34075,34090,34075,34090,66
20171222,230000,34093,34093,34091,34091,5
20171222,231500,34078,34100,34073,34100,86
20171222,233000,34118,34118,34076,34091,64
20171222,234500,34091,34101,34091,34101,12
20171225,100000,34062,34147,34061,34125,266
20171225,101500,34121,34121,33964,33980,293
20171225,103000,33978,33983,33921,33940,167
20171225,104500,33929,33965,33929,33962,433
20171225,110000,33961,33970,33956,33956,461
20171225,111500,33956,33960,33956,33956,297
20171225,113000,33960,33963,33956,33963,178
20171225,114500,33956,33963,33956,33957,9
20171225,120000,33956,33956,33956,33956,2
20171225,121500,33959,33963,33956,33963,15
20171225,123000,33956,33963,33956,33956,36
20171225,124500,33958,33959,33956,33956,22
20171225,130000,33956,33965,33915,33920,526
20171225,131500,33920,33930,33909,33913,122
20171225,133000,33914,33920,33913,33920,23
20171225,134500,33920,33920,33910,33915,8
20171225,140000,33923,33930,33913,33920,19
20171225,141500,33913,33920,33913,33920,5
20171225,143000,33920,33929,33920,33925,50
20171225,144500,33920,33937,33901,33910,375
20171225,150000,33905,33905,33831,33831,119
20171225,151500,33830,33847,33810,33810,52
20171225,153000,33809,33844,33809,33838,35
20171225,154500,33849,33853,33827,33827,36
20171225,160000,33826,33837,33826,33837,66
20171225,161500,33831,33835,33805,33822,145
20171225,163000,33820,33821,33803,33810,76
20171225,164500,33814,33836,33810,33826,59
20171225,170000,33820,33832,33816,33816,116
20171225,171500,33815,33817,33806,33806,34
20171225,173000,33807,33822,33803,33816,39
20171225,174500,33823,33828,33823,33828,4
20171225,180000,33803,33816,33803,33816,70
20171225,181500,33808,33817,33807,33809,42
20171225,183000,33817,33831,33792,33809,136
20171225,190000,33825,33832,33812,33812,14
20171225,191500,33821,33834,33821,33832,13
20171225,193000,33833,33833,33814,33814,6
20171225,194500,33815,33815,33805,33809,81
20171225,200000,33809,33809,33809,33809,9
20171225,203000,33809,33809,33809,33809,1
20171225,204500,33817,33819,33809,33811,18
20171225,211500,33810,33810,33810,33810,3
20171225,213000,33808,33817,33808,33817,10
20171225,214500,33814,33814,33812,33812,3
20171225,221500,33820,33820,33820,33820,1
20171225,223000,33819,33819,33812,33812,2
20171225,224500,33826,33826,33826,33826,1
20171225,230000,33832,33836,33832,33836,3
20171225,231500,33837,33841,33834,33834,22
20171225,233000,33826,33844,33826,33844,11
20171225,234500,33836,33836,33826,33826,6
20171226,100000,33812,33821,33721,33728,295
20171226,101500,33727,33729,33548,33628,1061
20171226,103000,33644,33725,33626,33642,90
20171226,104500,33650,33650,33555,33565,83
20171226,110000,33571,33667,33563,33649,56
20171226,111500,33633,33673,33629,33653,50
20171226,113000,33653,33653,33602,33627,48
20171226,114500,33632,33655,33632,33655,33
20171226,120000,33663,33673,33651,33651,32
20171226,121500,33659,33663,33646,33652,52
20171226,123000,33652,33652,33619,33619,24
20171226,124500,33588,33595,33562,33570,142
20171226,130000,33565,33565,33511,33523,19
20171226,131500,33518,33532,33504,33532,44
20171226,133000,33525,33535,33480,33488,209
20171226,134500,33484,33525,33420,33485,303
20171226,140000,33496,33524,33496,33521,39
20171226,141500,33521,33557,33512,33557,49
20171226,143000,33552,33552,33531,33540,10
20171226,144500,33544,33544,33536,33536,28
20171226,150000,33523,33544,33497,33518,70
20171226,151500,33520,33525,33508,33525,36
20171226,153000,33526,33529,33483,33493,109
20171226,154500,33504,33516,33504,33504,57
20171226,160000,33495,33514,33477,33499,29
20171226,161500,33500,33523,33491,33523,62
20171226,163000,33525,33538,33525,33537,36
20171226,164500,33542,33595,33542,33560,62
20171226,170000,33565,33633,33565,33631,72
20171226,171500,33630,33632,33626,33626,118
20171226,173000,33627,33635,33575,33607,267
20171226,174500,33593,33599,33589,33598,21
20171226,180000,33596,33596,33484,33505,796
20171226,181500,33510,33545,33495,33538,62
20171226,183000,33531,33547,33489,33513,209
20171226,190000,33550,33634,33540,33603,194
20171226,191500,33600,33630,33594,33594,34
20171226,193000,33594,33619,33582,33619,8
20171226,194500,33616,33759,33607,33669,318
20171226,200000,33678,33692,33647,33647,59
20171226,201500,33640,33738,33634,33701,274
20171226,203000,33727,33727,33694,33694,14
20171226,204500,33700,33702,33665,33702,130
20171226,210000,33700,33700,33688,33688,15
20171226,211500,33700,33710,33672,33672,33
20171226,213000,33686,33686,33686,33686,1
20171226,214500,33686,33691,33686,33691,6
20171226,220000,33691,33694,33691,33694,50
20171226,221500,33689,33694,33680,33680,13
20171226,223000,33681,33682,33679,33680,42
20171226,224500,33677,33677,33658,33664,18
20171226,230000,33674,33674,33665,33665,11
20171226,233000,33660,33670,33649,33650,67
20171226,234500,33643,33671,33615,33671,62
20171227,100000,33630,33636,33524,33531,310
20171227,101500,33554,33628,33530,33612,92
20171227,103000,33554,33570,33534,33534,61
20171227,104500,33540,33558,33540,33544,54
20171227,110000,33540,33628,33533,33618,484
20171227,111500,33623,33629,33601,33612,132
20171227,113000,33610,33626,33606,33621,27
20171227,114500,33629,33715,33622,33664,185
20171227,120000,33661,33664,33626,33644,98
20171227,121500,33619,33646,33607,33612,144
20171227,123000,33617,33702,33607,33685,775
20171227,124500,33695,33699,33678,33684,123
20171227,130000,33679,33691,33651,33669,144
20171227,131500,33676,33694,33645,33671,167
20171227,133000,33672,33676,33651,33660,70
20171227,134500,33665,33670,33646,33652,87
20171227,140000,33648,33653,33630,33635,36
20171227,141500,33628,33628,33580,33596,43
20171227,143000,33589,33589,33555,33579,187
20171227,144500,33591,33600,33571,33583,101
20171227,150000,33582,33636,33582,33603,657
20171227,151500,33604,33615,33543,33565,321
20171227,153000,33575,33593,33565,33590,91
20171227,154500,33583,33599,33581,33588,68
20171227,160000,33590,33635,33572,33614,355
20171227,161500,33615,33617,33510,33513,378
20171227,163000,33517,33551,33513,33537,168
20171227,164500,33527,33537,33468,33480,117
20171227,170000,33474,33507,33442,33502,1372
20171227,171500,33503,33510,33479,33510,701
20171227,173000,33509,33509,33416,33451,439
20171227,174500,33453,33460,33442,33444,134
20171227,180000,33456,33460,33388,33413,494
20171227,181500,33402,33450,33382,33410,382
20171227,183000,33415,33425,33290,33345,442
20171227,190000,33380,33447,33351,33447,143
20171227,191500,33384,33451,33382,33388,78
20171227,193000,33389,33393,33380,33380,32
20171227,194500,33380,33405,33378,33378,7
20171227,200000,33378,33378,33357,33357,8
20171227,201500,33393,33397,33388,33389,6
20171227,203000,33395,33395,33395,33395,1
20171227,204500,33385,33396,33384,33396,9
20171227,210000,33399,33400,33399,33400,16
20171227,211500,33400,33400,33378,33378,14
20171227,213000,33392,33392,33371,33371,5
20171227,220000,33383,33395,33383,33395,8
20171227,221500,33372,33400,33372,33380,158
20171227,223000,33379,33379,33376,33376,7
20171227,224500,33380,33380,33379,33379,32
20171227,230000,33372,33372,33370,33370,4
20171227,231500,33378,33378,33378,33378,1
20171227,233000,33374,33374,33361,33369,15
20171227,234500,33375,33376,33364,33364,7
20171228,100000,33373,33423,33201,33265,517
20171228,101500,33285,33341,33260,33295,106
20171228,103000,33303,33324,33286,33286,61
20171228,104500,33287,33294,33284,33293,120
20171228,110000,33304,33323,33180,33206,367
20171228,111500,33201,33227,33177,33227,114
20171228,113000,33217,33333,33217,33328,218
20171228,114500,33328,33329,33272,33313,343
20171228,120000,33319,33319,33266,33274,46
20171228,121500,33276,33335,33274,33327,125
20171228,123000,33330,33361,33284,33331,135
20171228,124500,33331,33363,33310,33356,55
20171228,130000,33352,33394,33352,33388,77
20171228,131500,33387,33415,33387,33410,166
20171228,133000,33422,33425,33400,33400,139
20171228,134500,33402,33413,33400,33400,105
20171228,140000,33412,33447,33412,33443,58
20171228,141500,33430,33465,33356,33356,327
20171228,143000,33354,33408,33354,33408,215
20171228,144500,33390,33390,33304,33306,424
20171228,150000,33325,33337,33189,33255,260
20171228,151500,33250,33321,33235,33321,112
20171228,153000,33313,33313,33245,33272,126
20171228,154500,33267,33341,33267,33326,56
20171228,160000,33322,33353,33322,33342,22
20171228,161500,33349,33349,33307,33307,142
20171228,163000,33325,33371,33325,33350,286
20171228,164500,33350,33360,33336,33340,107
20171228,170000,33349,33360,33339,33350,310
20171228,171500,33360,33360,33329,33351,69
20171228,173000,33356,33444,33351,33426,469
20171228,174500,33417,33453,33400,33453,190
20171228,180000,33455,33530,33425,33530,165
20171228,181500,33512,33637,33503,33609,314
20171228,183000,33596,33626,33538,33589,147
20171228,190000,33484,33601,33484,33572,70
20171228,191500,33561,33590,33561,33590,7
20171228,193000,33605,33605,33573,33580,10
20171228,194500,33605,33607,33605,33607,5
20171228,200000,33571,33571,33561,33562,8
20171228,201500,33562,33619,33555,33619,32
20171228,203000,33575,33580,33556,33556,11
20171228,204500,33556,33571,33551,33551,10
20171228,214500,33587,33587,33551,33558,6
20171228,220000,33552,33585,33551,33561,25
20171228,221500,33573,33573,33561,33563,10
20171228,223000,33591,33591,33591,33591,1
20171228,224500,33610,33610,33541,33541,70
20171228,230000,33541,33614,33531,33531,24
20171228,231500,33610,33639,33544,33544,14
20171228,234500,33560,33560,33511,33511,29
20171229,100000,33584,33635,33528,33528,244
20171229,101500,33530,33669,33511,33655,146
20171229,103000,33655,33691,33650,33684,184
20171229,104500,33687,33714,33681,33710,141
20171229,110000,33728,33728,33512,33539,304
20171229,111500,33568,33590,33355,33441,461
20171229,113000,33446,33619,33446,33535,174
20171229,114500,33546,33546,33470,33495,118
20171229,120000,33488,33579,33471,33570,80
20171229,121500,33570,33649,33561,33635,205
20171229,123000,33617,33697,33617,33680,106
20171229,124500,33686,33689,33611,33611,110
20171229,130000,33650,33667,33621,33621,145
20171229,131500,33637,33728,33619,33639,172
20171229,133000,33655,33769,33652,33730,160
20171229,134500,33746,33781,33689,33736,177
20171229,140000,33758,33800,33751,33786,139
20171229,141500,33785,33807,33760,33767,137
20171229,143000,33780,33802,33777,33785,109
20171229,144500,33783,33803,33769,33774,56
20171229,150000,33774,33793,33760,33776,139
20171229,151500,33778,33823,33778,33808,191
20171229,153000,33790,33790,33681,33706,235
20171229,154500,33708,33708,33618,33678,138
20171229,160000,33690,33690,33678,33682,18
20171229,161500,33703,33703,33657,33670,31
20171229,163000,33678,33696,33678,33696,19
20171229,164500,33692,33700,33645,33694,203
20171229,170000,33680,33711,33679,33707,176
20171229,171500,33742,33792,33724,33724,89
20171229,173000,33714,33821,33714,33748,85
20171229,174500,33764,33764,33678,33678,42
20171229,180000,33686,33717,33627,33628,80
20171229,181500,33612,33662,33612,33647,51
20171229,183000,33664,33855,33652,33850,248
20180103,100000,33865,34170,33864,34101,862
20180103,101500,34099,34184,34040,34105,155
20180103,103000,34105,34261,34105,34217,335
20180103,104500,34238,34253,34211,34223,139
20180103,110000,34242,34600,34242,34478,995
20180103,111500,34476,34483,34347,34433,793
20180103,113000,34433,34523,34391,34456,258
20180103,114500,34436,34691,34418,34610,1515
20180103,120000,34610,34632,34502,34507,119
20180103,121500,34498,34578,34498,34567,83
20180103,123000,34589,34632,34584,34611,38
20180103,124500,34612,34625,34600,34625,138
20180103,130000,34620,34621,34578,34607,137
20180103,131500,34590,34620,34590,34596,99
20180103,133000,34605,34628,34591,34610,76
20180103,134500,34607,34630,34605,34610,79
20180103,140000,34632,34675,34623,34632,163
20180103,141500,34612,34615,34572,34584,184
20180103,143000,34591,34615,34589,34596,78
20180103,144500,34583,34610,34582,34589,40
20180103,150000,34591,34605,34550,34565,69
20180103,151500,34584,34661,34552,34650,130
20180103,153000,34659,34700,34657,34657,220
20180103,154500,34657,34688,34630,34688,305
20180103,160000,34689,34729,34686,34713,517
20180103,161500,34714,34726,34669,34676,78
20180103,163000,34662,34663,34632,34644,74
20180103,164500,34640,34640,34555,34555,146
20180103,170000,34562,34598,34542,34542,67
20180103,171500,34547,34642,34513,34642,82
20180103,173000,34646,34654,34595,34603,151
20180103,174500,34616,34626,34567,34614,55
20180103,180000,34625,34625,34589,34609,218
20180103,181500,34612,34637,34585,34628,263
20180103,183000,34623,34664,34572,34664,285
20180103,190000,34675,34680,34665,34680,91
20180103,191500,34682,34710,34682,34696,25
20180103,193000,34701,34702,34695,34695,10
20180103,194500,34696,34711,34696,34711,40
20180103,200000,34711,34787,34711,34766,74
20180103,201500,34748,34793,34743,34743,45
20180103,203000,34745,34850,34740,34825,132
20180103,204500,34825,34850,34819,34848,100
20180103,210000,34848,34923,34834,34911,88
20180103,211500,34911,34925,34809,34869,97
20180103,213000,34815,34840,34800,34807,69
20180103,214500,34801,34833,34801,34833,3
20180103,220000,34807,34808,34800,34800,6
20180103,221500,34800,34818,34780,34793,60
20180103,223000,34803,34824,34803,34823,15
20180103,224500,34800,34800,34800,34800,2
20180103,231500,34801,34808,34800,34808,8
20180103,233000,34790,34815,34790,34815,2
20180103,234500,34821,34825,34782,34782,18
20180104,100000,34825,34925,34782,34899,258
20180104,101500,34893,34893,34793,34807,250
20180104,103000,34827,34868,34800,34812,94
20180104,104500,34800,34810,34629,34631,192
20180104,110000,34637,34667,34443,34623,642
20180104,111500,34636,34830,34587,34823,528
20180104,113000,34822,34867,34755,34816,112
20180104,114500,34791,34985,34791,34879,1406
20180104,120000,34877,34878,34631,34697,270
20180104,121500,34677,34698,34641,34656,239
20180104,123000,34688,34863,34657,34785,397
20180104,124500,34807,34900,34807,34873,226
20180104,130000,34872,34888,34784,34859,498
20180104,131500,34855,34997,34822,34906,219
20180104,133000,34904,35100,34872,35080,276
20180104,134500,35085,35085,35011,35078,127
20180104,140000,35079,35119,35000,35074,359
20180104,141500,35097,35114,35047,35082,179
20180104,143000,35091,35110,35037,35070,134
20180104,144500,35085,35085,34996,35020,200
20180104,150000,35021,35082,35019,35077,154
20180104,151500,35070,35095,35029,35073,118
20180104,153000,35062,35070,35047,35070,17
20180104,154500,35078,35158,35071,35158,232
20180104,160000,35151,35335,35151,35205,544
20180104,161500,35205,35220,35133,35179,297
20180104,163000,35172,35172,35106,35153,142
20180104,164500,35151,35283,35131,35209,373
20180104,170000,35225,35261,35143,35253,108
20180104,171500,35228,35254,35191,35248,71
20180104,173000,35254,35380,35170,35205,1423
20180104,174500,35224,35349,35191,35265,265
20180104,180000,35260,35375,35205,35361,617
20180104,181500,35350,35354,35296,35330,222
20180104,183000,35325,35423,35324,35340,281
20180104,190000,35376,35436,35371,35436,171
20180104,191500,35436,35477,35428,35447,26
20180104,193000,35449,35508,35435,35508,41
20180104,194500,35502,35521,35502,35511,23
20180104,200000,35512,35521,35510,35510,90
20180104,201500,35510,35521,35510,35510,69
20180104,203000,35510,35510,35472,35499,133
20180104,204500,35496,35499,35496,35499,3
20180104,210000,35475,35476,35472,35476,19
20180104,211500,35486,35486,35471,35472,10
20180104,213000,35451,35483,35451,35483,3
20180104,214500,35480,35490,35480,35490,21
20180104,220000,35499,35509,35499,35509,7
20180104,221500,35509,35525,35490,35500,48
20180104,223000,35498,35498,35498,35498,4
20180104,224500,35487,35500,35487,35497,12
20180104,230000,35490,35500,35460,35460,26
20180104,231500,35463,35487,35463,35478,3
20180104,233000,35487,35509,35487,35509,16
20180104,234500,35491,35491,35490,35490,2
20180105,100000,35496,35511,35460,35479,488
20180105,101500,35465,35666,35465,35589,1129
20180105,103000,35597,35689,35593,35666,390
20180105,104500,35668,35750,35561,35587,271
20180105,110000,35600,35714,35587,35620,594
20180105,111500,35629,35827,35629,35815,554
20180105,113000,35815,35876,35756,35844,1398
20180105,114500,35868,35871,35783,35825,167
20180105,120000,35826,35850,35796,35810,162
20180105,121500,35827,35827,35769,35800,975
20180105,123000,35815,35890,35808,35840,262
20180105,124500,35849,35860,35763,35787,439
20180105,130000,35777,35818,35694,35716,806
20180105,131500,35692,35756,35672,35674,201
20180105,133000,35671,35740,35638,35725,237
20180105,134500,35728,35740,35632,35715,173
20180105,140000,35715,35789,35715,35778,129
20180105,141500,35801,35802,35774,35774,77
20180105,143000,35797,35797,35681,35691,216
20180105,144500,35716,35749,35623,35641,168
20180105,150000,35650,35678,35620,35641,84
20180105,151500,35653,35774,35652,35768,199
20180105,153000,35778,35789,35725,35744,74
20180105,154500,35750,35801,35750,35782,115
20180105,160000,35798,35827,35761,35815,197
20180105,161500,35816,35832,35776,35787,265
20180105,163000,35772,35824,35709,35824,418
20180105,164500,35800,35847,35793,35812,171
20180105,170000,35775,35828,35758,35826,126
20180105,171500,35826,35840,35811,35839,100
20180105,173000,35844,35970,35844,35958,236
20180105,174500,35959,36009,35959,35979,190
20180105,180000,35973,36009,35897,35993,618
20180105,181500,35986,36028,35944,35964,359
20180105,183000,35964,36147,35964,36079,1005
20180105,190000,36100,36182,36100,36127,62
20180105,191500,36125,36180,36105,36169,102
20180105,193000,36134,36145,36122,36122,23
20180105,194500,36122,36142,36115,36120,27
20180105,200000,36120,36120,36106,36106,8
20180105,201500,36120,36144,36120,36122,12
20180105,203000,36145,36146,36145,36146,3
20180105,210000,36124,36150,36124,36149,6
20180105,211500,36150,36150,36147,36150,8
20180105,213000,36150,36153,36145,36145,34
20180105,214500,36150,36162,36146,36162,12
20180105,220000,36162,36163,36150,36150,7
20180105,221500,36151,36202,36150,36202,53
20180105,223000,36191,36191,36180,36180,3
20180105,224500,36192,36198,36181,36185,12
20180105,230000,36196,36196,36180,36189,21
20180105,231500,36182,36186,36182,36186,26
20180105,233000,36185,36210,36180,36210,38
20180105,234500,36212,36250,36212,36250,12
20180109,100000,36268,36479,36254,36478,726
20180109,101500,36457,36495,36371,36400,423
20180109,103000,36401,36430,36365,36405,80
20180109,104500,36401,36444,36400,36437,235
20180109,110000,36444,36473,36369,36438,928
20180109,111500,36446,36620,36431,36592,934
20180109,113000,36600,36605,36524,36574,320
20180109,114500,36586,36662,36581,36598,448
20180109,120000,36606,36662,36575,36623,155
20180109,121500,36635,36715,36609,36715,174
20180109,123000,36725,36757,36665,36710,273
20180109,124500,36717,36970,36717,36930,608
20180109,130000,36922,36961,36857,36927,447
20180109,131500,36940,36950,36886,36900,206
20180109,133000,36900,36900,36792,36798,299
20180109,134500,36800,36800,36747,36791,420
20180109,140000,36789,36796,36741,36779,833
20180109,141500,36774,36778,36661,36704,285
20180109,143000,36709,36755,36665,36666,192
20180109,144500,36662,36736,36654,36671,108
20180109,150000,36684,36720,36666,36699,184
20180109,151500,36690,36729,36615,36670,532
20180109,153000,36659,36717,36621,36676,382
20180109,154500,36687,36740,36654,36689,257
20180109,160000,36714,36733,36671,36675,224
20180109,161500,36676,36695,36626,36695,175
20180109,163000,36685,36919,36682,36861,1151
20180109,164500,36875,36880,36800,36840,241
20180109,170000,36841,36928,36818,36913,215
20180109,171500,36910,36955,36888,36924,108
20180109,173000,36923,36929,36851,36851,162
20180109,174500,36851,36926,36831,36832,337
20180109,180000,36832,36832,36667,36762,507
20180109,181500,36766,36810,36690,36700,379
20180109,183000,36736,36871,36732,36757,450
20180109,190000,36889,36899,36733,36862,255
20180109,191500,36820,36840,36819,36821,46
20180109,193000,36837,36875,36822,36875,60
20180109,194500,36858,36913,36850,36861,111
20180109,200000,36852,36873,36824,36834,42
20180109,201500,36834,36856,36809,36852,40
20180109,203000,36848,36848,36801,36801,59
20180109,204500,36842,36844,36803,36821,163
20180109,210000,36819,36819,36816,36819,118
20180109,211500,36819,36830,36819,36830,11
20180109,213000,36846,36859,36843,36859,101
20180109,214500,36848,36855,36805,36818,37
20180109,220000,36849,36870,36849,36870,174
20180109,221500,36860,36870,36859,36870,32
20180109,223000,36874,36900,36874,36900,50
20180109,224500,36899,36900,36898,36900,79
20180109,230000,36900,36922,36900,36922,40
20180109,231500,36905,36905,36885,36885,27
20180109,233000,36885,36885,36883,36883,55
20180109,234500,36899,36917,36883,36883,24
20180110,100000,36922,36950,36766,36830,1308
20180110,101500,36807,36837,36738,36805,687
20180110,103000,36790,36805,36717,36765,339
20180110,104500,36762,36776,36650,36709,1392
20180110,110000,36707,36775,36566,36631,1144
20180110,111500,36640,36661,36569,36651,632
20180110,113000,36644,36654,36566,36580,1031
20180110,114500,36588,36592,36442,36459,1350
20180110,120000,36471,36591,36471,36571,521
20180110,121500,36593,36619,36554,36598,223
20180110,123000,36585,36675,36585,36668,431
20180110,124500,36660,36725,36608,36725,403
20180110,130000,36715,36715,36675,36689,224
20180110,131500,36705,36762,36704,36741,377
20180110,133000,36744,36747,36585,36642,670
20180110,134500,36667,36714,36620,36698,347
20180110,140000,36665,36725,36651,36695,396
20180110,141500,36730,36764,36729,36764,235
20180110,143000,36761,36776,36740,36740,205
20180110,144500,36751,36765,36715,36757,97
20180110,150000,36745,36791,36742,36750,341
20180110,151500,36758,36804,36750,36750,282
20180110,153000,36751,36813,36737,36813,93
20180110,154500,36813,36886,36750,36872,516
20180110,160000,36888,36951,36827,36855,472
20180110,161500,36851,36893,36724,36743,897
20180110,163000,36760,36825,36749,36772,202
20180110,164500,36815,36878,36815,36841,297
20180110,170000,36834,36885,36818,36850,328
20180110,171500,36846,36910,36800,36890,1449
20180110,173000,36878,36879,36775,36878,600
20180110,174500,36877,36924,36840,36860,284
20180110,180000,36848,36914,36848,36903,532
20180110,181500,36920,36947,36868,36899,371
20180110,183000,36891,36899,36820,36856,482
20180110,190000,36843,36950,36810,36945,203
20180110,191500,36940,37000,36920,36960,284
20180110,193000,36960,36972,36950,36950,19
20180110,194500,36934,36949,36916,36940,81
20180110,200000,36932,36932,36884,36900,94
20180110,203000,36900,36913,36900,36913,4
20180110,204500,36897,36897,36897,36897,1
20180110,210000,36892,36911,36892,36901,5
20180110,211500,36901,36917,36901,36916,37
20180110,213000,36902,36939,36902,36929,15
20180110,214500,36929,36929,36903,36917,11
20180110,220000,36921,36953,36921,36942,23
20180110,221500,36939,36940,36919,36921,7
20180110,223000,36923,36936,36923,36936,7
20180110,224500,36928,36928,36927,36927,3
20180110,230000,36940,36944,36921,36943,14
20180110,231500,36931,36959,36921,36959,41
20180110,233000,36947,36975,36905,36905,30
20180110,234500,36905,36927,36896,36927,9
20180111,100000,36928,36928,36760,36785,922
20180111,101500,36772,36774,36637,36674,583
20180111,103000,36674,36723,36653,36680,356
20180111,104500,36669,36685,36594,36606,156
20180111,110000,36606,36839,36606,36834,1153
20180111,111500,36833,36911,36771,36816,329
20180111,113000,36826,36872,36786,36838,160
20180111,114500,36852,36906,36841,36851,345
20180111,120000,36846,36954,36836,36937,351
20180111,121500,36940,37085,36940,37065,1277
20180111,123000,37060,37061,36998,37011,99
20180111,124500,37012,37012,36989,37012,49
20180111,130000,37025,37060,37006,37050,87
20180111,131500,37053,37071,37022,37071,117
20180111,133000,37052,37070,37038,37061,145
20180111,134500,37061,37212,37061,37194,851
20180111,140000,37178,37199,37153,37188,151
20180111,141500,37183,37222,37183,37200,126
20180111,143000,37202,37202,37158,37158,180
20180111,144500,37159,37202,37155,37202,331
20180111,150000,37197,37357,37192,37300,934
20180111,151500,37299,37322,37261,37322,161
20180111,153000,37312,37325,37234,37254,411
20180111,154500,37277,37290,37249,37277,124
20180111,160000,37276,37315,37245,37295,235
20180111,161500,37300,37316,37268,37282,250
20180111,163000,37275,37307,37201,37270,633
20180111,164500,37284,37317,37270,37283,347
20180111,170000,37299,37302,37137,37199,721
20180111,171500,37196,37237,37160,37237,390
20180111,173000,37222,37222,37142,37162,380
20180111,174500,37151,37181,37115,37175,453
20180111,180000,37184,37237,37140,37152,600
20180111,181500,37150,37255,37135,37255,629
20180111,183000,37244,37286,37214,37245,423
20180111,190000,37165,37308,37165,37209,38
20180111,191500,37218,37239,37195,37237,66
20180111,193000,37224,37245,37203,37203,60
20180111,194500,37218,37233,37218,37220,6
20180111,200000,37220,37220,37195,37195,27
20180111,201500,37198,37204,37189,37200,132
20180111,203000,37213,37234,37201,37234,26
20180111,204500,37217,37249,37208,37231,32
20180111,210000,37201,37205,37160,37201,110
20180111,211500,37177,37177,37150,37165,63
20180111,213000,37179,37179,37150,37150,6
20180111,214500,37179,37180,37166,37167,29
20180111,220000,37166,37189,37158,37189,6
20180111,221500,37190,37200,37150,37150,55
20180111,223000,37153,37182,37152,37182,30
20180111,224500,37174,37185,37154,37154,19
20180111,230000,37153,37170,37126,37145,44
20180111,231500,37131,37169,37120,37146,130
20180111,233000,37169,37198,37169,37198,86
20180111,234500,37197,37197,37172,37172,12
20180112,100000,37178,37205,37015,37068,1796
20180112,101500,37045,37148,37037,37107,366
20180112,103000,37115,37150,37031,37050,943
20180112,104500,37049,37103,37049,37100,673
20180112,110000,37103,37161,36968,36984,1119
20180112,111500,36980,37055,36942,37054,577
20180112,113000,37054,37054,36985,36988,252
20180112,114500,36995,37104,36990,37095,186
20180112,120000,37097,37155,37050,37149,726
20180112,121500,37141,37145,37060,37061,475
20180112,123000,37067,37074,37027,37066,43
20180112,124500,37059,37140,37058,37074,326
20180112,130000,37070,37178,37053,37150,785
20180112,131500,37149,38558,37110,38465,11923
20180112,133000,38465,39173,38389,38883,10733
20180112,134500,38898,38950,38725,38929,3128
20180112,140000,38938,39750,38871,39538,10714
20180112,141500,39537,39537,39280,39360,6888
20180112,143000,39368,39474,38968,39170,11183
20180112,144500,39164,39284,39060,39271,2372
20180112,150000,39279,39480,39264,39474,1613
20180112,151500,39474,39659,39419,39618,4869
20180112,153000,39618,39883,39555,39629,3908
20180112,154500,39644,39677,39508,39541,932
20180112,160000,39541,39572,39359,39480,2033
20180112,161500,39480,39500,39216,39242,2239
20180112,163000,39248,39385,39210,39321,1963
20180112,164500,39325,39350,39208,39303,1463
20180112,170000,39290,39312,39240,39302,555
20180112,171500,39311,39584,39306,39461,2190
20180112,173000,39471,39494,39250,39303,2198
20180112,174500,39303,39452,39303,39387,1685
20180112,180000,39398,39409,39311,39373,652
20180112,181500,39361,39401,39322,39364,593
20180112,183000,39362,39704,39358,39526,1902
20180112,190000,39481,39650,39480,39640,237
20180112,191500,39640,39650,39544,39637,117
20180112,193000,39630,39673,39627,39660,95
20180112,194500,39657,39703,39657,39703,222
20180112,200000,39689,39793,39689,39786,792
20180112,201500,39763,39790,39697,39700,223
20180112,203000,39696,39739,39680,39735,152
20180112,204500,39734,39775,39700,39775,139
20180112,210000,39768,39774,39749,39749,65
20180112,211500,39747,39748,39670,39698,337
20180112,213000,39698,39725,39676,39716,112
20180112,214500,39730,39750,39721,39746,90
20180112,220000,39732,39732,39700,39720,132
20180112,221500,39719,39720,39710,39720,48
20180112,223000,39720,39744,39692,39692,321
20180112,224500,39700,39715,39681,39700,121
20180112,230000,39700,39706,39677,39690,202
20180112,231500,39690,39709,39688,39692,132
20180112,233000,39692,39725,39692,39725,135
20180112,234500,39720,39750,39720,39750,128
20180115,100000,39764,40133,39759,39911,3631
20180115,101500,39875,39875,39651,39828,2760
20180115,103000,39834,39840,39673,39717,820
20180115,104500,39716,39977,39710,39810,1324
20180115,110000,39800,39800,39491,39498,3834
20180115,111500,39518,39608,39421,39608,1292
20180115,113000,39612,39612,39353,39385,1943
20180115,114500,39385,39437,39264,39387,1907
20180115,120000,39403,39427,39293,39306,912
20180115,121500,39307,39540,39280,39505,1400
20180115,123000,39510,39564,39450,39477,1019
20180115,124500,39469,39492,39327,39377,559
20180115,130000,39382,39400,39306,39356,320
20180115,131500,39350,39448,39331,39367,693
20180115,133000,39386,39426,39386,39401,206
20180115,134500,39400,39477,39384,39428,678
20180115,140000,39419,39450,39354,39447,715
20180115,141500,39435,39498,39421,39493,351
20180115,143000,39493,39500,39468,39493,125
20180115,144500,39499,39530,39498,39509,135
20180115,150000,39536,39572,39526,39529,295
20180115,151500,39525,39542,39430,39530,346
20180115,153000,39521,39528,39463,39510,174
20180115,154500,39510,39563,39475,39562,286
20180115,160000,39552,39675,39537,39610,401
20180115,161500,39606,39626,39575,39610,302
20180115,163000,39611,39648,39517,39527,591
20180115,164500,39515,39578,39493,39538,346
20180115,170000,39538,39560,39460,39475,693
20180115,171500,39467,39484,39377,39476,442
20180115,173000,39480,39480,39380,39438,1037
20180115,174500,39417,39420,39360,39387,245
20180115,180000,39378,39438,39375,39386,375
20180115,181500,39391,39440,39348,39349,469
20180115,183000,39349,39354,39247,39301,481
20180115,190000,39295,39335,39267,39267,69
20180115,191500,39269,39344,39269,39330,84
20180115,193000,39301,39330,39271,39304,48
20180115,194500,39280,39280,39210,39249,102
20180115,200000,39249,39297,39201,39210,150
20180115,201500,39232,39241,39232,39241,9
20180115,203000,39250,39268,39250,39259,16
20180115,204500,39244,39270,39241,39251,23
20180115,210000,39272,39280,39240,39280,32
20180115,211500,39280,39304,39280,39300,30
20180115,213000,39300,39345,39296,39334,70
20180115,214500,39328,39334,39314,39314,17
20180115,220000,39314,39314,39308,39314,3
20180115,221500,39314,39487,39314,39438,155
20180115,223000,39476,39488,39388,39435,81
20180115,224500,39413,39413,39400,39400,11
20180115,230000,39391,39419,39380,39380,21
20180115,231500,39402,39410,39402,39410,15
20180115,233000,39410,39410,39381,39381,23
20180115,234500,39379,39379,39352,39352,18
20180116,100000,39350,39360,39215,39318,831
20180116,101500,39317,39317,39040,39065,1599
20180116,103000,39090,39218,39039,39143,704
20180116,104500,39129,39338,39122,39329,527
20180116,110000,39313,39426,38980,38988,1701
20180116,111500,38985,39009,38832,38841,1263
20180116,113000,38841,38880,38628,38640,1204
20180116,114500,38641,38857,38638,38808,833
20180116,120000,38807,38807,38342,38482,3367
20180116,121500,38482,38600,38474,38540,1506
20180116,123000,38553,38566,38485,38521,449
20180116,124500,38521,38541,38403,38520,482
20180116,130000,38526,38569,38435,38435,446
20180116,131500,38431,38546,38412,38491,229
20180116,133000,38486,38490,38281,38350,1030
20180116,134500,38337,38492,38324,38411,418
20180116,140000,38381,38381,38129,38137,1050
20180116,141500,38139,38405,38136,38364,1321
20180116,143000,38363,38457,38226,38399,493
20180116,144500,38422,38596,38415,38516,1139
20180116,150000,38519,38584,38435,38437,379
20180116,151500,38435,38684,38392,38667,1361
20180116,153000,38660,38774,38629,38737,613
20180116,154500,38742,38744,38592,38620,398
20180116,160000,38617,38682,38564,38676,327
20180116,161500,38659,38739,38645,38699,1337
20180116,163000,38698,38798,38682,38721,724
20180116,164500,38724,38793,38623,38785,620
20180116,170000,38795,38815,38572,38579,845
20180116,171500,38571,38607,38494,38528,944
20180116,173000,38533,38742,38533,38710,805
20180116,174500,38720,38824,38720,38749,914
20180116,180000,38744,38892,38715,38819,799
20180116,181500,38833,38990,38801,38866,593
20180116,183000,38865,39033,38840,38962,617
20180116,190000,38976,39024,38869,38870,535
20180116,191500,38897,38906,38862,38862,171
20180116,193000,38857,38902,38850,38850,157
20180116,194500,38850,38882,38835,38838,87
20180116,200000,38831,38918,38826,38918,224
20180116,201500,38900,38918,38839,38846,53
20180116,203000,38853,38856,38842,38856,6
20180116,204500,38843,38864,38837,38837,21
20180116,210000,38863,38870,38860,38869,22
20180116,211500,38870,38873,38852,38873,17
20180116,213000,38885,38899,38868,38868,12
20180116,214500,38865,38887,38853,38853,8
20180116,220000,38849,38849,38793,38793,108
20180116,221500,38795,38807,38760,38792,107
20180116,223000,38784,38791,38760,38760,35
20180116,224500,38766,38792,38760,38778,21
20180116,230000,38792,38820,38792,38815,32
20180116,231500,38804,38820,38789,38789,10
20180116,233000,38788,38825,38788,38825,29
20180116,234500,38801,38801,38798,38800,24
20180117,100000,38808,38864,38604,38832,1624
20180117,101500,38832,38835,38581,38737,1225
20180117,103000,38749,38771,38591,38633,662
20180117,104500,38635,38671,38568,38629,625
20180117,110000,38635,39099,38635,38842,1308
20180117,111500,38842,38909,38724,38889,660
20180117,113000,38904,38905,38753,38782,82
20180117,114500,38759,38886,38759,38805,205
20180117,120000,38780,38839,38745,38836,229
20180117,121500,38841,38876,38765,38828,353
20180117,123000,38828,38880,38800,38847,379
20180117,124500,38874,38939,38825,38865,114
20180117,130000,38841,38841,38787,38828,393
20180117,131500,38834,38858,38760,38829,271
20180117,133000,38815,38829,38690,38700,208
20180117,134500,38698,38734,38673,38706,113
20180117,140000,38739,38844,38720,38829,203
20180117,141500,38807,38847,38760,38847,108
20180117,143000,38847,38960,38818,38818,572
20180117,144500,38814,38885,38814,38885,139
20180117,150000,38890,38930,38861,38930,189
20180117,151500,38942,39006,38916,38998,272
20180117,153000,39009,39109,38971,39039,826
20180117,154500,39040,39043,38996,39015,35
20180117,160000,39031,39043,38971,39002,71
20180117,161500,38995,39045,38975,39025,377
20180117,163000,39027,39076,39010,39043,162
20180117,164500,39047,39109,39046,39071,308
20180117,170000,39055,39075,38978,38999,554
20180117,171500,39008,39068,38958,39048,922
20180117,173000,39022,39064,38923,38923,722
20180117,174500,38925,39011,38899,38958,468
20180117,180000,38966,39011,38883,38917,189
20180117,181500,38906,38945,38853,38865,263
20180117,183000,38870,38979,38870,38915,560
20180117,190000,38857,38948,38852,38912,35
20180117,191500,38913,38938,38913,38932,38
20180117,193000,38943,38945,38935,38945,5
20180117,194500,38949,38950,38937,38937,25
20180117,200000,38940,38950,38940,38950,16
20180117,201500,38949,38949,38949,38949,18
20180117,203000,38949,38974,38949,38974,88
20180117,204500,38966,38966,38965,38965,32
20180117,210000,38966,38982,38953,38953,42
20180117,213000,38964,38991,38964,38980,16
20180117,214500,38980,38980,38970,38970,10
20180117,220000,38969,38972,38967,38967,13
20180117,221500,38976,39002,38962,39001,118
20180117,223000,38987,39013,38987,39010,13
20180117,224500,39011,39013,38960,38960,59
20180117,230000,38976,38995,38976,38995,7
20180117,231500,38995,38995,38952,38952,80
20180117,233000,38955,38955,38953,38953,5
20180117,234500,38952,38959,38938,38959,20
20180118,100000,38959,39261,38956,39150,1194
20180118,101500,39156,39319,39128,39279,1035
20180118,103000,39266,39299,39254,39299,345
20180118,104500,39288,39310,39038,39198,529
20180118,110000,39190,39285,39100,39179,787
20180118,111500,39175,39267,39158,39206,168
20180118,113000,39199,39258,39136,39222,235
20180118,114500,39225,39240,39200,39236,49
20180118,120000,39210,39234,39020,39059,399
20180118,121500,39081,39127,39061,39071,81
20180118,123000,39080,39162,39035,39162,246
20180118,124500,39166,39193,39066,39131,451
20180118,130000,39126,39218,39120,39189,160
20180118,131500,39205,39211,39184,39184,41
20180118,133000,39187,39230,39166,39199,119
20180118,134500,39178,39258,39177,39250,126
20180118,140000,39244,39255,39218,39228,99
20180118,141500,39217,39242,39166,39171,683
20180118,143000,39172,39188,39138,39181,921
20180118,144500,39181,39201,39164,39200,103
20180118,150000,39185,39224,39166,39190,135
20180118,151500,39189,39248,39188,39219,37
20180118,153000,39227,39227,39129,39182,144
20180118,154500,39166,39184,39076,39092,230
20180118,160000,39107,39165,39027,39055,420
20180118,161500,39085,39128,39041,39076,263
20180118,163000,39076,39118,39001,39034,787
20180118,164500,39028,39082,39022,39052,201
20180118,170000,39060,39095,39013,39053,184
20180118,171500,39025,39049,38949,38970,687
20180118,173000,38962,39053,38920,39004,499
20180118,174500,39021,39066,39015,39025,160
20180118,180000,39021,39021,38840,38906,507
20180118,181500,38890,38946,38880,38899,158
20180118,183000,38908,38982,38838,38904,639
20180118,190000,38919,38960,38838,38952,117
20180118,191500,38965,38998,38940,38940,66
20180118,193000,38964,38973,38949,38955,10
20180118,194500,38955,38962,38933,38962,15
20180118,200000,38963,38964,38963,38964,2
20180118,201500,38972,39006,38971,39004,37
20180118,203000,38994,39034,38994,39003,52
20180118,204500,39001,39049,38999,39049,89
20180118,210000,39048,39116,39031,39100,84
20180118,211500,39090,39090,39071,39071,7
20180118,213000,39080,39086,39080,39086,9
20180118,214500,39080,39094,39064,39064,26
20180118,220000,39096,39097,39096,39097,3
20180118,221500,39096,39111,39087,39111,50
20180118,223000,39089,39120,39077,39120,69
20180118,224500,39103,39122,39093,39121,18
20180118,230000,39100,39119,39079,39099,22
20180118,231500,39100,39103,39050,39050,34
20180118,233000,39072,39108,39072,39103,78
20180118,234500,39109,39111,39109,39110,9
20180119,100000,39076,39235,38900,39196,1484
20180119,101500,39176,39190,39029,39074,551
20180119,103000,39091,39130,38982,38982,476
20180119,104500,38979,39089,38958,39049,482
20180119,110000,39046,39133,38969,38986,761
20180119,111500,38987,39075,38978,38978,208
20180119,113000,38978,39009,38909,38930,379
20180119,114500,38934,38981,38751,38860,1108
20180119,120000,38861,38892,38795,38872,226
20180119,121500,38892,38892,38807,38821,129
20180119,123000,38830,38854,38797,38828,61
20180119,124500,38821,38822,38777,38787,36
20180119,130000,38782,38782,38714,38753,179
20180119,131500,38763,38777,38592,38641,224
20180119,133000,38646,38732,38646,38725,268
20180119,134500,38725,38743,38692,38725,101
20180119,140000,38727,38735,38660,38691,163
20180119,141500,38697,38739,38643,38739,175
20180119,143000,38730,38745,38685,38685,133
20180119,144500,38705,38706,38658,38658,141
20180119,150000,38668,38694,38631,38665,148
20180119,151500,38666,38694,38645,38664,399
20180119,153000,38655,38689,38625,38651,169
20180119,154500,38635,38637,38420,38479,800
20180119,160000,38464,38585,38425,38585,492
20180119,161500,38585,38599,38529,38592,497
20180119,163000,38592,38626,38496,38514,636
20180119,164500,38498,38577,38464,38577,387
20180119,170000,38579,38618,38525,38618,442
20180119,171500,38620,38729,38619,38713,364
20180119,173000,38717,38888,38681,38888,851
20180119,174500,38876,39018,38810,38817,675
20180119,180000,38817,38876,38780,38800,378
20180119,181500,38809,38809,38616,38637,973
20180119,183000,38632,38687,38537,38594,728
20180119,190000,38650,38680,38575,38593,85
20180119,191500,38593,38620,38575,38620,39
20180119,193000,38589,38611,38588,38590,5
20180119,194500,38590,38590,38579,38579,6
20180119,200000,38609,38620,38596,38617,16
20180119,203000,38615,38640,38598,38640,59
20180119,204500,38626,38656,38625,38647,33
20180119,210000,38630,38640,38630,38640,6
20180119,211500,38633,38642,38620,38640,19
20180119,213000,38640,38640,38625,38625,2
20180119,214500,38650,38659,38643,38648,12
20180119,220000,38661,38667,38661,38667,15
20180119,221500,38652,38669,38651,38652,15
20180119,223000,38669,38680,38665,38665,8
20180119,224500,38670,38670,38670,38670,2
20180119,230000,38676,38709,38651,38651,39
20180119,231500,38680,38719,38668,38668,52
20180119,233000,38689,38689,38689,38689,1
20180119,234500,38695,38695,38657,38657,4
20180122,100000,38665,38795,38645,38665,841
20180122,101500,38666,38717,38562,38645,352
20180122,103000,38633,38716,38544,38708,276
20180122,104500,38711,38867,38643,38796,3131
20180122,110000,38813,38989,38782,38940,917
20180122,111500,38948,39104,38936,39085,323
20180122,113000,39086,39107,38997,39058,304
20180122,114500,39058,39069,38976,38990,383
20180122,120000,39015,39020,38935,39007,178
20180122,121500,38998,39018,38900,38916,153
20180122,123000,38918,38938,38877,38877,366
20180122,124500,38887,38918,38875,38903,51
20180122,130000,38921,38934,38885,38912,94
20180122,131500,38914,38926,38895,38895,156
20180122,133000,38897,38911,38810,38891,362
20180122,134500,38890,38911,38871,38880,76
20180122,140000,38893,38911,38877,38896,92
20180122,141500,38903,38909,38892,38898,40
20180122,143000,38903,38904,38872,38880,54
20180122,144500,38883,38889,38860,38887,55
20180122,150000,38887,38909,38877,38904,47
20180122,151500,38901,38901,38848,38880,84
20180122,153000,38887,38894,38878,38890,70
20180122,154500,38890,38898,38857,38869,62
20180122,160000,38879,38879,38792,38836,229
20180122,161500,38826,38905,38824,38844,314
20180122,163000,38852,38871,38835,38853,205
20180122,164500,38862,38884,38837,38842,119
20180122,170000,38848,38858,38679,38718,580
20180122,171500,38723,38772,38631,38724,366
20180122,173000,38708,38846,38699,38832,786
20180122,174500,38851,38928,38845,38903,366
20180122,180000,38912,38930,38894,38930,175
20180122,181500,38924,39013,38924,39003,435
20180122,183000,39009,39025,38968,39008,230
20180122,190000,39000,39025,39000,39025,45
20180122,191500,39043,39146,39003,39091,145
20180122,193000,39090,39150,39074,39120,44
20180122,194500,39104,39108,39100,39108,11
20180122,200000,39108,39108,39035,39043,134
20180122,201500,39071,39074,39050,39055,51
20180122,203000,39055,39055,38975,38975,328
20180122,204500,38975,39000,38975,38994,142
20180122,210000,38993,39000,38993,39000,14
20180122,211500,38987,38987,38960,38960,43
20180122,213000,38969,38970,38960,38960,83
20180122,214500,38960,38960,38935,38935,68
20180122,220000,38944,38947,38918,38920,102
20180122,221500,38923,38929,38875,38929,119
20180122,223000,38929,38950,38925,38950,61
20180122,224500,38949,38950,38925,38950,25
20180122,230000,38937,38949,38928,38949,73
20180122,231500,38948,38948,38919,38920,59
20180122,233000,38943,38970,38943,38959,136
20180122,234500,38968,38969,38945,38955,22
20180123,100000,38970,39074,38700,38967,2081
20180123,101500,38972,39020,38875,38893,624
20180123,103000,38888,38900,38672,38715,1308
20180123,104500,38715,38722,38680,38700,579
20180123,110000,38709,38850,38644,38849,1494
20180123,111500,38850,38874,38825,38840,412
20180123,113000,38838,38848,38630,38686,825
20180123,114500,38700,38732,38546,38605,447
20180123,120000,38581,38703,38575,38696,205
20180123,121500,38688,38688,38550,38550,573
20180123,123000,38550,38611,38544,38606,309
20180123,124500,38606,38646,38544,38631,233
20180123,130000,38630,38642,38516,38533,198
20180123,131500,38549,38604,38541,38555,306
20180123,133000,38541,38583,38511,38578,224
20180123,134500,38554,38560,38475,38485,522
20180123,140000,38475,38475,38330,38417,560
20180123,141500,38417,38550,38410,38536,246
20180123,143000,38534,38535,38416,38530,299
20180123,144500,38537,38545,38517,38545,194
20180123,150000,38533,38558,38521,38554,30
20180123,151500,38551,38551,38514,38535,148
20180123,153000,38535,38697,38535,38640,351
20180123,154500,38659,38699,38616,38688,453
20180123,160000,38673,38673,38574,38625,238
20180123,161500,38632,38721,38632,38700,314
20180123,163000,38700,38778,38550,38568,873
20180123,164500,38556,38575,38465,38571,380
20180123,170000,38568,38620,38520,38550,273
20180123,171500,38553,38686,38526,38614,277
20180123,173000,38603,38660,38574,38629,216
20180123,174500,38642,38676,38596,38609,417
20180123,180000,38649,38664,38590,38629,245
20180123,181500,38619,38661,38585,38637,328
20180123,183000,38648,38742,38640,38742,405
20180123,190000,38631,38855,38608,38820,222
20180123,191500,38794,38810,38793,38793,14
20180123,193000,38785,38835,38778,38778,26
20180123,194500,38776,38776,38768,38768,13
20180123,200000,38767,38767,38755,38755,24
20180123,201500,38755,38755,38714,38721,112
20180123,203000,38728,38756,38720,38756,16
20180123,204500,38731,38748,38715,38715,41
20180123,210000,38721,38750,38720,38750,6
20180123,211500,38756,38780,38752,38771,38
20180123,213000,38780,38790,38780,38783,60
20180123,214500,38791,38800,38790,38790,37
20180123,220000,38790,38790,38780,38783,16
20180123,221500,38789,38798,38780,38798,7
20180123,223000,38794,38800,38793,38800,20
20180123,224500,38803,38803,38792,38792,7
20180123,230000,38793,38810,38793,38810,65
20180123,231500,38800,38828,38800,38828,16
20180123,233000,38815,38835,38814,38828,1871
20180123,234500,38831,38831,38800,38805,82
20180124,100000,38830,38835,38701,38737,495
20180124,101500,38740,38740,38471,38590,2011
20180124,103000,38559,38599,38527,38563,501
20180124,104500,38586,38627,38520,38549,450
20180124,110000,38549,38640,38546,38559,505
20180124,111500,38549,38670,38549,38632,507
20180124,113000,38646,38758,38525,38747,481
20180124,114500,38760,38824,38700,38713,481
20180124,120000,38722,38753,38626,38662,127
20180124,121500,38651,38746,38619,38660,158
20180124,123000,38669,38783,38669,38764,110
20180124,124500,38781,38805,38703,38804,539
20180124,130000,38810,38820,38706,38724,150
20180124,131500,38720,38800,38707,38787,144
20180124,133000,38797,38802,38732,38781,226
20180124,134500,38767,38793,38735,38766,207
20180124,140000,38766,38766,38718,38738,86
20180124,141500,38740,38750,38719,38731,138
20180124,143000,38749,38766,38705,38766,151
20180124,144500,38756,38810,38752,38764,193
20180124,150000,38774,38795,38752,38795,119
20180124,151500,38775,38778,38741,38741,184
20180124,153000,38770,38826,38770,38770,157
20180124,154500,38769,38793,38726,38744,346
20180124,160000,38748,38776,38727,38766,96
20180124,161500,38775,38778,38743,38743,126
20180124,163000,38750,38802,38750,38754,147
20180124,164500,38751,38756,38713,38741,581
20180124,170000,38753,38764,38716,38726,193
20180124,171500,38720,38734,38648,38671,162
20180124,173000,38673,38868,38653,38848,726
20180124,174500,38856,38918,38791,38829,2020
20180124,180000,38829,38832,38778,38810,220
20180124,181500,38823,38850,38797,38841,215
20180124,183000,38850,38885,38802,38855,395
20180124,190000,38846,38950,38814,38814,319
20180124,191500,38815,38826,38791,38791,89
20180124,193000,38797,38803,38700,38706,86
20180124,194500,38740,38749,38736,38749,13
20180124,200000,38759,38765,38735,38746,12
20180124,201500,38773,38775,38727,38766,27
20180124,203000,38765,38775,38765,38775,9
20180124,204500,38780,38800,38779,38780,26
20180124,210000,38767,38768,38737,38737,35
20180124,211500,38744,38772,38721,38770,76
20180124,213000,38769,38813,38769,38813,102
20180124,214500,38822,38845,38822,38845,37
20180124,220000,38836,38850,38836,38850,26
20180124,221500,38850,38895,38848,38894,103
20180124,223000,38875,38933,38875,38933,45
20180124,224500,38938,38938,38900,38900,29
20180124,230000,38923,38923,38923,38923,2
20180124,231500,38923,38925,38923,38925,10
20180124,233000,38925,38980,38925,38960,64
20180124,234500,38936,38951,38936,38951,3
20180125,100000,38931,38995,38818,38910,920
20180125,101500,38886,38909,38865,38909,122
20180125,103000,38896,38919,38841,38877,360
20180125,104500,38870,38922,38845,38846,154
20180125,110000,38846,38914,38698,38713,1411
20180125,111500,38724,38769,38638,38740,382
20180125,113000,38725,38725,38603,38696,187
20180125,114500,38691,38735,38642,38700,218
20180125,120000,38712,38737,38690,38695,160
20180125,121500,38695,38726,38662,38690,299
20180125,123000,38703,38721,38662,38673,228
20180125,124500,38697,38753,38679,38713,951
20180125,130000,38720,38861,38683,38839,916
20180125,131500,38832,38871,38781,38790,654
20180125,133000,38782,38782,38702,38714,543
20180125,134500,38700,38770,38666,38747,422
20180125,140000,38746,38759,38666,38718,283
20180125,141500,38705,38735,38684,38687,558
20180125,143000,38697,38766,38685,38725,330
20180125,144500,38754,38777,38665,38769,342
20180125,150000,38770,38770,38710,38761,358
20180125,151500,38787,38797,38698,38758,385
20180125,153000,38759,38788,38729,38743,233
20180125,154500,38739,38739,38668,38702,173
20180125,160000,38715,38722,38675,38682,158
20180125,161500,38698,38715,38606,38606,534
20180125,163000,38616,38632,38510,38545,407
20180125,164500,38541,38607,38476,38560,516
20180125,170000,38555,38560,38470,38525,779
20180125,171500,38546,38617,38522,38590,218
20180125,173000,38602,38619,38534,38619,354
20180125,174500,38615,38660,38542,38595,302
20180125,180000,38589,38631,38540,38589,182
20180125,181500,38594,38598,38517,38580,838
20180125,183000,38582,38604,38499,38505,701
20180125,190000,38480,38528,38480,38528,99
20180125,191500,38531,38552,38502,38502,43
20180125,193000,38556,38600,38545,38589,53
20180125,194500,38599,38600,38571,38576,14
20180125,200000,38584,38600,38556,38587,43
20180125,201500,38594,38594,38545,38566,51
20180125,203000,38575,38575,38560,38560,53
20180125,204500,38558,38571,38558,38571,7
20180125,211500,38589,38589,38589,38589,2
20180125,214500,38559,38578,38558,38578,12
20180125,220000,38578,38578,38535,38550,4
20180125,221500,38535,38554,38524,38554,12
20180125,223000,38524,38537,38426,38426,110
20180125,224500,38440,38458,38407,38458,30
20180125,230000,38436,38469,38406,38445,81
20180125,231500,38438,38471,38410,38460,49
20180125,233000,38433,38450,38411,38441,48
20180125,234500,38440,38473,38440,38473,28
20180126,100000,38513,38590,38426,38454,794
20180126,101500,38446,38469,38212,38438,833
20180126,103000,38444,38648,38444,38534,694
20180126,104500,38533,38568,38400,38400,176
20180126,110000,38398,38610,38388,38610,715
20180126,111500,38616,38633,38572,38580,361
20180126,113000,38585,38599,38550,38574,86
20180126,114500,38569,38579,38544,38553,107
20180126,120000,38563,38563,38487,38508,424
20180126,121500,38517,38547,38507,38507,241
20180126,123000,38502,38576,38496,38561,379
20180126,124500,38557,38557,38522,38535,144
20180126,130000,38520,38556,38505,38533,64
20180126,131500,38538,38556,38475,38475,280
20180126,133000,38483,38508,38467,38481,95
20180126,134500,38479,38529,38476,38493,83
20180126,140000,38500,38506,38477,38485,33
20180126,141500,38482,38512,38477,38494,66
20180126,143000,38483,38491,38451,38475,219
20180126,144500,38485,38561,38485,38537,70
20180126,150000,38530,38565,38523,38553,157
20180126,151500,38559,38569,38507,38544,281
20180126,153000,38544,38544,38507,38517,288
20180126,154500,38521,38543,38510,38512,454
20180126,160000,38512,38546,38506,38509,125
20180126,161500,38510,38513,38473,38506,90
20180126,163000,38495,38495,38409,38409,352
20180126,164500,38405,38406,38276,38349,576
20180126,170000,38360,38480,38360,38414,1393
20180126,171500,38432,38432,38302,38321,464
20180126,173000,38322,38397,38305,38320,385
20180126,174500,38319,38377,38289,38334,546
20180126,180000,38335,38353,38233,38247,448
20180126,181500,38245,38273,38163,38273,487
20180126,183000,38275,38377,38275,38356,489
20180126,190000,38376,38428,38363,38428,151
20180126,191500,38390,38417,38385,38400,78
20180126,193000,38416,38539,38416,38487,128
20180126,194500,38484,38516,38476,38476,37
20180126,200000,38506,38507,38504,38504,8
20180126,201500,38500,38500,38484,38494,13
20180126,203000,38476,38490,38475,38490,15
20180126,204500,38489,38505,38489,38505,25
20180126,210000,38520,38537,38520,38530,29
20180126,211500,38528,38532,38528,38530,3
20180126,213000,38527,38530,38500,38530,31
20180126,214500,38527,38530,38527,38530,8
20180126,221500,38512,38520,38495,38497,71
20180126,223000,38495,38504,38478,38495,32
20180126,224500,38516,38516,38516,38516,1
20180126,230000,38527,38549,38507,38541,58
20180126,231500,38549,38558,38532,38547,30
20180126,233000,38553,38554,38525,38525,41
