20170921,123000,6500,6500,6320,6400,60
20170921,133000,6420,6420,6420,6420,1
20170922,100000,6408,6427,6407,6427,3
20170922,113000,6407,6407,6403,6403,2
20170922,133000,6424,6441,6424,6441,8
20170922,143000,6421,6421,6419,6419,2
20170922,153000,6440,6440,6420,6420,36
20170922,160000,6405,6405,6405,6405,2
20170922,163000,6390,6390,6390,6390,2
20170922,170000,6375,6375,6375,6375,2
20170922,223000,6393,6393,6393,6393,1
20170925,100000,6397,6408,6397,6408,2
20170925,110000,6388,6388,6388,6388,1
20170925,113000,6377,6377,6377,6377,1
20170925,123000,6396,6396,6396,6396,1
20170925,160000,6408,6468,6408,6468,10
20170925,163000,6470,6486,6450,6486,7
20170925,170000,6498,6500,6498,6500,2
20170925,173000,6513,6515,6493,6515,6
20170925,180000,6495,6513,6493,6513,3
20170925,190000,6515,6515,6515,6515,1
20170926,100000,6520,6520,6480,6480,6
20170926,103000,6487,6500,6487,6500,11
20170926,110000,6505,6520,6505,6510,12
20170926,113000,6502,6502,6495,6495,2
20170926,123000,6515,6530,6515,6530,3
20170926,130000,6510,6510,6494,6494,4
20170926,150000,6485,6485,6470,6470,3
20170926,170000,6490,6490,6490,6490,1
20170926,173000,6500,6505,6500,6505,2
20170926,180000,6487,6487,6472,6472,3
20170926,183000,6465,6465,6465,6465,1
20170927,100000,6485,6507,6485,6507,4
20170927,103000,6489,6489,6474,6474,3
20170927,110000,6465,6465,6465,6465,1
20170927,120000,6459,6459,6459,6459,1
20170927,130000,6479,6544,6476,6476,60
20170927,133000,6499,6499,6499,6499,2
20170927,143000,6475,6475,6475,6475,1
20170927,150000,6495,6499,6495,6499,2
20170927,153000,6475,6551,6433,6445,18
20170927,160000,6435,6540,6398,6415,76
20170927,173000,6435,6470,6429,6429,9
20170927,180000,6416,6485,6416,6425,7
20170927,230000,6415,6457,6415,6457,6
20170927,233000,6427,6427,6427,6427,1
20170928,100000,6447,6447,6447,6447,1
20170928,103000,6427,6427,6427,6427,1
20170928,113000,6447,6450,6447,6450,2
20170928,120000,6462,6521,6462,6521,30
20170928,123000,6460,6475,6433,6435,22
20170928,130000,6445,6445,6445,6445,1
20170928,140000,6433,6462,6433,6462,3
20170928,143000,6442,6482,6427,6464,93
20170928,150000,6458,6463,6458,6463,3
20170928,170000,6442,6442,6442,6442,1
20170928,173000,6430,6435,6415,6435,14
20170928,180000,6447,6447,6427,6427,2
20170928,190000,6415,6415,6154,6154,17
20170928,193000,6410,6410,6410,6410,1
20170928,200000,6420,6420,6420,6420,1
20170928,203000,6426,6426,6426,6426,1
20170929,100000,6415,6435,6415,6435,3
20170929,110000,6445,6460,6368,6450,15
20170929,113000,6430,6452,6430,6450,13
20170929,120000,6430,6440,6416,6438,16
20170929,123000,6445,6460,6445,6460,3
20170929,143000,6440,6440,6440,6440,1
20170929,153000,6430,6434,6415,6434,8
20170929,163000,6435,6435,6435,6435,1
20170929,180000,6415,6415,6410,6410,2
20171002,100000,6430,6440,6430,6440,2
20171002,103000,6432,6448,6432,6448,12
20171002,110000,6449,6449,6449,6449,1
20171002,113000,6444,6444,6443,6443,5
20171002,123000,6457,6457,6457,6457,1
20171002,130000,6436,6436,6416,6416,13
20171002,133000,6436,6436,6436,6436,1
20171002,170000,6413,6413,6381,6381,6
20171002,173000,6371,6371,6361,6361,2
20171002,230000,6383,6383,6383,6383,1
20171002,233000,6392,6392,6392,6392,1
20171003,100000,6402,6422,6402,6402,12
20171003,130000,6388,6388,6388,6388,1
20171003,140000,6407,6417,6407,6417,2
20171003,150000,6415,6415,6415,6415,3
20171003,153000,6413,6413,6413,6413,7
20171003,163000,6423,6423,6423,6423,1
20171003,170000,6442,6446,6432,6432,17
20171003,180000,6421,6421,6411,6411,3
20171003,183000,6402,6402,6392,6392,3
20171004,100000,6384,6384,6374,6374,3
20171004,110000,6364,6364,6364,6364,1
20171004,113000,6362,6362,6362,6362,1
20171004,123000,6381,6382,6381,6382,2
20171004,130000,6390,6390,6390,6390,10
20171004,153000,6388,6397,6388,6397,2
20171004,163000,6376,6376,6376,6376,1
20171005,160000,6350,6350,6328,6328,6
20171005,163000,6319,6319,6318,6318,2
20171005,170000,6308,6308,6307,6307,2
20171005,173000,6327,6329,6327,6329,3
20171005,180000,6336,6355,6329,6355,6
20171005,193000,6364,6364,6364,6364,1
20171005,203000,6362,6363,6362,6363,2
20171005,233000,6369,6369,6369,6369,1
20171006,100000,6378,6378,6360,6360,11
20171006,103000,6380,6502,6380,6411,82
20171006,130000,6428,6428,6428,6428,1
20171006,150000,6400,6438,6400,6400,12
20171006,170000,6441,6490,6423,6423,36
20171006,173000,6403,6420,6383,6383,25
20171009,120000,6387,6406,6356,6380,28
20171010,143000,6368,6368,6368,6368,3
20171010,163000,6380,6380,6380,6380,1
20171011,100000,6388,6388,6388,6388,1
20171011,153000,6357,6357,6357,6357,60
20171011,160000,6357,6357,6357,6357,60
20171011,173000,6357,6357,6357,6357,180
20171011,200000,6358,6358,6358,6358,1
20171011,233000,6354,6354,6354,6354,1
20171012,190000,6364,6366,6364,6366,2
20171012,193000,6340,6340,6340,6340,1
20171013,163000,6340,6340,6340,6340,1
20171016,153000,6351,6351,6351,6351,5
20171016,203000,6340,6340,6340,6340,1
20171017,143000,6300,6300,6300,6300,1
20171017,160000,6300,6300,6300,6300,1
20171017,163000,6300,6300,6300,6300,199
20171018,123000,6279,6279,6279,6279,1
20171018,190000,6269,6270,6263,6263,14
20171018,193000,6265,6269,6265,6269,5
20171018,220000,6268,6270,6268,6270,3
20171019,103000,6258,6258,6257,6257,3
20171019,110000,6257,6257,6253,6253,5
20171019,140000,6255,6255,6255,6255,3
20171019,153000,6252,6252,6252,6252,1
20171019,163000,6240,6240,6234,6234,7
20171019,190000,6235,6235,6235,6235,1
20171020,100000,6270,6270,6260,6260,2
20171020,113000,6250,6250,6250,6250,142
20171020,120000,6250,6250,6250,6250,58
20171020,163000,6245,6245,6245,6245,1
20171023,133000,6245,6245,6245,6245,3
20171023,170000,6244,6244,6244,6244,1
20171023,183000,6240,6240,6230,6230,2
20171023,190000,6253,6256,6253,6256,30
20171023,200000,6255,6256,6255,6256,20
20171024,103000,6243,6243,6241,6241,2
20171024,230000,6296,6329,6296,6329,2
20171024,233000,6305,6333,6305,6333,2
20171025,103000,6328,6334,6296,6306,791
20171025,110000,6286,6300,6285,6285,22
20171025,120000,6300,6300,6300,6300,1
20171025,123000,6301,6306,6301,6306,9
20171025,130000,6304,6304,6304,6304,2
20171025,170000,6290,6290,6290,6290,1
20171025,173000,6285,6285,6280,6280,3
20171025,180000,6275,6275,6270,6270,2
20171026,103000,6247,6247,6240,6240,8
20171026,120000,6238,6238,6238,6238,1
20171026,143000,6235,6235,6235,6235,90
20171026,150000,6235,6235,6235,6235,10
20171026,163000,6230,6230,6230,6230,60
20171026,183000,6230,6230,6230,6230,1
20171026,193000,6230,6230,6230,6230,1
20171027,110000,6270,6270,6270,6270,5
20171027,133000,6255,6255,6255,6255,7
20171027,150000,6263,6263,6263,6263,1
20171027,163000,6275,6275,6255,6260,8
20171027,170000,6255,6255,6255,6255,1
20171027,180000,6260,6260,6240,6245,6
20171030,113000,6251,6251,6251,6251,10
20171030,120000,6247,6250,6247,6247,138
20171030,170000,6245,6245,6245,6245,1
20171030,180000,6228,6228,6228,6228,5
20171031,100000,6229,6229,6229,6229,5
20171031,110000,6237,6247,6237,6247,3
20171031,140000,6224,6224,6224,6224,3
20171031,173000,6210,6210,6210,6210,1
20171101,110000,6250,6250,6250,6250,1
20171101,143000,6230,6230,6230,6230,1
20171101,163000,6228,6228,6228,6228,1
20171101,183000,6181,6181,6181,6181,1
20171101,190000,6200,6200,6200,6200,1
20171102,170000,6130,6185,6130,6185,2
20171103,100000,6157,6157,6156,6156,5
20171103,113000,6181,6181,6181,6181,12
20171103,123000,6165,6165,6152,6152,22
20171103,163000,6173,6173,6173,6173,10
20171103,173000,6148,6148,6148,6148,10
20171107,113000,6169,6169,6169,6169,10
20171107,143000,6264,6264,6235,6235,11
20171108,130000,6255,6255,6255,6255,1
20171108,133000,6260,6262,6260,6262,2
20171108,160000,6268,6268,6251,6251,2
20171108,170000,6272,6272,6272,6272,24
20171108,213000,6196,6196,6196,6196,2
20171109,103000,6315,6404,6315,6352,66
20171109,113000,6340,6340,6340,6340,10
20171109,130000,6341,6341,6341,6341,1
20171109,170000,6332,6332,6332,6332,10
20171110,103000,6250,6250,6250,6250,1
20171110,193000,6200,6200,6200,6200,1
20171113,123000,6233,6234,6233,6234,2
20171113,133000,6214,6214,6214,6214,12
20171113,173000,6219,6219,6219,6219,1
20171113,180000,6218,6218,6194,6194,2
20171113,230000,6220,6235,6220,6235,5
20171114,100000,6174,6175,6174,6175,15
20171114,110000,6110,6110,6110,6110,10
20171114,123000,6155,6155,6155,6155,1
20171114,150000,6140,6140,6138,6138,9
20171114,163000,6135,6135,6135,6135,1
20171114,170000,6141,6141,6099,6099,5
20171114,180000,6090,6090,6075,6075,6
20171114,193000,6084,6084,6084,6084,1
20171114,213000,6090,6093,6090,6093,4
20171114,220000,6094,6097,6094,6097,4
20171115,100000,6070,6070,5975,5999,588
20171115,103000,5976,5976,5975,5975,383
20171115,110000,5975,5986,5970,5986,122
20171115,113000,5970,5970,5970,5970,9
20171115,120000,5970,5975,5945,5946,1217
20171115,123000,5946,5946,5855,5910,3047
20171115,130000,5910,5910,5901,5902,950
20171115,133000,5902,5902,5850,5859,1919
20171115,140000,5846,5852,5846,5852,2
20171115,143000,5830,5848,5790,5791,957
20171115,150000,5791,5830,5789,5830,916
20171115,160000,5780,5780,5768,5769,427
20171115,163000,5759,5760,5757,5760,1357
20171115,170000,5756,5758,5750,5758,796
20171115,180000,5771,5771,5720,5725,1181
20171115,183000,5717,5741,5717,5731,194
20171115,190000,5746,5747,5680,5680,31
20171115,193000,5680,5703,5674,5674,406
20171115,200000,5676,5676,5666,5666,600
20171115,203000,5706,5707,5706,5707,7
20171115,210000,5716,5716,5680,5680,6
20171115,220000,5680,5680,5680,5680,4
20171116,100000,5666,5681,5538,5571,159
20171116,103000,5574,5574,5574,5574,1
20171116,120000,5551,5551,5454,5464,486
20171116,123000,5460,5460,5360,5360,6
20171116,130000,5354,5354,5229,5276,3996
20171116,133000,5253,5260,5218,5231,1047
20171116,140000,5257,5280,5180,5180,39
20171116,143000,5198,5230,5198,5201,13
20171116,150000,5238,5239,5211,5211,36
20171116,153000,5240,5247,5211,5247,22
20171116,160000,5277,5280,5244,5277,36
20171116,163000,5281,5282,5253,5270,578
20171116,170000,5268,5268,5268,5268,1
20171116,173000,5260,5285,5260,5275,31
20171116,180000,5282,5371,5252,5341,299
20171116,183000,5342,5360,5342,5360,5
20171116,193000,5357,5357,5357,5357,2
20171116,200000,5360,5360,5360,5360,1
20171116,203000,5360,5360,5360,5360,4
20171116,223000,5377,5377,5377,5377,9
20171116,230000,5382,5400,5382,5400,6
20171117,100000,5399,5483,5399,5406,43
20171117,103000,5418,5418,5370,5370,30
20171117,110000,5421,5425,5421,5425,3
20171117,113000,5420,5425,5378,5425,96
20171117,120000,5430,5430,5413,5415,74
20171117,123000,5455,5507,5455,5505,145
20171117,130000,5505,5514,5477,5477,167
20171117,133000,5454,5454,5445,5445,61
20171117,140000,5423,5458,5422,5456,4
20171117,143000,5456,5456,5456,5456,5
20171117,150000,5477,5518,5477,5493,70
20171117,153000,5433,5433,5433,5433,1
20171117,160000,5451,5451,5451,5451,1
20171117,163000,5443,5443,5443,5443,2
20171117,170000,5453,5453,5416,5445,282
20171117,173000,5477,5477,5477,5477,40
20171117,180000,5455,5455,5455,5455,1
20171117,190000,5482,5482,5482,5482,2
20171117,193000,5462,5462,5462,5462,1
20171120,100000,5458,5502,5455,5502,5
20171120,103000,5515,5515,5515,5515,9
20171120,110000,5520,5520,5520,5520,20
20171120,120000,5498,5518,5491,5518,3
20171120,133000,5519,5519,5519,5519,1
20171120,143000,5560,5622,5560,5622,7
20171120,150000,5620,5621,5620,5621,1205
20171120,153000,5577,5577,5572,5577,19
20171120,160000,5577,5583,5577,5583,68
20171120,173000,5553,5589,5540,5589,130
20171120,190000,5560,5571,5560,5571,3
20171120,193000,5570,5570,5570,5570,4
20171121,103000,5563,5563,5493,5493,19
20171121,110000,5528,5528,5517,5517,5
20171121,113000,5496,5496,5415,5415,363
20171121,120000,5450,5450,5450,5450,1
20171121,123000,5453,5453,5450,5450,13
20171121,130000,5450,5450,5440,5440,8
20171121,133000,5420,5426,5420,5424,21
20171121,140000,5440,5442,5440,5442,20
20171121,173000,5460,5462,5460,5461,15
20171121,180000,5478,5478,5478,5478,5
20171121,213000,5489,5499,5489,5499,20
20171121,230000,5479,5479,5479,5479,1
20171121,233000,5479,5479,5479,5479,1
20171122,100000,5478,5478,5445,5445,47
20171122,110000,5440,5440,5426,5426,3
20171122,113000,5410,5410,5365,5381,281
20171122,120000,5398,5398,5396,5396,92
20171122,123000,5394,5394,5394,5394,55
20171122,130000,5419,5419,5419,5419,10
20171122,143000,5419,5429,5417,5429,280
20171122,160000,5413,5413,5399,5399,46
20171122,163000,5415,5415,5399,5399,61
20171122,170000,5413,5413,5413,5413,1
20171122,173000,5391,5391,5391,5391,1
20171122,180000,5410,5410,5410,5410,2
20171122,213000,5405,5405,5405,5405,1
20171122,220000,5405,5405,5405,5405,1
20171123,100000,5419,5419,5400,5400,29
20171123,103000,5405,5405,5405,5405,1
20171123,123000,5393,5393,5374,5378,300
20171123,130000,5390,5390,5390,5390,10
20171123,133000,5381,5381,5381,5381,50
20171123,150000,5377,5377,5330,5359,643
20171123,153000,5367,5367,5367,5367,20
20171123,163000,5355,5365,5355,5365,135
20171123,170000,5366,5366,5363,5363,7
20171123,173000,5366,5366,5365,5365,7
20171124,100000,5365,5365,5365,5365,3
20171124,103000,5390,5434,5390,5434,9
20171124,123000,5423,5423,5423,5423,1
20171124,130000,5429,5429,5429,5429,15
20171124,133000,5437,5445,5436,5436,51
20171124,143000,5414,5414,5414,5414,5
20171124,150000,5410,5410,5410,5410,2
20171124,163000,5430,5466,5430,5465,96
20171124,170000,5470,5478,5462,5462,31
20171124,173000,5474,5474,5474,5474,1
20171124,190000,5430,5511,5430,5511,35
20171127,103000,5467,5468,5422,5461,117
20171127,110000,5445,5445,5434,5434,46
20171127,113000,5420,5422,5414,5422,12
20171127,120000,5406,5406,5406,5406,45
20171127,140000,5409,5409,5406,5406,6
20171127,150000,5424,5450,5396,5396,184
20171127,153000,5400,5400,5400,5400,1
20171127,163000,5410,5410,5393,5393,23
20171127,170000,5385,5385,5385,5385,1
20171127,180000,5386,5386,5386,5386,1
20171127,190000,5402,5415,5402,5415,15
20171128,100000,5419,5440,5419,5419,19
20171128,103000,5415,5415,5415,5415,60
20171128,110000,5422,5435,5422,5435,10
20171128,113000,5415,5419,5415,5419,58
20171128,120000,5408,5408,5395,5395,111
20171128,123000,5395,5395,5393,5393,91
20171128,153000,5379,5379,5379,5379,40
20171128,160000,5386,5389,5386,5386,100
20171128,180000,5385,5385,5385,5385,2
20171128,203000,5417,5417,5416,5416,2
20171128,210000,5414,5414,5414,5414,5
20171129,100000,5395,5395,5395,5395,1
20171129,120000,5379,5379,5374,5377,497
20171129,123000,5377,5386,5377,5382,72
20171129,133000,5371,5371,5371,5371,1
20171129,140000,5371,5374,5371,5374,26
20171129,160000,5374,5385,5367,5385,16
20171129,170000,5375,5375,5375,5375,1
20171129,173000,5362,5362,5358,5358,3
20171129,180000,5358,5358,5355,5355,2
20171129,190000,5367,5367,5367,5367,1
20171129,193000,5351,5351,5350,5350,12
20171129,200000,5350,5350,5350,5350,89
20171129,203000,5344,5344,5344,5344,10
20171129,210000,5362,5362,5362,5362,5
20171130,100000,5364,5364,5300,5300,16
20171130,103000,5300,5300,5290,5290,81
20171130,113000,5307,5308,5290,5290,150
20171130,133000,5357,5357,5357,5357,1
20171130,140000,5293,5300,5278,5278,211
20171130,143000,5252,5252,5240,5240,3
20171130,150000,5250,5250,5215,5215,390
20171130,153000,5215,5264,5210,5210,83
20171130,160000,5230,5230,5230,5230,6
20171130,163000,5230,5230,5230,5230,22
20171130,170000,5260,5260,5218,5218,2
20171130,173000,5220,5250,5210,5210,387
20171130,180000,5218,5218,5199,5200,1224
20171130,183000,5190,5190,5184,5187,31
20171130,190000,5221,5235,5221,5235,16
20171130,193000,5226,5226,5226,5226,10
20171130,200000,5213,5213,5213,5213,1
20171130,203000,5219,5219,5219,5219,9
20171130,210000,5235,5237,5235,5237,3
20171130,213000,5216,5216,5216,5216,1
20171130,220000,5216,5216,5216,5216,3
20171130,223000,5237,5238,5237,5238,11
20171130,230000,5232,5232,5232,5232,1
20171201,100000,5258,5258,5258,5258,6
20171201,103000,5260,5260,5260,5260,10
20171201,110000,5227,5227,5227,5227,1
20171201,113000,5220,5220,5176,5176,378
20171201,120000,5177,5177,5177,5177,10
20171201,130000,5162,5181,5161,5181,13
20171201,133000,5181,5181,5170,5170,11
20171201,140000,5166,5201,5166,5201,25
20171201,143000,5172,5172,5170,5170,14
20171201,163000,5250,5264,5250,5264,61
20171201,170000,5264,5310,5264,5310,18
20171201,173000,5300,5309,5300,5300,22
20171201,180000,5318,5318,5283,5283,34
20171201,190000,5278,5278,5278,5278,1
20171201,193000,5265,5265,5256,5256,2
20171201,210000,5257,5257,5250,5250,142
20171201,213000,5246,5246,5246,5246,1
20171201,233000,5274,5277,5245,5266,14
20171204,100000,5278,5289,5246,5246,12
20171204,103000,5268,5271,5268,5269,17
20171204,110000,5264,5300,5264,5300,11
20171204,113000,5287,5287,5287,5287,1
20171204,120000,5276,5276,5250,5250,6
20171204,123000,5258,5259,5258,5259,3
20171204,160000,5291,5304,5289,5289,510
20171204,170000,5275,5275,5250,5253,18
20171204,173000,5255,5255,5251,5251,6
20171204,180000,5250,5263,5241,5246,69
20171204,183000,5242,5242,5242,5242,10
20171204,190000,5242,5242,5205,5205,51
20171204,203000,5224,5246,5224,5242,12
20171204,220000,5250,5250,5242,5242,7
20171205,100000,5227,5245,5226,5245,18
20171205,103000,5245,5257,5245,5257,12
20171205,110000,5263,5265,5243,5243,22
20171205,113000,5247,5247,5218,5237,55
20171205,120000,5224,5224,5205,5205,76
20171205,123000,5202,5202,5201,5201,28
20171205,130000,5221,5221,5221,5221,10
20171205,133000,5222,5222,5219,5219,3
20171205,160000,5227,5227,5227,5227,1
20171205,163000,5224,5226,5208,5226,1983
20171205,170000,5223,5235,5223,5223,197
20171205,173000,5221,5221,5212,5216,97
20171205,180000,5210,5225,5209,5222,84
20171205,183000,5220,5231,5215,5215,108
20171205,203000,5235,5249,5235,5249,540
20171205,220000,5240,5240,5199,5200,211
20171205,223000,5215,5215,5215,5215,12
20171206,100000,5208,5212,5190,5211,512
20171206,110000,5213,5238,5213,5238,6
20171206,113000,5222,5223,5222,5223,17
20171206,120000,5223,5223,5222,5222,35
20171206,123000,5247,5294,5247,5294,62
20171206,130000,5296,5296,5270,5270,362
20171206,133000,5267,5267,5267,5267,1
20171206,140000,5289,5294,5274,5274,262
20171206,143000,5275,5296,5273,5274,570
20171206,150000,5266,5270,5264,5264,333
20171206,153000,5264,5269,5263,5269,195
20171206,170000,5294,5300,5272,5272,127
20171206,173000,5272,5272,5266,5266,8
20171206,180000,5269,5269,5265,5265,3
20171206,190000,5255,5255,5255,5255,1
20171206,193000,5252,5252,5247,5250,6
20171206,200000,5261,5261,5261,5261,61
20171206,203000,5261,5261,5261,5261,14
20171206,210000,5261,5269,5261,5269,3
20171206,220000,5263,5263,5261,5261,12
20171207,100000,5274,5274,5244,5261,510
20171207,103000,5261,5261,5261,5261,5
20171207,110000,5262,5262,5262,5262,22
20171207,113000,5274,5274,5274,5274,5
20171207,120000,5292,5292,5292,5292,1
20171207,123000,5273,5273,5264,5264,97
20171207,130000,5264,5277,5264,5277,2
20171207,133000,5277,5277,5277,5277,3
20171207,140000,5264,5276,5250,5250,612
20171207,143000,5252,5285,5245,5246,1071
20171207,150000,5244,5244,5221,5222,3015
20171207,153000,5227,5271,5211,5211,284
20171207,160000,5218,5252,5218,5252,71
20171207,163000,5240,5240,5225,5225,150
20171207,170000,5240,5240,5225,5225,107
20171207,173000,5230,5230,5225,5225,11
20171207,180000,5228,5231,5228,5230,32
20171207,183000,5230,5230,5220,5220,136
20171207,193000,5240,5240,5240,5240,1
20171207,220000,5233,5233,5222,5222,31
20171207,223000,5232,5237,5232,5237,15
20171207,230000,5238,5238,5219,5219,91
20171208,100000,5235,5280,5225,5230,305
20171208,113000,5235,5235,5235,5235,50
20171208,120000,5230,5230,5213,5213,1228
20171208,123000,5213,5223,5213,5223,15
20171208,130000,5216,5216,5212,5213,112
20171208,140000,5213,5213,5201,5204,1067
20171208,143000,5201,5203,5200,5201,336
20171208,150000,5202,5206,5202,5206,101
20171208,153000,5202,5211,5202,5211,51
20171208,170000,5210,5210,5210,5210,63
20171208,173000,5210,5210,5198,5200,481
20171208,180000,5200,5200,5189,5189,6
20171208,183000,5193,5193,5191,5191,80
20171208,190000,5181,5196,5177,5193,49
20171208,200000,5203,5204,5203,5204,4
20171208,210000,5189,5189,5189,5189,1
20171208,230000,5195,5195,5195,5195,1
20171211,100000,5195,5238,5194,5205,139
20171211,103000,5211,5235,5211,5222,253
20171211,110000,5223,5241,5223,5240,131
20171211,113000,5240,5240,5215,5215,493
20171211,120000,5215,5215,5204,5210,466
20171211,123000,5210,5210,5210,5210,58
20171211,130000,5212,5213,5212,5213,150
20171211,133000,5237,5238,5235,5238,634
20171211,140000,5241,5242,5240,5242,118
20171211,143000,5235,5241,5235,5241,354
20171211,150000,5235,5235,5235,5235,175
20171211,153000,5221,5221,5220,5220,151
20171211,160000,5212,5215,5198,5198,601
20171211,163000,5211,5234,5203,5213,39
20171211,170000,5205,5211,5201,5211,16
20171211,173000,5217,5237,5202,5237,30
20171211,180000,5229,5242,5229,5238,25
20171211,183000,5225,5225,5225,5225,1
20171211,190000,5225,5225,5221,5221,21
20171211,193000,5220,5229,5220,5229,6
20171211,200000,5227,5230,5227,5230,3
20171211,210000,5230,5241,5230,5240,25
20171211,220000,5238,5241,5237,5241,12
20171211,230000,5229,5229,5229,5229,2
20171211,233000,5239,5249,5239,5249,9
20171212,100000,5250,5260,5226,5230,259
20171212,103000,5228,5235,5228,5228,105
20171212,110000,5226,5249,5214,5247,75
20171212,113000,5249,5249,5241,5243,48
20171212,120000,5246,5249,5236,5241,98
20171212,140000,5241,5248,5241,5248,423
20171212,143000,5248,5255,5248,5255,430
20171212,150000,5248,5248,5248,5248,164
20171212,153000,5238,5238,5225,5225,47
20171212,160000,5226,5226,5211,5211,263
20171212,163000,5220,5220,5219,5220,130
20171212,173000,5219,5219,5209,5216,937
20171212,180000,5208,5220,5207,5220,20
20171212,183000,5209,5209,5205,5205,35
20171212,190000,5234,5239,5216,5217,14
20171212,203000,5230,5230,5230,5230,6
20171212,210000,5230,5238,5230,5238,55
20171212,220000,5230,5230,5229,5229,18
20171212,223000,5230,5234,5230,5234,2
20171212,230000,5234,5234,5234,5234,3
20171212,233000,5234,5236,5223,5223,30
20171213,100000,5236,5237,5214,5229,1630
20171213,103000,5214,5224,5212,5222,38
20171213,110000,5220,5241,5215,5241,276
20171213,113000,5223,5232,5220,5228,26
20171213,120000,5227,5235,5226,5235,224
20171213,123000,5235,5235,5235,5235,2
20171213,130000,5227,5227,5211,5211,102
20171213,133000,5211,5211,5197,5200,280
20171213,140000,5206,5207,5201,5205,11
20171213,143000,5209,5209,5200,5200,239
20171213,150000,5200,5201,5198,5198,32
20171213,153000,5195,5204,5190,5204,589
20171213,160000,5201,5201,5190,5192,940
20171213,163000,5192,5192,5185,5185,271
20171213,170000,5187,5188,5160,5165,797
20171213,173000,5160,5168,5159,5168,399
20171213,180000,5168,5187,5166,5166,1453
20171213,183000,5166,5166,5140,5145,286
20171213,193000,5136,5145,5117,5145,49
20171213,203000,5134,5134,5114,5114,13
20171213,210000,5134,5149,5134,5149,22
20171213,213000,5121,5121,5114,5114,102
20171213,220000,5134,5134,5120,5120,3
20171213,230000,5134,5137,5134,5137,10
20171214,100000,5120,5120,5025,5054,5243
20171214,103000,5055,5070,5031,5059,394
20171214,110000,5072,5078,5050,5053,41
20171214,113000,5054,5063,5050,5061,55
20171214,120000,5063,5138,5055,5138,333
20171214,123000,5138,5153,5106,5131,348
20171214,130000,5134,5150,5128,5150,236
20171214,133000,5146,5188,5146,5188,372
20171214,140000,5190,5191,5156,5172,75
20171214,143000,5166,5166,5125,5130,128
20171214,150000,5150,5158,5143,5150,12
20171214,153000,5150,5154,5140,5142,27
20171214,160000,5140,5152,5125,5128,48
20171214,163000,5156,5156,5138,5142,189
20171214,170000,5143,5143,5127,5137,25
20171214,173000,5140,5140,5099,5099,170
20171214,180000,5121,5144,5103,5138,408
20171214,183000,5145,5156,5129,5129,65
20171214,190000,5142,5142,5142,5142,1
20171214,200000,5145,5155,5145,5155,12
20171214,210000,5152,5152,5152,5152,4
20171214,213000,5157,5157,5157,5157,6
20171214,220000,5157,5157,5157,5157,25
20171214,230000,5136,5136,5136,5136,1
20171214,233000,5150,5152,5150,5152,3
20171215,100000,5142,5158,5117,5157,1952
20171215,103000,5150,5150,5111,5115,336
20171215,110000,5117,5124,5116,5120,215
20171215,113000,5133,5148,5133,5140,367
20171215,120000,5133,5151,5132,5132,184
20171215,123000,5137,5139,5114,5139,155
20171215,130000,5132,5140,5132,5140,261
20171215,133000,5140,5145,5128,5128,348
20171215,140000,5128,5136,5125,5135,1066
20171215,143000,5135,5135,5116,5121,600
20171215,150000,5116,5121,5116,5121,546
20171215,153000,5124,5135,5101,5108,269
20171215,160000,5115,5119,5115,5117,105
20171215,163000,5117,5117,5107,5114,437
20171215,170000,5111,5120,5109,5113,183
20171215,173000,5114,5115,5107,5111,165
20171215,180000,5110,5121,5101,5114,203
20171215,183000,5111,5111,5104,5105,78
20171215,190000,5110,5110,5100,5100,127
20171215,193000,5099,5099,5090,5090,42
20171215,200000,5090,5090,5090,5090,3
20171215,203000,5098,5098,5098,5098,2
20171215,210000,5090,5090,5080,5089,30
20171215,213000,5091,5095,5089,5095,74
20171215,220000,5091,5103,5090,5098,23
20171215,223000,5105,5105,5098,5098,25
20171215,230000,5098,5106,5098,5106,3
20171215,233000,5107,5107,5107,5107,2
20171218,100000,5100,5140,5100,5136,366
20171218,103000,5140,5143,5125,5130,195
20171218,110000,5135,5150,5135,5150,256
20171218,113000,5147,5147,5140,5140,147
20171218,120000,5140,5141,5125,5131,373
20171218,123000,5130,5131,5114,5121,773
20171218,130000,5127,5127,5127,5127,4
20171218,133000,5122,5125,5105,5105,219
20171218,140000,5109,5112,5106,5108,109
20171218,143000,5109,5114,5107,5109,245
20171218,150000,5109,5109,5102,5102,163
20171218,153000,5103,5111,5090,5096,888
20171218,160000,5095,5109,5095,5107,1128
20171218,163000,5106,5106,5100,5101,144
20171218,170000,5101,5109,5079,5101,2056
20171218,173000,5096,5112,5095,5107,175
20171218,180000,5104,5104,5090,5090,51
20171218,183000,5086,5093,5078,5084,119
20171218,190000,5090,5096,5090,5095,21
20171218,193000,5095,5106,5090,5090,35
20171218,200000,5095,5095,5090,5090,6
20171218,203000,5090,5095,5085,5085,24
20171218,210000,5095,5104,5095,5097,100
20171218,213000,5096,5096,5090,5095,251
20171218,220000,5095,5095,5095,5095,28
20171218,223000,5095,5102,5092,5092,31
20171218,230000,5093,5120,5093,5103,71
20171218,233000,5093,5114,5088,5107,438
20171219,100000,5107,5119,5092,5105,2486
20171219,103000,5104,5107,5086,5094,1855
20171219,110000,5094,5104,5065,5065,1124
20171219,113000,5066,5084,5064,5076,958
20171219,120000,5071,5079,5064,5072,451
20171219,123000,5075,5075,5024,5040,4991
20171219,130000,5042,5045,5016,5029,1854
20171219,133000,5026,5030,5015,5021,871
20171219,140000,5019,5024,4996,5011,1472
20171219,143000,5006,5007,4984,4987,2289
20171219,150000,4993,4997,4987,4993,1259
20171219,153000,4992,5011,4991,5010,3885
20171219,160000,5005,5015,4993,4993,2021
20171219,163000,4994,4998,4965,4966,4179
20171219,170000,4967,4985,4961,4962,1682
20171219,173000,4963,4969,4940,4958,3014
20171219,180000,4954,4970,4954,4956,1905
20171219,183000,4960,4960,4945,4945,890
20171219,190000,4946,4957,4922,4936,628
20171219,193000,4936,4942,4928,4937,190
20171219,200000,4931,4940,4931,4936,137
20171219,203000,4935,4940,4930,4935,350
20171219,210000,4935,4938,4933,4938,138
20171219,213000,4938,4946,4930,4932,697
20171219,220000,4931,4944,4928,4938,876
20171219,223000,4944,4947,4938,4940,524
20171219,230000,4940,4947,4933,4945,370
20171219,233000,4942,4946,4940,4940,164
20171220,100000,4936,4938,4711,4715,16449
20171220,103000,4715,4798,4708,4774,10227
20171220,110000,4771,4776,4670,4713,16270
20171220,113000,4707,4710,4672,4685,3959
20171220,120000,4689,4729,4668,4699,7343
20171220,123000,4695,4763,4695,4744,6597
20171220,130000,4740,4762,4736,4752,1950
20171220,133000,4750,4757,4729,4742,8437
20171220,140000,4742,4744,4730,4740,1160
20171220,143000,4740,4745,4731,4742,6264
20171220,150000,4742,4751,4719,4720,4185
20171220,153000,4718,4722,4700,4715,10712
20171220,160000,4715,4723,4700,4706,4554
20171220,163000,4710,4730,4699,4711,4264
20171220,170000,4707,4728,4704,4725,853
20171220,173000,4728,4734,4715,4732,926
20171220,180000,4732,4737,4701,4711,2683
20171220,183000,4706,4711,4685,4686,5610
20171220,190000,4690,4705,4684,4696,567
20171220,193000,4698,4712,4694,4700,443
20171220,200000,4699,4707,4697,4701,168
20171220,203000,4702,4705,4687,4692,865
20171220,210000,4696,4705,4687,4698,741
20171220,213000,4698,4705,4697,4699,289
20171220,220000,4700,4702,4695,4702,435
20171220,223000,4701,4701,4685,4698,505
20171220,230000,4695,4697,4670,4675,1229
20171220,233000,4680,4685,4676,4676,222
20171221,100000,4677,4695,4570,4592,32599
20171221,103000,4593,4603,4542,4600,22137
20171221,110000,4600,4608,4585,4589,13799
20171221,113000,4589,4595,4572,4579,8256
20171221,120000,4580,4593,4548,4552,16126
20171221,123000,4552,4560,4532,4546,19133
20171221,130000,4543,4570,4509,4565,16301
20171221,133000,4565,4580,4554,4559,7678
20171221,140000,4555,4570,4550,4560,3955
20171221,143000,4561,4610,4560,4603,16247
20171221,150000,4603,4613,4576,4590,7480
20171221,153000,4591,4597,4571,4578,8151
20171221,160000,4578,4590,4578,4585,2297
20171221,163000,4586,4587,4573,4583,1185
20171221,170000,4586,4610,4584,4597,8555
20171221,173000,4598,4606,4587,4594,3964
20171221,180000,4593,4606,4581,4606,7306
20171221,183000,4605,4623,4601,4619,4459
20171221,190000,4618,4629,4600,4606,2326
20171221,193000,4610,4618,4595,4618,2213
20171221,200000,4618,4620,4607,4612,1058
20171221,203000,4617,4619,4615,4615,171
20171221,210000,4615,4625,4615,4624,1664
20171221,213000,4623,4623,4617,4620,88
20171221,220000,4620,4625,4619,4622,1656
20171221,223000,4623,4623,4610,4614,1509
20171221,230000,4614,4618,4611,4612,311
20171221,233000,4615,4622,4614,4618,498
20171222,100000,4621,4640,4608,4636,13870
20171222,103000,4637,4638,4589,4618,9634
20171222,110000,4618,4639,4599,4618,7105
20171222,113000,4616,4640,4610,4637,5623
20171222,120000,4637,4705,4634,4685,24556
20171222,123000,4684,4727,4681,4707,14093
20171222,130000,4707,4716,4693,4710,3857
20171222,133000,4709,4710,4678,4689,5702
20171222,140000,4693,4721,4692,4719,3604
20171222,143000,4719,4764,4710,4763,23028
20171222,150000,4763,4800,4750,4753,14553
20171222,153000,4753,4769,4714,4715,10398
20171222,160000,4717,4742,4714,4740,8872
20171222,163000,4740,4754,4721,4744,5492
20171222,170000,4747,4756,4721,4731,6617
20171222,173000,4733,4753,4730,4732,2609
20171222,180000,4734,4785,4733,4779,24615
20171222,183000,4779,4785,4769,4785,5322
20171222,190000,4787,4798,4771,4784,2213
20171222,193000,4784,4789,4776,4780,641
20171222,200000,4781,4790,4781,4784,1105
20171222,203000,4782,4790,4782,4790,1129
20171222,210000,4788,4795,4787,4795,1167
20171222,213000,4791,4794,4787,4792,168
20171222,220000,4794,4795,4789,4789,263
20171222,223000,4789,4793,4783,4786,422
20171222,230000,4785,4788,4783,4786,235
20171222,233000,4785,4793,4784,4784,304
20171225,100000,4795,4800,4750,4753,9840
20171225,103000,4753,4803,4717,4774,12706
20171225,110000,4775,4789,4766,4780,2339
20171225,113000,4779,4785,4755,4775,3024
20171225,120000,4775,4796,4771,4783,1842
20171225,123000,4780,4789,4772,4777,2524
20171225,130000,4778,4784,4759,4761,3933
20171225,133000,4763,4789,4758,4787,4439
20171225,140000,4790,4790,4777,4778,1260
20171225,143000,4778,4780,4770,4775,683
20171225,150000,4773,4782,4770,4771,1907
20171225,153000,4772,4786,4772,4778,813
20171225,160000,4777,4782,4773,4778,564
20171225,163000,4777,4778,4772,4775,309
20171225,170000,4773,4790,4772,4779,1362
20171225,173000,4778,4784,4776,4777,343
20171225,180000,4777,4794,4775,4794,1814
20171225,183000,4792,4798,4788,4797,903
20171225,190000,4799,4837,4799,4812,3237
20171225,193000,4812,4814,4806,4811,382
20171225,200000,4812,4814,4808,4808,185
20171225,203000,4808,4816,4808,4809,496
20171225,210000,4810,4814,4809,4814,798
20171225,213000,4813,4815,4811,4812,99
20171225,220000,4813,4813,4810,4811,160
20171225,223000,4811,4814,4811,4812,255
20171225,230000,4812,4814,4811,4811,136
20171225,233000,4811,4815,4806,4815,451
20171226,100000,4807,4820,4772,4793,14567
20171226,103000,4792,4799,4753,4775,8401
20171226,110000,4777,4809,4777,4797,6274
20171226,113000,4797,4818,4781,4806,3314
20171226,120000,4806,4815,4794,4794,1741
20171226,123000,4795,4801,4778,4783,1291
20171226,130000,4783,4789,4779,4780,718
20171226,133000,4781,4786,4771,4773,2080
20171226,140000,4774,4798,4766,4789,1987
20171226,143000,4792,4799,4772,4774,1365
20171226,150000,4772,4785,4761,4777,2274
20171226,153000,4779,4781,4773,4777,651
20171226,160000,4777,4782,4773,4775,660
20171226,163000,4775,4790,4774,4785,1175
20171226,170000,4786,4786,4774,4776,855
20171226,173000,4775,4781,4768,4775,1107
20171226,180000,4773,4786,4770,4784,1261
20171226,183000,4782,4787,4773,4778,1991
20171226,190000,4782,4788,4733,4758,3149
20171226,193000,4759,4765,4747,4754,1000
20171226,200000,4754,4760,4749,4751,307
20171226,203000,4753,4761,4742,4761,550
20171226,210000,4762,4763,4757,4761,371
20171226,213000,4759,4762,4757,4757,356
20171226,220000,4757,4760,4751,4752,671
20171226,223000,4754,4761,4752,4761,427
20171226,230000,4761,4770,4747,4761,1627
20171226,233000,4760,4764,4750,4750,265
20171227,100000,4758,4770,4735,4755,8003
20171227,103000,4756,4798,4745,4794,9267
20171227,110000,4792,4923,4784,4902,23216
20171227,113000,4903,4984,4897,4939,25553
20171227,120000,4938,4971,4903,4914,8311
20171227,123000,4912,4916,4871,4879,13620
20171227,130000,4879,4891,4831,4867,17809
20171227,133000,4867,4878,4848,4870,8287
20171227,140000,4874,4910,4864,4897,5483
20171227,143000,4898,4920,4878,4887,7718
20171227,150000,4887,4888,4848,4864,7206
20171227,153000,4864,4866,4822,4834,3390
20171227,160000,4833,4877,4827,4866,3439
20171227,163000,4867,4885,4853,4873,5062
20171227,170000,4872,4880,4855,4861,3212
20171227,173000,4861,4882,4834,4853,4385
20171227,180000,4855,4873,4840,4840,2932
20171227,183000,4843,4843,4815,4820,3777
20171227,190000,4824,4839,4815,4822,944
20171227,193000,4822,4827,4806,4819,1081
20171227,200000,4817,4823,4795,4823,1445
20171227,203000,4821,4840,4815,4839,1930
20171227,210000,4839,4841,4832,4834,296
20171227,213000,4834,4839,4833,4835,284
20171227,220000,4834,4840,4834,4835,133
20171227,223000,4835,4839,4835,4836,306
20171227,230000,4839,4847,4835,4835,364
20171227,233000,4835,4839,4832,4835,187
20171228,100000,4837,4859,4826,4844,7259
20171228,103000,4845,4849,4834,4835,1857
20171228,110000,4838,4838,4796,4820,7045
20171228,113000,4821,4821,4753,4775,12311
20171228,120000,4775,4776,4729,4737,16918
20171228,123000,4738,4756,4718,4737,8895
20171228,130000,4740,4759,4734,4740,2408
20171228,133000,4740,4748,4729,4734,1365
20171228,140000,4734,4738,4721,4732,2234
20171228,143000,4730,4733,4700,4722,2988
20171228,150000,4722,4744,4712,4736,1687
20171228,153000,4738,4751,4725,4740,1511
20171228,160000,4739,4751,4724,4731,2898
20171228,163000,4730,4751,4730,4750,1431
20171228,170000,4748,4753,4729,4742,2563
20171228,173000,4743,4766,4740,4759,2700
20171228,180000,4759,4767,4747,4761,1740
20171228,183000,4762,4764,4748,4755,1040
20171228,190000,4751,4764,4751,4760,504
20171228,193000,4758,4762,4752,4752,618
20171228,200000,4754,4759,4753,4759,311
20171228,203000,4759,4766,4749,4762,763
20171228,210000,4762,4769,4757,4768,216
20171228,213000,4759,4766,4758,4760,55
20171228,220000,4761,4766,4760,4766,53
20171228,223000,4765,4770,4753,4754,348
20171228,230000,4755,4770,4750,4770,719
20171228,233000,4761,4773,4761,4764,322
20171229,100000,4771,4778,4741,4769,3242
20171229,103000,4768,4794,4768,4773,4206
20171229,110000,4774,4798,4760,4783,2730
20171229,113000,4784,4791,4750,4764,1558
20171229,120000,4764,4774,4758,4761,402
20171229,123000,4763,4786,4753,4769,2729
20171229,130000,4769,4785,4766,4771,1085
20171229,133000,4771,4789,4769,4775,1051
20171229,140000,4777,4785,4776,4784,915
20171229,143000,4784,4785,4766,4777,4559
20171229,150000,4777,4788,4769,4777,1439
20171229,153000,4777,4783,4770,4775,1718
20171229,160000,4774,4783,4774,4775,918
20171229,163000,4775,4786,4775,4782,943
20171229,170000,4784,4809,4784,4803,3435
20171229,173000,4805,4851,4802,4828,7187
20171229,180000,4825,4827,4801,4809,3643
20171229,183000,4807,4807,4790,4800,1408
20180103,100000,4799,4879,4798,4861,7523
20180103,103000,4861,4895,4860,4877,4503
20180103,110000,4876,4918,4858,4894,6488
20180103,113000,4897,4901,4864,4869,2269
20180103,120000,4869,4887,4860,4875,2918
20180103,123000,4875,4891,4869,4882,1651
20180103,130000,4882,4895,4860,4871,2320
20180103,133000,4869,4887,4869,4880,1239
20180103,140000,4882,4897,4879,4891,1811
20180103,143000,4889,4900,4886,4900,522
20180103,150000,4901,4942,4899,4936,5005
20180103,153000,4936,4936,4917,4925,1069
20180103,160000,4925,4963,4923,4953,4805
20180103,163000,4953,5018,4953,4989,14197
20180103,170000,4990,5000,4970,4974,2865
20180103,173000,4976,4993,4959,4988,2481
20180103,180000,4986,4987,4970,4977,3788
20180103,183000,4980,5000,4978,4998,5198
20180103,190000,4999,5000,4988,4997,1912
20180103,193000,4997,5001,4973,4992,2024
20180103,200000,4991,5000,4990,4997,512
20180103,203000,4997,5005,4997,5000,1134
20180103,210000,5001,5015,5001,5008,1222
20180103,213000,5009,5013,5004,5008,245
20180103,220000,5012,5012,5003,5009,478
20180103,223000,5007,5010,5005,5009,117
20180103,230000,5008,5019,5004,5010,375
20180103,233000,5008,5016,5003,5003,423
20180104,100000,5017,5074,5007,5040,14328
20180104,103000,5040,5040,4990,4995,7046
20180104,110000,4992,5045,4982,5016,8467
20180104,113000,5018,5025,4993,5019,4195
20180104,120000,5019,5029,5006,5007,1945
20180104,123000,5009,5030,4993,5030,1819
20180104,130000,5029,5054,5014,5047,5136
20180104,133000,5049,5056,5037,5040,2022
20180104,140000,5040,5068,5030,5050,5444
20180104,143000,5050,5057,5037,5042,1531
20180104,150000,5042,5059,5040,5054,1203
20180104,153000,5053,5077,5051,5077,1767
20180104,160000,5076,5077,5034,5057,3362
20180104,163000,5058,5063,5042,5054,2209
20180104,170000,5057,5057,5035,5049,2509
20180104,173000,5046,5105,5046,5085,7285
20180104,180000,5087,5093,5067,5071,5702
20180104,183000,5071,5073,5059,5066,1201
20180104,190000,5066,5079,5065,5074,586
20180104,193000,5075,5080,5071,5077,293
20180104,200000,5078,5097,5073,5093,987
20180104,203000,5091,5095,5076,5084,255
20180104,210000,5082,5086,5071,5085,506
20180104,213000,5084,5085,5078,5084,147
20180104,220000,5084,5093,5075,5090,493
20180104,223000,5088,5091,5075,5082,548
20180104,230000,5086,5090,5080,5085,310
20180104,233000,5085,5089,5078,5083,403
20180105,100000,5090,5095,5046,5065,4985
20180105,103000,5065,5068,5049,5052,2060
20180105,110000,5053,5069,5036,5064,3070
20180105,113000,5065,5075,5040,5054,2309
20180105,120000,5054,5065,5023,5040,2460
20180105,123000,5041,5045,5028,5032,1063
20180105,130000,5033,5046,5030,5044,968
20180105,133000,5043,5061,5042,5055,1040
20180105,140000,5054,5064,5046,5050,1281
20180105,143000,5053,5058,5044,5051,681
20180105,150000,5052,5071,5046,5064,1505
20180105,153000,5065,5066,5060,5064,267
20180105,160000,5065,5070,5061,5065,432
20180105,163000,5063,5071,5053,5067,1275
20180105,170000,5066,5073,5064,5070,1137
20180105,173000,5072,5087,5060,5078,8190
20180105,180000,5077,5094,5069,5088,3281
20180105,183000,5088,5090,5073,5079,899
20180105,190000,5079,5086,5076,5084,1053
20180105,193000,5085,5086,5073,5076,305
20180105,200000,5078,5086,5076,5085,173
20180105,203000,5085,5085,5078,5078,266
20180105,210000,5080,5085,5077,5077,163
20180105,213000,5079,5079,5074,5076,313
20180105,220000,5075,5078,5074,5075,61
20180105,223000,5075,5080,5071,5079,157
20180105,230000,5077,5081,5075,5075,315
20180105,233000,5076,5092,5075,5087,625
20180109,100000,5082,5222,5070,5201,24938
20180109,103000,5200,5216,5190,5205,7587
20180109,110000,5203,5210,5195,5204,4035
20180109,113000,5201,5257,5201,5238,15237
20180109,120000,5238,5256,5234,5241,3585
20180109,123000,5243,5245,5224,5237,2539
20180109,130000,5240,5252,5228,5233,3145
20180109,133000,5232,5237,5227,5233,998
20180109,140000,5235,5248,5235,5243,1755
20180109,143000,5243,5248,5223,5226,2178
20180109,150000,5227,5227,5185,5216,4349
20180109,153000,5213,5221,5201,5209,1583
20180109,160000,5202,5219,5187,5198,2168
20180109,163000,5200,5202,5180,5195,3330
20180109,170000,5194,5200,5186,5194,1192
20180109,173000,5194,5200,5150,5151,6502
20180109,180000,5151,5154,5119,5139,12251
20180109,183000,5139,5163,5133,5148,2640
20180109,190000,5157,5167,5144,5162,1302
20180109,193000,5162,5165,5148,5157,1555
20180109,200000,5157,5159,5153,5153,503
20180109,203000,5153,5155,5151,5152,576
20180109,210000,5152,5165,5151,5161,1338
20180109,213000,5159,5170,5159,5168,273
20180109,220000,5167,5170,5160,5170,170
20180109,223000,5169,5170,5164,5167,323
20180109,230000,5169,5178,5163,5174,393
20180109,233000,5174,5179,5165,5170,527
20180110,100000,5177,5195,5150,5186,8454
20180110,103000,5187,5189,5153,5154,4594
20180110,110000,5155,5183,5150,5180,2846
20180110,113000,5180,5189,5141,5157,3312
20180110,120000,5155,5188,5151,5179,3887
20180110,123000,5179,5206,5170,5198,5132
20180110,130000,5194,5197,5165,5171,1938
20180110,133000,5170,5197,5167,5173,4706
20180110,140000,5171,5185,5171,5180,742
20180110,143000,5180,5183,5161,5164,2926
20180110,150000,5164,5180,5153,5169,3005
20180110,153000,5168,5180,5157,5162,1016
20180110,160000,5161,5161,5121,5126,6781
20180110,163000,5123,5136,5120,5124,3801
20180110,170000,5124,5145,5112,5138,4696
20180110,173000,5139,5152,5135,5141,2083
20180110,180000,5143,5172,5138,5170,3093
20180110,183000,5170,5175,5159,5165,1248
20180110,190000,5160,5160,5130,5145,1410
20180110,193000,5145,5148,5138,5144,591
20180110,200000,5143,5147,5138,5141,272
20180110,203000,5142,5146,5138,5143,499
20180110,210000,5142,5146,5141,5146,91
20180110,213000,5146,5151,5145,5150,132
20180110,220000,5149,5151,5141,5141,94
20180110,223000,5142,5146,5140,5145,50
20180110,230000,5146,5148,5140,5148,170
20180110,233000,5148,5151,5144,5147,130
20180111,100000,5146,5146,5109,5121,8253
20180111,103000,5120,5122,5087,5110,6851
20180111,110000,5110,5120,5105,5105,3791
20180111,113000,5105,5122,5104,5118,4054
20180111,120000,5118,5126,5116,5121,1227
20180111,123000,5123,5147,5108,5141,2639
20180111,130000,5138,5142,5122,5133,1358
20180111,133000,5131,5144,5127,5137,2771
20180111,140000,5137,5138,5124,5132,1282
20180111,143000,5130,5140,5124,5138,694
20180111,150000,5139,5141,5132,5134,2318
20180111,153000,5134,5143,5127,5127,2145
20180111,160000,5127,5129,5074,5080,7486
20180111,163000,5081,5094,5052,5080,7796
20180111,170000,5079,5090,5077,5087,1932
20180111,173000,5086,5100,5082,5099,1418
20180111,180000,5098,5129,5096,5121,4770
20180111,183000,5123,5123,5107,5107,1255
20180111,190000,5108,5123,5103,5122,634
20180111,193000,5121,5122,5114,5117,638
20180111,200000,5118,5120,5116,5118,88
20180111,203000,5118,5120,5114,5114,158
20180111,210000,5115,5116,5109,5110,153
20180111,213000,5111,5120,5111,5116,377
20180111,220000,5117,5120,5111,5111,273
20180111,223000,5111,5115,5105,5111,195
20180111,230000,5110,5113,5102,5109,335
20180111,233000,5107,5113,5100,5100,315
20180112,100000,5113,5143,5110,5123,4836
20180112,103000,5121,5123,5098,5103,3462
20180112,110000,5101,5108,5085,5100,2957
20180112,113000,5102,5125,5093,5120,2324
20180112,120000,5117,5127,5109,5109,3235
20180112,123000,5109,5113,5100,5105,939
20180112,130000,5105,5121,5085,5100,2786
20180112,133000,5101,5126,5094,5119,2663
20180112,140000,5114,5120,5093,5099,2038
20180112,143000,5097,5099,5076,5087,3288
20180112,150000,5089,5110,5085,5102,1756
20180112,153000,5102,5118,5102,5111,1960
20180112,160000,5113,5122,5101,5110,1501
20180112,163000,5110,5119,5093,5102,1174
20180112,170000,5102,5119,5098,5111,1098
20180112,173000,5113,5176,5113,5168,10296
20180112,180000,5168,5170,5137,5155,4458
20180112,183000,5156,5162,5151,5156,495
20180112,190000,5154,5169,5136,5160,1047
20180112,193000,5157,5166,5156,5158,532
20180112,200000,5161,5170,5149,5161,434
20180112,203000,5163,5174,5157,5168,448
20180112,210000,5165,5171,5158,5166,273
20180112,213000,5166,5173,5158,5169,420
20180112,220000,5169,5172,5166,5171,222
20180112,223000,5169,5173,5167,5172,564
20180112,230000,5173,5178,5168,5170,405
20180112,233000,5171,5184,5171,5183,879
20180115,100000,5183,5247,5179,5216,13022
20180115,103000,5215,5217,5173,5186,2791
20180115,110000,5185,5204,5184,5193,1778
20180115,113000,5190,5202,5185,5199,1191
20180115,120000,5198,5198,5190,5192,606
20180115,123000,5193,5203,5189,5199,1107
20180115,130000,5200,5212,5193,5202,2274
20180115,133000,5201,5215,5199,5208,923
20180115,140000,5214,5225,5208,5210,1092
20180115,143000,5210,5215,5198,5200,1758
20180115,150000,5200,5210,5197,5200,2177
20180115,153000,5198,5209,5182,5197,1931
20180115,160000,5198,5201,5192,5196,650
20180115,163000,5196,5208,5193,5204,894
20180115,170000,5204,5219,5202,5202,1013
20180115,173000,5205,5207,5175,5180,1646
20180115,180000,5182,5192,5165,5168,4122
20180115,183000,5166,5175,5157,5167,1603
20180115,190000,5175,5189,5158,5171,802
20180115,193000,5168,5169,5151,5153,522
20180115,200000,5153,5160,5144,5146,352
20180115,203000,5146,5153,5146,5152,312
20180115,210000,5153,5155,5150,5150,135
20180115,213000,5153,5155,5148,5148,123
20180115,220000,5147,5171,5147,5167,361
20180115,223000,5167,5174,5159,5165,91
20180115,230000,5168,5172,5165,5167,175
20180115,233000,5165,5169,5152,5153,598
20180116,100000,5157,5174,5102,5118,10100
20180116,103000,5118,5133,5103,5121,3202
20180116,110000,5122,5142,5119,5142,3014
20180116,113000,5139,5140,5108,5127,3065
20180116,120000,5127,5127,5110,5116,4393
20180116,123000,5117,5138,5115,5124,1824
20180116,130000,5125,5125,5105,5115,2346
20180116,133000,5117,5120,5105,5108,6124
20180116,140000,5109,5118,5092,5110,5329
20180116,143000,5110,5123,5108,5108,1128
20180116,150000,5109,5133,5107,5132,2337
20180116,153000,5132,5149,5117,5123,2840
20180116,160000,5120,5145,5118,5139,1580
20180116,163000,5137,5158,5126,5152,4524
20180116,170000,5153,5163,5138,5159,1092
20180116,173000,5156,5159,5134,5155,2258
20180116,180000,5156,5156,5136,5144,1337
20180116,183000,5141,5144,5130,5143,1345
20180116,190000,5136,5153,5133,5148,913
20180116,193000,5146,5148,5129,5129,556
20180116,200000,5134,5145,5124,5132,551
20180116,203000,5133,5134,5125,5132,188
20180116,210000,5126,5134,5124,5134,75
20180116,213000,5131,5141,5125,5130,200
20180116,220000,5136,5136,5103,5107,2244
20180116,223000,5107,5110,5102,5108,550
20180116,230000,5109,5115,5107,5111,274
20180116,233000,5112,5120,5106,5107,498
20180117,100000,5117,5144,5096,5125,9326
20180117,103000,5126,5126,5110,5122,1258
20180117,110000,5121,5150,5113,5137,2606
20180117,113000,5139,5149,5130,5132,2316
20180117,120000,5133,5135,5125,5127,829
20180117,123000,5129,5170,5124,5135,12028
20180117,130000,5133,5154,5122,5144,4742
20180117,133000,5143,5161,5135,5137,1967
20180117,140000,5135,5140,5130,5135,642
20180117,143000,5136,5148,5124,5144,1205
20180117,150000,5144,5154,5129,5147,1936
20180117,153000,5148,5158,5143,5157,1852
20180117,160000,5156,5198,5148,5192,6746
20180117,163000,5193,5234,5186,5219,13316
20180117,170000,5220,5224,5196,5203,2669
20180117,173000,5201,5202,5165,5173,6016
20180117,180000,5173,5177,5163,5163,2292
20180117,183000,5164,5189,5164,5176,1803
20180117,190000,5170,5195,5163,5193,945
20180117,193000,5193,5193,5185,5193,258
20180117,200000,5191,5193,5188,5188,294
20180117,203000,5191,5193,5182,5193,574
20180117,210000,5193,5207,5193,5203,1180
20180117,213000,5198,5205,5193,5205,282
20180117,220000,5202,5205,5195,5201,657
20180117,223000,5198,5201,5191,5201,242
20180117,230000,5197,5202,5194,5194,238
20180117,233000,5194,5202,5192,5202,600
20180118,100000,5201,5234,5192,5212,8383
20180118,103000,5210,5216,5174,5187,7169
20180118,110000,5187,5207,5178,5198,2898
20180118,113000,5196,5208,5191,5194,1332
20180118,120000,5193,5194,5167,5174,6699
20180118,123000,5171,5178,5122,5144,8572
20180118,130000,5144,5161,5140,5146,4801
20180118,133000,5147,5162,5142,5143,5934
20180118,140000,5142,5150,5133,5144,4081
20180118,143000,5143,5153,5125,5140,3516
20180118,150000,5139,5155,5138,5149,2196
20180118,153000,5149,5162,5141,5142,3434
20180118,160000,5143,5145,5129,5132,1279
20180118,163000,5130,5139,5121,5135,1692
20180118,170000,5133,5135,5107,5119,9638
20180118,173000,5116,5145,5107,5138,3554
20180118,180000,5136,5150,5125,5143,3918
20180118,183000,5143,5155,5128,5135,2356
20180118,190000,5141,5156,5135,5144,749
20180118,193000,5148,5148,5135,5145,324
20180118,200000,5146,5146,5133,5137,194
20180118,203000,5139,5152,5138,5144,107
20180118,210000,5144,5149,5139,5142,270
20180118,213000,5142,5147,5139,5139,162
20180118,220000,5140,5142,5138,5139,14
20180118,223000,5141,5150,5141,5148,134
20180118,230000,5143,5156,5140,5147,255
20180118,233000,5150,5151,5147,5150,492
20180119,100000,5154,5154,5115,5138,4424
20180119,103000,5140,5146,5118,5138,2602
20180119,110000,5134,5139,5119,5122,1670
20180119,113000,5122,5125,5100,5115,3191
20180119,120000,5114,5127,5106,5111,2251
20180119,123000,5112,5123,5109,5114,959
20180119,130000,5119,5121,5106,5115,894
20180119,133000,5115,5120,5111,5113,1100
20180119,140000,5115,5120,5113,5119,813
20180119,143000,5119,5128,5119,5120,1093
20180119,150000,5119,5142,5119,5139,1341
20180119,153000,5136,5140,5115,5118,757
20180119,160000,5116,5116,5087,5102,3751
20180119,163000,5102,5102,4979,5013,21753
20180119,170000,5014,5041,4994,5034,8347
20180119,173000,5035,5069,5035,5062,4934
20180119,180000,5063,5078,5036,5054,4522
20180119,183000,5052,5054,5040,5044,2261
20180119,190000,5047,5047,5025,5025,873
20180119,193000,5027,5035,5025,5034,261
20180119,200000,5033,5039,5029,5036,266
20180119,203000,5035,5037,5028,5034,537
20180119,210000,5031,5034,5027,5031,286
20180119,213000,5033,5037,5030,5033,118
20180119,220000,5033,5034,5020,5024,521
20180119,223000,5025,5035,5024,5027,318
20180119,230000,5028,5033,5027,5033,278
20180119,233000,5034,5037,5027,5027,227
20180122,100000,5028,5075,5024,5041,11543
20180122,103000,5039,5084,5038,5073,6025
20180122,110000,5078,5079,5052,5062,2371
20180122,113000,5062,5069,5047,5053,1374
20180122,120000,5050,5088,5050,5071,6069
20180122,123000,5068,5070,5052,5055,1217
20180122,130000,5061,5065,5040,5041,1513
20180122,133000,5042,5054,5026,5043,1804
20180122,140000,5042,5055,5037,5048,1280
20180122,143000,5048,5054,5036,5038,606
20180122,150000,5039,5040,5027,5039,1384
20180122,153000,5037,5054,5035,5045,2511
20180122,160000,5043,5044,5024,5041,2075
20180122,163000,5038,5043,5028,5040,994
20180122,170000,5038,5048,5031,5042,1084
20180122,173000,5043,5064,5037,5064,2915
20180122,180000,5065,5073,5047,5055,2691
20180122,183000,5056,5066,5056,5056,972
20180122,190000,5057,5090,5053,5077,1678
20180122,193000,5075,5077,5070,5070,465
20180122,200000,5072,5072,5061,5068,452
20180122,203000,5068,5072,5062,5068,250
20180122,210000,5070,5074,5065,5070,54
20180122,213000,5068,5074,5068,5070,111
20180122,220000,5070,5076,5070,5072,278
20180122,223000,5071,5076,5070,5076,136
20180122,230000,5074,5076,5067,5070,373
20180122,233000,5069,5077,5065,5077,282
20180123,100000,5074,5085,5057,5067,3962
20180123,103000,5069,5077,5067,5075,1539
20180123,110000,5074,5076,5061,5063,2024
20180123,113000,5067,5072,5055,5055,3276
20180123,120000,5055,5055,5024,5040,4665
20180123,123000,5040,5060,5039,5052,3077
20180123,130000,5050,5052,5036,5044,1804
20180123,133000,5041,5041,5027,5034,2928
20180123,140000,5032,5032,5011,5021,3972
20180123,143000,5023,5024,5005,5023,3958
20180123,150000,5023,5026,5010,5018,1572
20180123,153000,5019,5028,5015,5021,1113
20180123,160000,5021,5025,4985,5005,4739
20180123,163000,5003,5012,5000,5002,993
20180123,170000,5004,5004,4978,4998,3532
20180123,173000,4997,5009,4971,4991,4708
20180123,180000,4992,4999,4973,4999,3887
20180123,183000,4999,5005,4993,5000,1093
20180123,190000,5007,5029,5006,5012,2261
20180123,193000,5016,5022,5013,5014,391
20180123,200000,5014,5019,5013,5013,311
20180123,203000,5015,5025,5011,5020,740
20180123,210000,5021,5025,5016,5024,142
20180123,213000,5023,5026,5020,5020,179
20180123,220000,5020,5021,5017,5021,46
20180123,223000,5019,5020,5015,5015,123
20180123,230000,5016,5020,5015,5015,302
20180123,233000,5018,5020,5015,5020,268
20180124,100000,5015,5019,4987,4996,7124
20180124,103000,4995,5018,4994,5000,2270
20180124,110000,5000,5011,4984,4995,2203
20180124,113000,4995,5004,4985,4996,3651
20180124,120000,4997,4997,4979,4981,1761
20180124,123000,4980,4993,4980,4980,1144
20180124,130000,4984,4984,4973,4978,1713
20180124,133000,4980,4984,4945,4969,6871
20180124,140000,4968,4984,4953,4962,3230
20180124,143000,4961,4968,4958,4960,1149
20180124,150000,4960,4964,4953,4961,1014
20180124,153000,4963,4979,4963,4968,2262
20180124,160000,4972,4975,4964,4966,630
20180124,163000,4965,4969,4947,4963,2270
20180124,170000,4963,4968,4943,4948,3382
20180124,173000,4947,4951,4940,4947,1814
20180124,180000,4949,4970,4947,4948,3390
20180124,183000,4947,4955,4947,4950,4046
20180124,190000,4951,4959,4940,4941,847
20180124,193000,4941,4955,4935,4947,631
20180124,200000,4944,4954,4935,4939,909
20180124,203000,4937,4945,4933,4943,233
20180124,210000,4939,4944,4935,4941,272
20180124,213000,4939,4946,4929,4941,529
20180124,220000,4941,4949,4939,4946,310
20180124,223000,4947,4959,4944,4952,531
20180124,230000,4952,4957,4945,4955,289
20180124,233000,4954,4960,4952,4960,353
20180125,100000,4960,4983,4946,4975,5972
20180125,103000,4973,5007,4968,4996,9643
20180125,110000,4995,5046,4992,5036,10024
20180125,113000,5035,5039,5013,5026,3687
20180125,120000,5026,5028,5003,5025,4242
20180125,123000,5023,5041,5021,5033,3610
20180125,130000,5035,5038,5020,5029,1686
20180125,133000,5031,5036,5016,5033,2229
20180125,140000,5034,5070,5030,5058,7110
20180125,143000,5060,5085,5060,5067,7341
20180125,150000,5067,5074,5062,5073,1581
20180125,153000,5071,5078,5068,5074,1067
20180125,160000,5074,5097,5069,5083,3491
20180125,163000,5084,5089,5043,5061,6682
20180125,170000,5059,5067,5042,5056,3768
20180125,173000,5058,5063,5032,5037,4431
20180125,180000,5036,5051,5023,5034,4391
20180125,183000,5034,5037,5000,5017,3086
20180125,190000,5016,5024,5000,5019,649
20180125,193000,5022,5036,5020,5026,642
20180125,200000,5030,5038,5020,5020,383
20180125,203000,5019,5023,5015,5022,109
20180125,210000,5022,5037,5022,5029,556
20180125,213000,5028,5040,5028,5032,330
20180125,220000,5032,5032,5024,5024,407
20180125,223000,5024,5026,5000,5007,540
20180125,230000,5009,5009,4999,5001,423
20180125,233000,5007,5030,4999,5012,1080
20180126,100000,5020,5034,5005,5022,2921
20180126,103000,5022,5031,5017,5018,1518
20180126,110000,5019,5032,5012,5013,1999
20180126,113000,5013,5024,5009,5018,580
20180126,120000,5016,5018,4992,5009,2256
20180126,123000,5010,5019,4995,5002,1106
20180126,130000,5001,5030,4987,5016,3056
20180126,133000,5013,5021,5008,5014,495
20180126,140000,5013,5018,4999,5008,1124
20180126,143000,5005,5007,4972,4972,2228
20180126,150000,4972,4977,4957,4960,4897
20180126,153000,4960,4962,4945,4958,1986
20180126,160000,4958,4961,4923,4958,6327
20180126,163000,4958,4958,4942,4950,1368
20180126,170000,4952,4957,4939,4949,1850
20180126,173000,4950,4956,4940,4953,2363
20180126,180000,4952,4958,4945,4951,2583
20180126,183000,4951,4956,4946,4950,1772
20180126,190000,4956,4970,4955,4957,948
20180126,193000,4961,4975,4959,4974,526
20180126,200000,4973,4974,4960,4968,422
20180126,203000,4968,4974,4967,4970,333
20180126,210000,4967,4973,4965,4969,142
20180126,213000,4969,4973,4968,4972,78
20180126,220000,4971,4972,4967,4967,121
20180126,223000,4967,4971,4965,4968,116
20180126,230000,4969,4982,4966,4976,604
20180126,233000,4976,4982,4970,4979,286
20180129,100000,4978,4991,4949,4979,6202
20180129,103000,4978,4978,4928,4934,4365
20180129,110000,4934,4981,4922,4980,8065
20180129,113000,4979,4983,4958,4969,1813
20180129,120000,4973,4994,4961,4971,4275
20180129,123000,4972,5011,4963,4998,5055
20180129,130000,5000,5006,4996,4997,1235
20180129,133000,4996,5010,4990,4994,2067
20180129,140000,4992,4993,4962,4970,4697
20180129,143000,4969,4991,4967,4975,2305
20180129,150000,4975,4977,4966,4977,465
20180129,153000,4974,4975,4952,4967,1657
20180129,160000,4968,4979,4960,4971,726
20180129,163000,4971,4981,4970,4972,1123
20180129,170000,4972,4977,4959,4967,1403
20180129,173000,4965,4967,4952,4957,1093
20180129,180000,4960,4968,4949,4964,1844
20180129,183000,4966,4968,4952,4954,1236
20180129,190000,4958,4964,4938,4944,1285
20180129,193000,4944,4950,4941,4948,180
20180129,200000,4948,4950,4939,4947,670
20180129,203000,4947,4954,4946,4952,184
20180129,210000,4953,4955,4950,4955,141
20180129,213000,4954,4954,4950,4953,168
20180129,220000,4954,4956,4949,4956,200
20180129,223000,4955,4957,4951,4951,73
20180129,230000,4956,4958,4944,4944,178
