20180119,190000,70045,13,Sell,0,1949908938
20180119,190000,70033,13,Sell,0,1949908994
20180119,190000,70025,10,Sell,0,1949909011
20180119,190000,70017,10,Sell,0,1949909018
20180119,190000,69988,1,Sell,0,1949909075
20180119,190000,70048,4,Sell,0,1949909128
20180119,190000,70056,4,Sell,0,1949909147
20180119,190000,70060,2,Sell,0,1949909148
20180119,190001,70028,1,Sell,0,1949909337
20180119,190001,70040,20,Sell,0,1949909444
20180119,190001,70040,1,Sell,0,1949909445
20180119,190001,70040,5,Sell,0,1949909446
20180119,190001,70040,20,Sell,0,1949909449
20180119,190001,70040,5,Sell,0,1949909450
20180119,190001,70040,5,Sell,0,1949909451
20180119,190001,70040,5,Sell,0,1949909453
20180119,190001,70040,1,Sell,0,1949909454
20180119,190001,70040,6,Sell,0,1949909509
20180119,190001,70040,10,Sell,0,1949909637
20180119,190001,70038,2,Sell,0,1949909638
20180119,190001,70028,4,Sell,0,1949909639
20180119,190001,70027,8,Sell,0,1949909640
20180119,190001,70026,1,Sell,0,1949909641
20180119,190001,70025,5,Sell,0,1949909642
20180119,190001,70040,10,Sell,0,1949909648
20180119,190001,70022,5,Sell,0,1949909649
20180119,190001,70019,5,Sell,0,1949909650
20180119,190001,70016,5,Sell,0,1949909651
20180119,190001,70013,5,Sell,0,1949909652
20180119,190001,70040,10,Sell,0,1949909654
20180119,190001,70011,5,Sell,0,1949909655
20180119,190001,70040,10,Sell,0,1949909656
20180119,190001,70010,5,Sell,0,1949909657
20180119,190001,70007,5,Sell,0,1949909658
20180119,190001,70004,5,Sell,0,1949909659
20180119,190001,70001,4,Sell,0,1949909660
20180119,190001,69974,1,Sell,0,1949909661
20180119,190001,70040,10,Sell,0,1949909680
20180119,190001,69983,1,Sell,0,1949909681
20180119,190001,69974,19,Sell,0,1949909682
20180119,190001,70026,1,Sell,0,1949909715
20180119,190002,70040,10,Sell,0,1949909917
20180119,190002,70040,10,Sell,0,1949909922
20180119,190002,70015,4,Sell,0,1949909923
20180119,190002,70014,2,Sell,0,1949909924
20180119,190002,70040,10,Sell,0,1949909931
20180119,190002,70014,5,Sell,0,1949909932
20180119,190002,70040,2,Sell,0,1949909944
20180119,190002,70044,5,Sell,0,1949909945
20180119,190002,70047,3,Sell,0,1949909946
20180119,190002,70014,7,Sell,0,1949909948
20180119,190002,70045,8,Sell,0,1949909959
20180119,190002,70047,2,Sell,0,1949909960
20180119,190002,70013,20,Sell,0,1949909961
20180119,190002,70047,4,Sell,0,1949909962
20180119,190002,70048,4,Sell,0,1949909963
20180119,190002,70049,2,Sell,0,1949909964
20180119,190002,70013,2,Sell,0,1949909965
20180119,190002,70011,18,Sell,0,1949909966
20180119,190002,70048,4,Sell,0,1949909971
20180119,190002,70049,4,Sell,0,1949909972
20180119,190002,70050,2,Sell,0,1949909973
20180119,190002,70015,4,Sell,0,1949909974
20180119,190002,70015,4,Sell,0,1949909975
20180119,190002,70014,2,Sell,0,1949909976
20180119,190002,70011,10,Sell,0,1949909977
20180119,190003,70046,1,Sell,0,1949910174
20180119,190003,70047,1,Sell,0,1949910175
20180119,190003,70047,8,Sell,0,1949910176
20180119,190003,70033,1,Sell,0,1949910177
20180119,190003,70033,4,Sell,0,1949910178
20180119,190003,70032,4,Sell,0,1949910179
20180119,190003,70031,1,Sell,0,1949910180
20180119,190003,70029,1,Sell,0,1949910181
20180119,190003,70027,1,Sell,0,1949910182
20180119,190003,70027,2,Sell,0,1949910183
20180119,190003,70023,6,Sell,0,1949910184
20180119,190003,70046,1,Sell,0,1949910196
20180119,190003,70047,2,Sell,0,1949910197
20180119,190003,70047,7,Sell,0,1949910198
20180119,190003,70023,14,Sell,0,1949910201
20180119,190003,70030,1,Sell,0,1949910199
20180119,190003,70025,5,Sell,0,1949910200
20180119,190004,70045,1,Sell,0,1949910355
20180119,190004,70046,5,Sell,0,1949910356
20180119,190004,70047,1,Sell,0,1949910357
20180119,190004,70047,3,Sell,0,1949910358
20180119,190004,70030,1,Sell,0,1949910359
20180119,190004,70026,5,Sell,0,1949910360
20180119,190004,70025,1,Sell,0,1949910361
20180119,190004,70025,8,Sell,0,1949910362
20180119,190004,70022,1,Sell,0,1949910363
20180119,190004,70016,4,Sell,0,1949910364
20180119,190007,70029,1,Sell,0,1949910863
20180119,190008,70043,3,Sell,0,1949910983
20180119,190008,70044,1,Sell,0,1949910985
20180119,190008,70045,1,Sell,0,1949911006
20180119,190008,70046,1,Sell,0,1949911031
20180119,190011,70048,1,Sell,0,1949911168
20180119,190011,70049,1,Sell,0,1949911214
20180119,190012,70049,1,Sell,0,1949911288
20180119,190012,70049,1,Sell,0,1949911291
20180119,190012,70048,5,Sell,0,1949911323
20180119,190013,70046,1,Sell,0,1949911358
20180119,190013,70046,1,Sell,0,1949911362
20180119,190016,70052,1,Sell,0,1949911420
20180119,190016,70055,1,Sell,0,1949911448
20180119,190016,70055,1,Sell,0,1949911452
20180119,190017,70055,1,Sell,0,1949911455
20180119,190018,70049,1,Sell,0,1949911495
20180119,190018,70049,1,Sell,0,1949911498
20180119,190019,70050,1,Sell,0,1949911507
20180119,190019,70057,1,Sell,0,1949911524
20180119,190019,70055,1,Sell,0,1949911523
20180119,190020,70048,1,Sell,0,1949911541
20180119,190020,70048,4,Sell,0,1949911542
20180119,190020,70050,1,Sell,0,1949911549
20180119,190020,70050,1,Sell,0,1949911552
20180119,190021,70051,1,Sell,0,1949911598
20180119,190021,70051,1,Sell,0,1949911601
20180119,190026,70050,1,Sell,0,1949911796
20180119,190045,70056,1,Sell,0,1949912271
20180119,190100,70055,4,Sell,0,1949912612
20180119,190103,70061,2,Sell,0,1949912757
20180119,190109,70053,1,Sell,0,1949912831
20180119,190127,70052,2,Sell,0,1949913531
20180119,190127,70052,1,Sell,0,1949913532
20180119,190158,70049,1,Sell,0,1949913912
20180119,190201,70044,3,Sell,0,1949913990
20180119,190201,70044,1,Sell,0,1949913991
20180119,190204,70045,5,Sell,0,1949914067
20180119,190214,70046,1,Sell,0,1949914244
20180119,190215,70047,35,Sell,0,1949914295
20180119,190232,70056,1,Sell,0,1949914654
20180119,190232,70056,3,Sell,0,1949914655
20180119,190232,70056,3,Sell,0,1949914656
20180119,190246,70045,3,Sell,0,1949914853
20180119,190246,70045,2,Sell,0,1949914854
20180119,190246,70045,1,Sell,0,1949914855
20180119,190252,70050,1,Sell,0,1949914938
20180119,190252,70050,1,Sell,0,1949914941
20180119,190252,70050,1,Sell,0,1949914944
20180119,190253,70050,2,Sell,0,1949914958
20180119,190305,70044,4,Sell,0,1949915171
20180119,190318,70048,4,Sell,0,1949915430
20180119,190318,70049,2,Sell,0,1949915431
20180119,190318,70048,4,Sell,0,1949915430
20180119,190318,70049,2,Sell,0,1949915431
20180119,190336,70050,1,Sell,0,1949915685
20180119,190349,70050,3,Sell,0,1949915938
20180119,190349,70050,3,Sell,0,1949915939
20180119,190349,70045,1,Sell,0,1949915980
20180119,190349,70046,3,Sell,0,1949915984
20180119,190349,70046,3,Sell,0,1949915985
20180119,190349,70050,1,Sell,0,1949916025
20180119,190358,70046,4,Sell,0,1949916266
20180119,190401,70050,10,Sell,0,1949916394
20180119,190401,70049,1,Sell,0,1949916401
20180119,190401,70045,3,Sell,0,1949916408
20180119,190402,70042,3,Sell,0,1949916416
20180119,190402,70042,2,Sell,0,1949916418
20180119,190402,70041,1,Sell,0,1949916423
20180119,190402,70042,1,Sell,0,1949916417
20180119,190403,70040,10,Sell,0,1949916438
20180119,190403,70040,4,Sell,0,1949916439
20180119,190403,70040,1,Sell,0,1949916442
20180119,190403,70036,2,Sell,0,1949916444
20180119,190403,70036,3,Sell,0,1949916446
20180119,190404,70041,5,Sell,0,1949916453
20180119,190404,70041,9,Sell,0,1949916454
20180119,190404,70040,1,Sell,0,1949916455
20180119,190404,70040,3,Sell,0,1949916456
20180119,190404,70040,4,Sell,0,1949916457
20180119,190404,70040,3,Sell,0,1949916458
20180119,190404,70040,3,Sell,0,1949916461
20180119,190404,70040,3,Sell,0,1949916462
20180119,190404,70040,1,Sell,0,1949916473
20180119,190404,70040,3,Sell,0,1949916474
20180119,190404,70040,2,Sell,0,1949916472
20180119,190443,70047,50,Sell,0,1949917336
20180119,190457,70050,1,Sell,0,1949917532
20180119,190457,70050,3,Sell,0,1949917533
20180119,190457,70050,3,Sell,0,1949917534
20180119,190458,70048,3,Sell,0,1949917549
20180119,190458,70046,3,Sell,0,1949917574
20180119,190501,70046,4,Sell,0,1949917760
20180119,190501,70047,5,Sell,0,1949917761
20180119,190501,70047,4,Sell,0,1949917762
20180119,190501,70047,7,Sell,0,1949917763
20180119,190501,70047,2,Sell,0,1949917861
20180119,190501,70046,20,Sell,0,1949917893
20180119,190501,70043,1,Sell,0,1949917973
20180119,190502,70046,20,Sell,0,1949917977
20180119,190502,70046,2,Sell,0,1949917978
20180119,190502,70043,3,Sell,0,1949918003
20180119,190502,70044,3,Sell,0,1949918116
20180119,190503,70049,1,Sell,0,1949918186
20180119,190503,70050,5,Sell,0,1949918187
20180119,190503,70050,50,Sell,0,1949918188
20180119,190503,70048,1,Sell,0,1949918193
20180119,190503,70048,3,Sell,0,1949918194
20180119,190503,70047,20,Sell,0,1949918196
20180119,190503,70047,19,Sell,0,1949918197
20180119,190505,70046,1,Sell,0,1949918233
20180119,190506,70045,3,Sell,0,1949918315
20180119,190506,70045,4,Sell,0,1949918316
20180119,190506,70045,3,Sell,0,1949918349
20180119,190506,70050,4,Sell,0,1949918351
20180119,190506,70051,1,Sell,0,1949918352
20180119,190508,70043,3,Sell,0,1949918378
20180119,190508,70042,1,Sell,0,1949918379
20180119,190508,70042,46,Sell,0,1949918382
20180119,190508,70043,5,Sell,0,1949918383
20180119,190508,70042,3,Sell,0,1949918384
20180119,190508,70042,3,Sell,0,1949918386
20180119,190508,70042,2,Sell,0,1949918387
20180119,190509,70041,3,Sell,0,1949918393
20180119,190509,70041,1,Sell,0,1949918398
20180119,190513,70038,5,Sell,0,1949918461
20180119,190513,70037,2,Sell,0,1949918462
20180119,190513,70037,34,Sell,0,1949918463
20180119,190513,70037,3,Sell,0,1949918464
20180119,190513,70037,3,Sell,0,1949918465
20180119,190517,70040,9,Sell,0,1949918571
20180119,190517,70037,41,Sell,0,1949918572
20180119,190518,70036,3,Sell,0,1949918579
20180119,190518,70035,1,Sell,0,1949918649
20180119,190518,70035,3,Sell,0,1949918650
20180119,190527,70025,5,Sell,0,1949918910
20180119,190527,70023,3,Sell,0,1949918911
20180119,190527,70022,5,Sell,0,1949918913
20180119,190537,70020,3,Sell,0,1949919101
20180119,190539,70020,5,Sell,0,1949919188
20180119,190540,70018,3,Sell,0,1949919199
20180119,190541,70017,3,Sell,0,1949919263
20180119,190544,70017,1,Sell,0,1949919296
20180119,190548,70012,1,Sell,0,1949919410
20180119,190557,70010,3,Sell,0,1949919509
20180119,190601,70012,5,Sell,0,1949919655
20180119,190601,70011,3,Sell,0,1949919656
20180119,190604,70013,5,Sell,0,1949919733
20180119,190726,70018,1,Sell,0,1949920602
20180119,190739,70028,4,Sell,0,1949920879
20180119,190829,70035,1,Sell,0,1949921679
20180119,191024,70029,1,Sell,0,1949922608
20180119,191105,70034,4,Sell,0,1949922987
20180119,191153,70053,2,Sell,0,1949923306
20180119,191218,70046,1,Sell,0,1949923443
20180119,191301,70043,1,Sell,0,1949923750
20180119,191330,70043,1,Sell,0,1949923889
20180119,191422,70055,10,Sell,0,1949924155
20180119,191423,70057,4,Sell,0,1949924177
20180119,191439,70058,3,Sell,0,1949924600
20180119,191444,70058,1,Sell,0,1949924656
20180119,191507,70050,1,Sell,0,1949925175
20180119,191556,70041,4,Sell,0,1949925657
20180119,191556,70040,3,Sell,0,1949925658
20180119,191620,70059,2,Sell,0,1949926005
20180119,191620,70059,2,Sell,0,1949926006
20180119,191620,70059,2,Sell,0,1949926005
20180119,191620,70059,2,Sell,0,1949926006
20180119,191625,70058,4,Sell,0,1949926070
20180119,191625,70058,5,Sell,0,1949926071
20180119,191649,70051,1,Sell,0,1949926591
20180119,191649,70051,4,Sell,0,1949926592
20180119,191649,70051,3,Sell,0,1949926593
20180119,191649,70051,2,Sell,0,1949926595
20180119,191708,70061,5,Sell,0,1949926835
20180119,191708,70062,4,Sell,0,1949926836
20180119,191708,70064,4,Sell,0,1949926840
20180119,191708,70063,8,Sell,0,1949926838
20180119,191708,70066,3,Sell,0,1949926842
20180119,191708,70064,4,Sell,0,1949926847
20180119,191708,70063,1,Sell,0,1949926848
20180119,191708,70064,5,Sell,0,1949926839
20180119,191708,70063,3,Sell,0,1949926853
20180119,191708,70064,5,Sell,0,1949926839
20180119,191708,70063,1,Sell,0,1949926869
20180119,191708,70063,1,Sell,0,1949926918
20180119,191708,70066,1,Sell,0,1949926841
20180119,191708,70062,8,Sell,0,1949926837
20180119,191726,70069,1,Sell,0,1949927050
20180119,191727,70069,8,Sell,0,1949927067
20180119,191727,70069,1,Sell,0,1949927068
20180119,191727,70069,1,Sell,0,1949927069
20180119,191727,70070,11,Sell,0,1949927070
20180119,191727,70070,9,Sell,0,1949927071
20180119,191754,70063,4,Sell,0,1949927423
20180119,191800,70068,5,Sell,0,1949927451
20180119,191800,70069,4,Sell,0,1949927452
20180119,191800,70069,4,Sell,0,1949927453
20180119,191800,70070,4,Sell,0,1949927454
20180119,191800,70071,1,Sell,0,1949927455
20180119,191800,70071,2,Sell,0,1949927456
20180119,191801,70060,1,Sell,0,1949927469
20180119,191801,70068,1,Sell,0,1949927485
20180119,191812,70065,1,Sell,0,1949927589
20180119,191815,70065,2,Sell,0,1949927605
20180119,191815,70065,2,Sell,0,1949927606
20180119,191817,70065,5,Sell,0,1949927613
20180119,191818,70065,5,Sell,0,1949927619
20180119,191818,70065,5,Sell,0,1949927620
20180119,191824,70065,1,Sell,0,1949927631
20180119,191824,70065,19,Sell,0,1949927632
20180119,191824,70065,1,Sell,0,1949927633
20180119,191824,70065,135,Sell,0,1949927634
20180119,191824,70063,3,Sell,0,1949927635
20180119,191824,70063,4,Sell,0,1949927636
20180119,191919,70074,4,Sell,0,1949927879
20180119,191926,70090,1,Sell,0,1949927944
20180119,191926,70090,1,Sell,0,1949927950
20180119,191926,70091,2,Sell,0,1949927951
20180119,191927,70090,1,Sell,0,1949927964
20180119,191927,70088,4,Sell,0,1949927967
20180119,191938,70093,1,Sell,0,1949928057
20180119,191938,70094,1,Sell,0,1949928058
20180119,191939,70091,5,Sell,0,1949928103
20180119,191939,70091,2,Sell,0,1949928104
20180119,192010,70080,4,Sell,0,1949928347
20180119,192010,70081,4,Sell,0,1949928348
20180119,192010,70081,1,Sell,0,1949928357
20180119,192122,70076,4,Sell,0,1949928934
20180119,192122,70076,1,Sell,0,1949928935
20180119,192122,70076,3,Sell,0,1949928936
20180119,192122,70076,1,Sell,0,1949928940
20180119,192126,70073,1,Sell,0,1949928954
20180119,192154,70080,1,Sell,0,1949929233
20180119,192156,70083,2,Sell,0,1949929290
20180119,192156,70083,1,Sell,0,1949929291
20180119,192156,70083,1,Sell,0,1949929292
20180119,192156,70083,3,Sell,0,1949929294
20180119,192205,70083,1,Sell,0,1949929436
20180119,192209,70090,11,Sell,0,1949929510
20180119,192212,70094,4,Sell,0,1949929559
20180119,192212,70095,1,Sell,0,1949929560
20180119,192213,70085,5,Sell,0,1949929616
20180119,192213,70084,4,Sell,0,1949929617
20180119,192213,70082,4,Sell,0,1949929618
20180119,192213,70082,4,Sell,0,1949929619
20180119,192213,70082,6,Sell,0,1949929620
20180119,192223,70080,4,Sell,0,1949929770
20180119,192223,70080,1,Sell,0,1949929771
20180119,192223,70079,5,Sell,0,1949929776
20180119,192223,70077,11,Sell,0,1949929778
20180119,192225,70073,1,Sell,0,1949929860
20180119,192241,70076,5,Sell,0,1949930145
20180119,192250,70077,1,Sell,0,1949930259
20180119,192310,70072,5,Sell,0,1949930433
20180119,192311,70065,8,Sell,0,1949930493
20180119,192311,70065,12,Sell,0,1949930494
20180119,192424,70048,1,Sell,0,1949930834
20180119,192443,70050,2,Sell,0,1949930926
20180119,192443,70050,18,Sell,0,1949930927
20180119,192455,70050,4,Sell,0,1949931028
20180119,192455,70050,1,Sell,0,1949931073
20180119,192455,70048,4,Sell,0,1949931092
20180119,192455,70045,5,Sell,0,1949931097
20180119,192455,70039,5,Sell,0,1949931143
20180119,192455,70050,4,Sell,0,1949931028
20180119,192455,70050,1,Sell,0,1949931073
20180119,192455,70048,4,Sell,0,1949931092
20180119,192455,70045,5,Sell,0,1949931097
20180119,192455,70039,5,Sell,0,1949931143
20180119,192710,70048,4,Sell,0,1949932083
20180119,192710,70042,4,Sell,0,1949932104
20180119,192724,70031,1,Sell,0,1949932269
20180119,192725,70030,1,Sell,0,1949932298
20180119,192732,70026,1,Sell,0,1949932356
20180119,192732,70026,10,Sell,0,1949932357
20180119,192744,70025,5,Sell,0,1949932595
20180119,192744,70023,1,Sell,0,1949932600
20180119,192744,70025,2,Sell,0,1949932604
20180119,192816,70037,1,Sell,0,1949932824
20180119,192931,70028,5,Sell,0,1949933225
20180119,193007,70022,3,Sell,0,1949933711
20180119,193013,70033,1,Sell,0,1949933774
20180119,193019,70036,5,Sell,0,1949933880
20180119,193030,70030,5,Sell,0,1949934154
20180119,193034,70031,5,Sell,0,1949934220
20180119,193050,70030,4,Sell,0,1949934578
20180119,193050,70030,1,Sell,0,1949934579
20180119,193117,70040,5,Sell,0,1949934763
20180119,193117,70043,5,Sell,0,1949934765
20180119,193117,70044,2,Sell,0,1949934766
20180119,193117,70036,4,Sell,0,1949934767
20180119,193117,70034,4,Sell,0,1949934768
20180119,193117,70042,4,Sell,0,1949934764
20180119,193152,70026,4,Sell,0,1949935082
20180119,193207,70018,5,Sell,0,1949935218
20180119,193208,70017,3,Sell,0,1949935268
20180119,193213,70016,2,Sell,0,1949935298
20180119,193213,70016,8,Sell,0,1949935299
20180119,193257,70017,1,Sell,0,1949935566
20180119,193257,70017,1,Sell,0,1949935567
20180119,193303,70016,1,Sell,0,1949935662
20180119,193334,70018,4,Sell,0,1949935801
20180119,193334,70019,1,Sell,0,1949935802
20180119,193334,70018,4,Sell,0,1949935801
20180119,193334,70019,1,Sell,0,1949935802
20180119,193437,70024,2,Sell,0,1949936249
20180119,193622,70026,3,Sell,0,1949937293
20180119,193622,70024,4,Sell,0,1949937335
20180119,193622,70020,2,Sell,0,1949937345
20180119,193821,70033,4,Sell,0,1949938443
20180119,193835,70031,2,Sell,0,1949938580
20180119,194011,70045,1,Sell,0,1949939196
20180119,194011,70046,5,Sell,0,1949939197
20180119,194011,70046,4,Sell,0,1949939198
20180119,194011,70046,10,Sell,0,1949939199
20180119,194203,70064,6,Sell,0,1949939607
20180119,194203,70064,2,Sell,0,1949939608
20180119,194207,70055,25,Sell,0,1949939669
20180119,194207,70055,7,Sell,0,1949939672
20180119,194218,70048,5,Sell,0,1949939782
20180119,194221,70054,4,Sell,0,1949939832
20180119,194233,70054,1,Sell,0,1949939899
20180119,194245,70055,1,Sell,0,1949939973
20180119,194252,70052,4,Sell,0,1949940065
20180119,194300,70050,5,Sell,0,1949940095
20180119,194323,70053,1,Sell,0,1949940228
20180119,194332,70053,1,Sell,0,1949940245
20180119,194341,70057,5,Sell,0,1949940276
20180119,194416,70055,16,Sell,0,1949940426
20180119,194416,70055,5,Sell,0,1949940425
20180119,194416,70054,4,Sell,0,1949940427
20180119,194416,70055,16,Sell,0,1949940426
20180119,194416,70055,5,Sell,0,1949940425
20180119,194416,70054,4,Sell,0,1949940427
20180119,194513,70062,5,Sell,0,1949940661
20180119,194526,70064,1,Sell,0,1949940809
20180119,194555,70066,1,Sell,0,1949941127
20180119,194556,70056,2,Sell,0,1949941128
20180119,194643,70060,1,Sell,0,1949941297
20180119,194643,70060,9,Sell,0,1949941298
20180119,194646,70059,30,Sell,0,1949941315
20180119,194710,70071,1,Sell,0,1949941475
20180119,194726,70068,5,Sell,0,1949941539
20180119,194740,70065,1,Sell,0,1949941573
20180119,194804,70068,1,Sell,0,1949941759
20180119,194807,70064,7,Sell,0,1949941778
20180119,194915,70069,1,Sell,0,1949942506
20180119,194944,70077,1,Sell,0,1949942643
20180119,194945,70077,1,Sell,0,1949942655
20180119,194954,70077,1,Sell,0,1949942715
20180119,195000,70077,5,Sell,0,1949942737
20180119,195002,70077,1,Sell,0,1949942752
20180119,195007,70069,5,Sell,0,1949942843
20180119,195007,70069,6,Sell,0,1949942844
20180119,195035,70064,1,Sell,0,1949942918
20180119,195137,70057,1,Sell,0,1949943087
20180119,195137,70058,1,Sell,0,1949943088
20180119,195144,70051,1,Sell,0,1949943116
20180119,195220,70051,1,Sell,0,1949943237
20180119,195220,70050,1,Sell,0,1949943238
20180119,195220,70050,2,Sell,0,1949943239
20180119,195413,70048,1,Sell,0,1949943580
20180119,195436,70044,4,Sell,0,1949943671
20180119,195528,70049,1,Sell,0,1949943924
20180119,195528,70045,1,Sell,0,1949943929
20180119,195554,70058,1,Sell,0,1949943958
20180119,195554,70059,5,Sell,0,1949943959
20180119,195554,70059,1,Sell,0,1949943960
20180119,195717,70050,1,Sell,0,1949944519
20180119,195811,70045,1,Sell,0,1949944861
20180119,195811,70046,4,Sell,0,1949944863
20180119,195821,70038,2,Sell,0,1949945410
20180119,195830,70047,2,Sell,0,1949945572
20180119,195830,70050,4,Sell,0,1949945609
20180119,195910,70052,1,Sell,0,1949945993
20180119,195922,70052,4,Sell,0,1949946131
20180119,195922,70053,5,Sell,0,1949946136
20180119,195922,70054,3,Sell,0,1949946137
20180119,195922,70054,3,Sell,0,1949946138
20180119,195922,70055,7,Sell,0,1949946139
20180119,195922,70056,4,Sell,0,1949946142
20180119,195922,70059,5,Sell,0,1949946182
20180119,195922,70062,2,Sell,0,1949946197
20180119,195922,70063,23,Sell,0,1949946199
20180119,195922,70061,2,Sell,0,1949946205
20180119,195933,70062,1,Sell,0,1949946297
20180119,200003,70066,1,Sell,0,1949946556
20180119,200007,70074,4,Sell,0,1949946669
20180119,200007,70076,4,Sell,0,1949946670
20180119,200007,70077,5,Sell,0,1949946671
20180119,200007,70085,20,Sell,0,1949946681
20180119,200007,70092,2,Sell,0,1949946756
20180119,200007,70092,10,Sell,0,1949946757
20180119,200007,70093,18,Sell,0,1949946758
20180119,200007,70093,132,Sell,0,1949946759
20180119,200007,70094,1,Sell,0,1949946760
20180119,200011,70089,5,Sell,0,1949946916
20180119,200011,70090,4,Sell,0,1949946921
20180119,200013,70094,4,Sell,0,1949946987
20180119,200013,70094,4,Sell,0,1949946988
20180119,200016,70095,4,Sell,0,1949947051
20180119,200016,70097,4,Sell,0,1949947060
20180119,200016,70097,4,Sell,0,1949947061
20180119,200037,70094,1,Sell,0,1949947263
20180119,200037,70093,1,Sell,0,1949947264
20180119,200038,70091,1,Sell,0,1949947285
20180119,200050,70090,10,Sell,0,1949947436
20180119,200050,70089,160,Sell,0,1949947444
20180119,200050,70089,8,Sell,0,1949947445
20180119,200053,70092,1,Sell,0,1949947534
20180119,200057,70084,2,Sell,0,1949947562
20180119,200057,70084,2,Sell,0,1949947563
20180119,200120,70084,1,Sell,0,1949947663
20180119,200129,70089,1,Sell,0,1949947711
20180119,200131,70093,1,Sell,0,1949947724
20180119,200137,70087,1,Sell,0,1949947770
20180119,200257,70087,1,Sell,0,1949948286
20180119,200306,70087,1,Sell,0,1949948324
20180119,200312,70096,1,Sell,0,1949948361
20180119,200312,70097,1,Sell,0,1949948362
20180119,200312,70100,1,Sell,0,1949948369
20180119,200312,70100,7,Sell,0,1949948370
20180119,200312,70100,3,Sell,0,1949948371
20180119,200312,70100,3,Sell,0,1949948372
20180119,200312,70100,2,Sell,0,1949948373
20180119,200312,70100,1,Sell,0,1949948376
20180119,200312,70101,1,Sell,0,1949948404
20180119,200312,70090,4,Sell,0,1949948425
20180119,200312,70090,4,Sell,0,1949948426
20180119,200319,70088,4,Sell,0,1949948465
20180119,200401,70091,5,Sell,0,1949948589
20180119,200401,70092,4,Sell,0,1949948590
20180119,200401,70094,4,Sell,0,1949948591
20180119,200401,70096,4,Sell,0,1949948592
20180119,200401,70097,3,Sell,0,1949948593
20180119,200415,70086,4,Sell,0,1949948833
20180119,200415,70085,4,Sell,0,1949948834
20180119,200415,70085,1,Sell,0,1949948836
20180119,200415,70084,3,Sell,0,1949948837
20180119,200415,70080,10,Sell,0,1949948868
20180119,200421,70075,5,Sell,0,1949949092
20180119,200436,70077,5,Sell,0,1949949362
20180119,200457,70073,4,Sell,0,1949949607
20180119,200722,70056,5,Sell,0,1949950736
20180119,200811,70056,4,Sell,0,1949951000
20180119,200828,70047,4,Sell,0,1949951155
20180119,200828,70046,1,Sell,0,1949951156
20180119,200828,70048,5,Sell,0,1949951159
20180119,200828,70048,3,Sell,0,1949951160
20180119,200828,70048,2,Sell,0,1949951161
20180119,200829,70048,1,Sell,0,1949951163
20180119,200829,70050,1,Sell,0,1949951164
20180119,200829,70048,1,Sell,0,1949951169
20180119,200830,70049,1,Sell,0,1949951196
20180119,200836,70050,3,Sell,0,1949951218
20180119,200921,70041,5,Sell,0,1949951495
20180119,200921,70043,2,Sell,0,1949951496
20180119,200935,70045,5,Sell,0,1949951571
20180119,200937,70041,5,Sell,0,1949951629
20180119,201001,70041,20,Sell,0,1949951796
20180119,201004,70040,3,Sell,0,1949951832
20180119,201004,70040,1,Sell,0,1949951842
20180119,201004,70040,1,Sell,0,1949951843
20180119,201004,70040,5,Sell,0,1949951844
20180119,201005,70036,6,Sell,0,1949951846
20180119,201006,70035,1,Sell,0,1949951849
20180119,201015,70034,2,Sell,0,1949951904
20180119,201015,70034,3,Sell,0,1949951905
20180119,201025,70030,10,Sell,0,1949951927
20180119,201047,70039,1,Sell,0,1949951965
20180119,201047,70041,4,Sell,0,1949951966
20180119,201059,70041,16,Sell,0,1949952014
20180119,201059,70041,2,Sell,0,1949952015
20180119,201059,70041,1,Sell,0,1949952016
20180119,201059,70044,1,Sell,0,1949952017
20180119,201355,70061,4,Sell,0,1949952490
20180119,201500,70073,1,Sell,0,1949952948
20180119,201500,70072,4,Sell,0,1949952949
20180119,201500,70072,4,Sell,0,1949952950
20180119,201500,70072,5,Sell,0,1949952951
20180119,201500,70071,1,Sell,0,1949952952
20180119,201500,70069,1,Sell,0,1949952954
20180119,201500,70070,4,Sell,0,1949952953
20180119,201501,70072,3,Sell,0,1949952969
20180119,201501,70072,4,Sell,0,1949952970
20180119,201501,70071,1,Sell,0,1949952971
20180119,201501,70070,4,Sell,0,1949952972
20180119,201501,70069,2,Sell,0,1949952973
20180119,201501,70068,5,Sell,0,1949952974
20180119,201501,70068,1,Sell,0,1949952975
20180119,201535,70073,1,Sell,0,1949953203
20180119,201535,70074,1,Sell,0,1949953204
20180119,201535,70074,4,Sell,0,1949953205
20180119,201536,70076,4,Sell,0,1949953206
20180119,201540,70074,2,Sell,0,1949953237
20180119,201540,70074,2,Sell,0,1949953238
20180119,201636,70062,4,Sell,0,1949953463
20180119,201659,70060,4,Sell,0,1949953548
20180119,201705,70058,5,Sell,0,1949953572
20180119,201705,70058,5,Sell,0,1949953573
20180119,201705,70059,4,Sell,0,1949953574
20180119,201705,70059,4,Sell,0,1949953575
20180119,201705,70060,4,Sell,0,1949953576
20180119,201705,70060,3,Sell,0,1949953577
20180119,201705,70060,4,Sell,0,1949953578
20180119,201705,70060,3,Sell,0,1949953579
20180119,201705,70060,4,Sell,0,1949953580
20180119,201705,70061,4,Sell,0,1949953581
20180119,201705,70065,1,Sell,0,1949953584
20180119,201705,70065,8,Sell,0,1949953585
20180119,201705,70058,3,Sell,0,1949953592
20180119,201705,70064,4,Sell,0,1949953583
20180119,201705,70062,4,Sell,0,1949953582
20180119,201706,70059,4,Sell,0,1949953596
20180119,201741,70057,1,Sell,0,1949953699
20180119,201746,70059,1,Sell,0,1949953714
20180119,201746,70060,5,Sell,0,1949953715
20180119,201756,70055,1,Sell,0,1949953748
20180119,201833,70057,3,Sell,0,1949953862
20180119,201833,70057,7,Sell,0,1949953863
20180119,201846,70051,1,Sell,0,1949953897
20180119,201849,70048,1,Sell,0,1949953905
20180119,201849,70049,3,Sell,0,1949953906
20180119,202726,70044,2,Sell,0,1949955289
20180119,202726,70044,2,Sell,0,1949955290
20180119,202800,70036,4,Sell,0,1949955378
20180119,202817,70036,4,Sell,0,1949955486
20180119,202817,70035,10,Sell,0,1949955491
20180119,202849,70030,1,Sell,0,1949955557
20180119,202854,70026,1,Sell,0,1949955560
20180119,202939,70022,2,Sell,0,1949955626
20180119,203056,70035,1,Sell,0,1949955789
20180119,203058,70037,1,Sell,0,1949955805
20180119,203058,70038,1,Sell,0,1949955806
20180119,203058,70038,2,Sell,0,1949955807
20180119,203249,70046,1,Sell,0,1949956074
20180119,203303,70049,1,Sell,0,1949956123
20180119,203343,70049,1,Sell,0,1949956251
20180119,203357,70048,4,Sell,0,1949956368
20180119,203357,70048,1,Sell,0,1949956369
20180119,203429,70048,2,Sell,0,1949956450
20180119,203429,70047,5,Sell,0,1949956451
20180119,203429,70046,5,Sell,0,1949956452
20180119,203429,70046,1,Sell,0,1949956453
20180119,203432,70048,1,Sell,0,1949956464
20180119,203526,70055,8,Sell,0,1949956564
20180119,203722,70041,4,Sell,0,1949956975
20180119,203722,70040,2,Sell,0,1949956976
20180119,204132,70032,1,Sell,0,1949957897
20180119,204132,70031,1,Sell,0,1949957898
20180119,204132,70031,2,Sell,0,1949957899
20180119,204142,70030,30,Sell,0,1949957976
20180119,204142,70030,1,Sell,0,1949957977
20180119,204210,70032,2,Sell,0,1949958219
20180119,204210,70030,4,Sell,0,1949958216
20180119,204210,70031,3,Sell,0,1949958217
20180119,204210,70032,1,Sell,0,1949958218
20180119,204214,70022,4,Sell,0,1949958336
20180119,204214,70021,1,Sell,0,1949958343
20180119,204217,70021,1,Sell,0,1949958358
20180119,204217,70020,1,Sell,0,1949958357
20180119,204217,70021,1,Sell,0,1949958358
20180119,204217,70020,1,Sell,0,1949958357
20180119,204519,70026,2,Sell,0,1949958982
20180119,204520,70033,1,Sell,0,1949958985
20180119,204521,70035,1,Sell,0,1949958986
20180119,204521,70030,2,Sell,0,1949958989
20180119,204536,70031,3,Sell,0,1949959125
20180119,204536,70031,2,Sell,0,1949959126
20180119,204536,70034,5,Sell,0,1949959128
20180119,204536,70034,1,Sell,0,1949959129
20180119,204721,70042,5,Sell,0,1949959554
20180119,204721,70042,3,Sell,0,1949959555
20180119,204721,70042,4,Sell,0,1949959556
20180119,204721,70042,1,Sell,0,1949959557
20180119,204721,70044,8,Sell,0,1949959567
20180119,204737,70044,4,Sell,0,1949959753
20180119,204741,70035,1,Sell,0,1949959762
20180119,204745,70031,1,Sell,0,1949959768
20180119,204812,70034,2,Sell,0,1949959829
20180119,204857,70033,2,Sell,0,1949959900
20180119,204857,70033,5,Sell,0,1949959901
20180119,205112,70024,5,Sell,0,1949960252
20180119,205112,70026,1,Sell,0,1949960253
20180119,205205,70028,1,Sell,0,1949960414
20180119,205205,70028,1,Sell,0,1949960415
20180119,205206,70027,1,Sell,0,1949960416
20180119,205206,70027,1,Sell,0,1949960417
20180119,205206,70027,1,Sell,0,1949960418
20180119,205310,70023,4,Sell,0,1949960790
20180119,205312,70023,4,Sell,0,1949960793
20180119,205410,70029,1,Sell,0,1949960936
20180119,205417,70028,4,Sell,0,1949960945
20180119,205719,70017,1,Sell,0,1949961825
20180119,205833,70023,4,Sell,0,1949962286
20180119,205833,70023,1,Sell,0,1949962289
20180119,205833,70024,5,Sell,0,1949962302
20180119,205849,70023,5,Sell,0,1949962392
20180119,205849,70025,5,Sell,0,1949962393
20180119,205900,70020,1,Sell,0,1949962504
20180119,205900,70019,1,Sell,0,1949962509
20180119,205927,70021,1,Sell,0,1949962847
20180119,205930,70018,4,Sell,0,1949962886
20180119,210055,70022,1,Sell,0,1949963683
20180119,210210,70016,4,Sell,0,1949964122
20180119,210210,70015,6,Sell,0,1949964123
20180119,210234,70030,1,Sell,0,1949964154
20180119,210433,70010,1,Sell,0,1949964469
20180119,210450,70008,5,Sell,0,1949964548
20180119,210450,70008,3,Sell,0,1949964549
20180119,210450,70008,1,Sell,0,1949964550
20180119,210450,70007,5,Sell,0,1949964556
20180119,210450,70006,10,Sell,0,1949964557
20180119,210450,70005,8,Sell,0,1949964558
20180119,210450,70005,6,Sell,0,1949964559
20180119,210450,70004,5,Sell,0,1949964562
20180119,210502,70001,5,Sell,0,1949964627
20180119,210502,70000,1,Sell,0,1949964628
20180119,210502,70000,1,Sell,0,1949964629
20180119,210504,69998,6,Sell,0,1949964644
20180119,210504,69998,4,Sell,0,1949964645
20180119,210506,69996,2,Sell,0,1949964650
20180119,210524,69992,1,Sell,0,1949964678
20180119,210525,69990,1,Sell,0,1949964681
20180119,210525,69990,4,Sell,0,1949964682
20180119,210525,69990,1,Sell,0,1949964680
20180119,210525,69989,4,Sell,0,1949964683
20180119,210601,69986,1,Sell,0,1949964824
20180119,210623,69986,2,Sell,0,1949964931
20180119,210807,69996,4,Sell,0,1949965249
20180119,210807,69997,3,Sell,0,1949965250
20180119,210807,69995,5,Sell,0,1949965247
20180119,210807,69996,1,Sell,0,1949965248
20180119,210807,69997,3,Sell,0,1949965251
20180119,210807,69997,4,Sell,0,1949965252
20180119,210807,69996,4,Sell,0,1949965249
20180119,210807,69997,3,Sell,0,1949965250
20180119,210807,69995,5,Sell,0,1949965247
20180119,210807,69996,1,Sell,0,1949965248
20180119,210807,69997,3,Sell,0,1949965251
20180119,210807,69997,4,Sell,0,1949965252
20180119,210845,69989,1,Sell,0,1949965294
20180119,210847,69983,1,Sell,0,1949965308
20180119,210931,69981,1,Sell,0,1949965383
20180119,211028,69983,1,Sell,0,1949965631
20180119,211028,69982,1,Sell,0,1949965632
20180119,211045,69981,1,Sell,0,1949965657
20180119,211119,69982,4,Sell,0,1949965785
20180119,211119,69982,4,Sell,0,1949965793
20180119,211120,69988,1,Sell,0,1949965800
20180119,211145,69989,1,Sell,0,1949965847
20180119,211210,69981,8,Sell,0,1949965892
20180119,211210,69980,18,Sell,0,1949965898
20180119,211210,69980,5,Sell,0,1949965900
20180119,211210,69980,2,Sell,0,1949965902
20180119,211210,69980,5,Sell,0,1949965903
20180119,211210,69980,5,Sell,0,1949965907
20180119,211210,69980,5,Sell,0,1949965908
20180119,211210,69980,1,Sell,0,1949965909
20180119,211210,69979,8,Sell,0,1949965910
20180119,211219,69973,3,Sell,0,1949965939
20180119,211244,69979,1,Sell,0,1949965989
20180119,211330,69973,3,Sell,0,1949966092
20180119,211330,69973,2,Sell,0,1949966093
20180119,211337,69975,1,Sell,0,1949966123
20180119,211444,69981,8,Sell,0,1949966258
20180119,211444,69981,3,Sell,0,1949966259
20180119,211444,69980,1,Sell,0,1949966270
20180119,211444,69976,1,Sell,0,1949966272
20180119,211505,69987,1,Sell,0,1949966312
20180119,211505,69989,3,Sell,0,1949966326
20180119,211506,69989,3,Sell,0,1949966328
20180119,211506,69989,9,Sell,0,1949966327
20180119,211542,69995,1,Sell,0,1949966450
20180119,211622,69992,5,Sell,0,1949966660
20180119,211916,69990,28,Sell,0,1949967234
20180119,212024,70000,1,Sell,0,1949967564
20180119,212030,70005,1,Sell,0,1949967589
20180119,212031,70011,2,Sell,0,1949967592
20180119,212031,70013,1,Sell,0,1949967593
20180119,212031,70014,1,Sell,0,1949967594
20180119,212031,70011,2,Sell,0,1949967617
20180119,212058,70017,1,Sell,0,1949967696
20180119,212234,70026,1,Sell,0,1949968002
20180119,212235,70025,1,Sell,0,1949968009
20180119,212245,70030,1,Sell,0,1949968026
20180119,212251,70032,1,Sell,0,1949968060
20180119,212251,70032,4,Sell,0,1949968061
20180119,212251,70032,1,Sell,0,1949968062
20180119,212404,70030,1,Sell,0,1949968243
20180119,212404,70029,1,Sell,0,1949968248
20180119,212404,70028,1,Sell,0,1949968250
20180119,212404,70027,1,Sell,0,1949968251
20180119,212424,70033,1,Sell,0,1949968275
20180119,212515,70031,1,Sell,0,1949968408
20180119,212534,70038,3,Sell,0,1949968483
20180119,212535,70040,1,Sell,0,1949968501
20180119,212754,70035,1,Sell,0,1949968967
20180119,212852,70030,1,Sell,0,1949969035
20180119,212852,70030,1,Sell,0,1949969036
20180119,212852,70030,1,Sell,0,1949969037
20180119,212852,70030,1,Sell,0,1949969038
20180119,213200,70020,4,Sell,0,1949969582
20180119,213430,70000,1,Sell,0,1949970244
20180119,213546,69991,1,Sell,0,1949970406
20180119,213546,69983,1,Sell,0,1949970402
20180119,213546,69991,1,Sell,0,1949970406
20180119,213546,69983,1,Sell,0,1949970402
20180119,213625,69996,4,Sell,0,1949970471
20180119,213625,69996,1,Sell,0,1949970472
20180119,213702,69983,1,Sell,0,1949970532
20180119,213719,69983,1,Sell,0,1949970566
20180119,213719,69979,4,Sell,0,1949970579
20180119,213727,69983,4,Sell,0,1949970597
20180119,213903,69984,4,Sell,0,1949970788
20180119,213903,69985,2,Sell,0,1949970789
20180119,213909,69977,4,Sell,0,1949970792
20180119,213909,69977,6,Sell,0,1949970796
20180119,213909,69977,4,Sell,0,1949970797
20180119,213932,69976,1,Sell,0,1949970817
20180119,213932,69976,1,Sell,0,1949970818
20180119,213932,69976,1,Sell,0,1949970819
20180119,213932,69976,1,Sell,0,1949970820
20180119,213932,69976,1,Sell,0,1949970821
20180119,213932,69976,1,Sell,0,1949970822
20180119,213932,69976,1,Sell,0,1949970823
20180119,213932,69976,1,Sell,0,1949970824
20180119,213932,69976,1,Sell,0,1949970825
20180119,213932,69976,1,Sell,0,1949970826
20180119,213932,69976,1,Sell,0,1949970827
20180119,213932,69976,1,Sell,0,1949970828
20180119,213932,69976,1,Sell,0,1949970829
20180119,213932,69976,1,Sell,0,1949970830
20180119,213932,69976,1,Sell,0,1949970831
20180119,213932,69976,1,Sell,0,1949970832
20180119,213932,69976,1,Sell,0,1949970833
20180119,213932,69976,1,Sell,0,1949970834
20180119,213932,69976,1,Sell,0,1949970835
20180119,213932,69976,1,Sell,0,1949970836
20180119,214054,69976,5,Sell,0,1949971073
20180119,214134,69975,1,Sell,0,1949971190
20180119,214134,69971,4,Sell,0,1949971331
20180119,214134,69970,2,Sell,0,1949971332
20180119,214134,69971,2,Sell,0,1949971333
20180119,214134,69971,2,Sell,0,1949971334
20180119,214135,69970,5,Sell,0,1949971351
20180119,214147,69968,4,Sell,0,1949971434
20180119,214147,69966,5,Sell,0,1949971441
20180119,214147,69966,3,Sell,0,1949971442
20180119,214147,69961,6,Sell,0,1949971449
20180119,214147,69960,5,Sell,0,1949971450
20180119,214148,69957,3,Sell,0,1949971487
20180119,214148,69957,1,Sell,0,1949971488
20180119,214148,69957,1,Sell,0,1949971489
20180119,214148,69956,1,Sell,0,1949971490
20180119,214211,69953,1,Sell,0,1949971598
20180119,214218,69950,2,Sell,0,1949971699
20180119,214218,69950,4,Sell,0,1949971700
20180119,214236,69942,1,Sell,0,1949971818
20180119,214237,69951,1,Sell,0,1949971820
20180119,214237,69952,4,Sell,0,1949971833
20180119,214256,69952,1,Sell,0,1949971864
20180119,214302,69956,4,Sell,0,1949971871
20180119,214302,69956,1,Sell,0,1949971872
20180119,214305,69957,2,Sell,0,1949971875
20180119,214305,69957,1,Sell,0,1949971876
20180119,214305,69957,2,Sell,0,1949971877
20180119,214339,69965,1,Sell,0,1949971941
20180119,214340,69960,5,Sell,0,1949971952
20180119,214340,69961,1,Sell,0,1949971953
20180119,214345,69967,1,Sell,0,1949971958
20180119,214648,69968,1,Sell,0,1949972307
20180119,215023,69965,1,Sell,0,1949972936
20180119,215135,69954,3,Sell,0,1949973363
20180119,215233,69962,4,Sell,0,1949973519
20180119,215335,69958,4,Sell,0,1949973612
20180119,215335,69958,1,Sell,0,1949973613
20180119,215459,69974,1,Sell,0,1949973796
20180119,215500,69973,1,Sell,0,1949973798
20180119,215538,69978,1,Sell,0,1949974004
20180119,215538,69978,3,Sell,0,1949974005
20180119,215546,69981,1,Sell,0,1949974019
20180119,215546,69981,7,Sell,0,1949974020
20180119,215606,69983,1,Sell,0,1949974089
20180119,215627,69988,5,Sell,0,1949974186
20180119,215629,69991,6,Sell,0,1949974189
20180119,215754,69990,5,Sell,0,1949974454
20180119,215754,69990,3,Sell,0,1949974455
20180119,215756,69990,1,Sell,0,1949974456
20180119,215756,69990,1,Sell,0,1949974459
20180119,215758,69990,1,Sell,0,1949974467
20180119,215801,69991,4,Sell,0,1949974473
20180119,215849,69994,1,Sell,0,1949974589
20180119,215849,69996,1,Sell,0,1949974590
20180119,215851,69997,9,Sell,0,1949974594
20180119,215920,70002,3,Sell,0,1949974654
20180119,215920,70002,4,Sell,0,1949974655
20180119,215920,70002,3,Sell,0,1949974656
20180119,215920,69997,1,Sell,0,1949974657
20180119,215926,69995,1,Sell,0,1949974690
20180119,215949,69997,1,Sell,0,1949974772
20180119,215952,70006,1,Sell,0,1949974793
20180119,215953,70009,4,Sell,0,1949974823
20180119,215953,70009,4,Sell,0,1949974827
20180119,220007,70013,2,Sell,0,1949974918
20180119,220007,70013,2,Sell,0,1949974919
20180119,220030,70014,3,Sell,0,1949974989
20180119,220120,70014,1,Sell,0,1949975267
20180119,220120,70012,4,Sell,0,1949975273
20180119,220125,70012,3,Sell,0,1949975281
20180119,220228,70020,1,Sell,0,1949975528
20180119,220234,70026,1,Sell,0,1949975541
20180119,220234,70031,5,Sell,0,1949975546
20180119,220234,70033,10,Sell,0,1949975547
20180119,220507,70024,4,Sell,0,1949976077
20180119,220508,70028,1,Sell,0,1949976112
20180119,220520,70025,4,Sell,0,1949976130
20180119,220554,70030,5,Sell,0,1949976231
20180119,220629,70030,5,Sell,0,1949976282
20180119,220630,70033,1,Sell,0,1949976283
20180119,220836,70028,2,Sell,0,1949976655
20180119,220905,70031,4,Sell,0,1949976808
20180119,220905,70034,10,Sell,0,1949976822
20180119,220905,70035,8,Sell,0,1949976833
20180119,220905,70035,7,Sell,0,1949976834
20180119,220905,70035,9,Sell,0,1949976835
20180119,220905,70038,2,Sell,0,1949976852
20180119,220908,70039,2,Sell,0,1949976911
20180119,220908,70045,5,Sell,0,1949976974
20180119,220957,70044,4,Sell,0,1949977178
20180119,221022,70040,4,Sell,0,1949977421
20180119,221022,70040,2,Sell,0,1949977422
20180119,221022,70040,3,Sell,0,1949977423
20180119,221022,70040,3,Sell,0,1949977424
20180119,221023,70041,1,Sell,0,1949977425
20180119,221023,70041,1,Sell,0,1949977426
20180119,221023,70041,3,Sell,0,1949977427
20180119,221023,70040,1,Sell,0,1949977428
20180119,221047,70044,2,Sell,0,1949977554
20180119,221128,70042,4,Sell,0,1949977692
20180119,221153,70046,4,Sell,0,1949977791
20180119,221153,70046,1,Sell,0,1949977799
20180119,221153,70046,4,Sell,0,1949977791
20180119,221153,70046,1,Sell,0,1949977799
20180119,221228,70055,5,Sell,0,1949977965
20180119,221228,70060,1,Sell,0,1949977977
20180119,221228,70060,4,Sell,0,1949977978
20180119,221228,70060,2,Sell,0,1949977979
20180119,221228,70060,1,Sell,0,1949977980
20180119,221228,70060,2,Sell,0,1949977981
20180119,221421,70055,1,Sell,0,1949978672
20180119,221511,70052,4,Sell,0,1949978869
20180119,221511,70057,5,Sell,0,1949978877
20180119,221514,70060,7,Sell,0,1949978893
20180119,221515,70060,2,Sell,0,1949978895
20180119,221700,70052,4,Sell,0,1949979132
20180119,221700,70054,4,Sell,0,1949979133
20180119,221700,70055,5,Sell,0,1949979134
20180119,221700,70055,1,Sell,0,1949979135
20180119,221700,70056,4,Sell,0,1949979136
20180119,221700,70058,4,Sell,0,1949979137
20180119,221700,70060,1,Sell,0,1949979138
20180119,221700,70060,4,Sell,0,1949979139
20180119,221700,70060,1,Sell,0,1949979140
20180119,221735,70058,4,Sell,0,1949979287
20180119,221751,70056,4,Sell,0,1949979374
20180119,221751,70055,1,Sell,0,1949979376
20180119,221751,70056,1,Sell,0,1949979375
20180119,222000,70065,5,Sell,0,1949980623
20180119,222042,70070,5,Sell,0,1949980913
20180119,222042,70071,1,Sell,0,1949980923
20180119,222042,70073,5,Sell,0,1949980924
20180119,222049,70079,4,Sell,0,1949981052
20180119,222049,70080,15,Sell,0,1949981053
20180119,222103,70078,4,Sell,0,1949981186
20180119,222103,70079,2,Sell,0,1949981187
20180119,222113,70085,2,Sell,0,1949981268
20180119,222138,70087,2,Sell,0,1949981423
20180119,222140,70090,39,Sell,0,1949981470
20180119,222146,70095,2,Sell,0,1949981751
20180119,222153,70087,4,Sell,0,1949981830
20180119,222153,70087,1,Sell,0,1949981834
20180119,222153,70087,4,Sell,0,1949981830
20180119,222153,70087,1,Sell,0,1949981834
20180119,222157,70083,2,Sell,0,1949981949
20180119,222158,70083,3,Sell,0,1949981964
20180119,222205,70082,1,Sell,0,1949982066
20180119,222225,70091,5,Sell,0,1949982254
20180119,222225,70094,5,Sell,0,1949982255
20180119,222225,70094,4,Sell,0,1949982256
20180119,222225,70094,3,Sell,0,1949982257
20180119,222225,70095,3,Sell,0,1949982258
20180119,222225,70096,2,Sell,0,1949982259
20180119,222225,70100,1,Sell,0,1949982289
20180119,222300,70094,2,Sell,0,1949982593
20180119,222305,70091,2,Sell,0,1949982622
20180119,222337,70084,5,Sell,0,1949982803
20180119,222338,70082,1,Sell,0,1949982804
20180119,222409,70081,4,Sell,0,1949982930
20180119,222409,70081,1,Sell,0,1949982937
20180119,222409,70083,3,Sell,0,1949982938
20180119,222410,70082,15,Sell,0,1949982940
20180119,222435,70075,2,Sell,0,1949983033
20180119,222435,70075,3,Sell,0,1949983034
20180119,222435,70075,4,Sell,0,1949983035
20180119,222435,70075,1,Sell,0,1949983036
20180119,222552,70085,8,Sell,0,1949983694
20180119,222618,70089,2,Sell,0,1949983832
20180119,222818,70067,3,Sell,0,1949985073
20180119,223003,70064,4,Sell,0,1949985863
20180119,223004,70067,5,Sell,0,1949985913
20180119,223006,70069,1,Sell,0,1949985921
20180119,223006,70070,1,Sell,0,1949985922
20180119,223007,70071,4,Sell,0,1949985923
20180119,223007,70072,3,Sell,0,1949985924
20180119,223022,70068,4,Sell,0,1949985953
20180119,223022,70067,1,Sell,0,1949985954
20180119,223101,70075,5,Sell,0,1949986136
20180119,223205,70071,1,Sell,0,1949986378
20180119,223355,70060,4,Sell,0,1949986844
20180119,223852,70062,4,Sell,0,1949987563
20180119,223852,70067,5,Sell,0,1949987565
20180119,223948,70069,1,Sell,0,1949987794
20180119,223952,70061,1,Sell,0,1949987807
20180119,224057,70059,5,Sell,0,1949987968
20180119,224057,70059,5,Sell,0,1949987969
20180119,224057,70060,1,Sell,0,1949987970
20180119,224057,70060,1,Sell,0,1949987973
20180119,224103,70060,1,Sell,0,1949987982
20180119,224123,70065,5,Sell,0,1949988059
20180119,224123,70067,3,Sell,0,1949988076
20180119,224133,70066,1,Sell,0,1949988104
20180119,224240,70070,4,Sell,0,1949988392
20180119,224435,70074,1,Sell,0,1949988632
20180119,224524,70063,5,Sell,0,1949988826
20180119,224524,70063,3,Sell,0,1949988833
20180119,224524,70063,5,Sell,0,1949988834
20180119,224524,70063,4,Sell,0,1949988835
20180119,224524,70063,20,Sell,0,1949988836
20180119,224524,70063,20,Sell,0,1949988840
20180119,224524,70063,150,Sell,0,1949988841
20180119,224524,70061,8,Sell,0,1949988842
20180119,224524,70063,1,Sell,0,1949988838
20180119,224524,70068,1,Sell,0,1949989010
20180119,224524,70069,3,Sell,0,1949989014
20180119,224524,70071,8,Sell,0,1949989015
20180119,224524,70068,4,Sell,0,1949989009
20180119,224524,70078,5,Sell,0,1949989067
20180119,224524,70080,1,Sell,0,1949989068
20180119,224524,70081,5,Sell,0,1949989069
20180119,224646,70080,4,Sell,0,1949989279
20180119,224646,70080,1,Sell,0,1949989280
20180119,224724,70080,4,Sell,0,1949989430
20180119,224724,70080,1,Sell,0,1949989431
20180119,224856,70076,3,Sell,0,1949989766
20180119,224856,70076,1,Sell,0,1949989768
20180119,224856,70080,10,Sell,0,1949989774
20180119,224856,70082,1,Sell,0,1949989775
20180119,224856,70082,1,Sell,0,1949989776
20180119,224856,70082,5,Sell,0,1949989777
20180119,225029,70075,1,Sell,0,1949990114
20180119,225039,70074,5,Sell,0,1949990172
20180119,225401,70057,5,Sell,0,1949990492
20180119,225401,70056,3,Sell,0,1949990493
20180119,225402,70064,1,Sell,0,1949990498
20180119,225454,70071,4,Sell,0,1949990623
20180119,225454,70072,1,Sell,0,1949990624
20180119,225454,70072,1,Sell,0,1949990625
20180119,225454,70071,4,Sell,0,1949990623
20180119,225454,70072,1,Sell,0,1949990624
20180119,225454,70072,1,Sell,0,1949990625
20180119,225657,70058,1,Sell,0,1949990843
20180119,225938,70073,1,Sell,0,1949991071
20180119,225938,70069,4,Sell,0,1949991075
20180119,225938,70068,4,Sell,0,1949991076
20180119,225938,70067,4,Sell,0,1949991077
20180119,225938,70066,5,Sell,0,1949991078
20180119,225938,70066,4,Sell,0,1949991079
20180119,225938,70064,4,Sell,0,1949991080
20180119,225938,70063,5,Sell,0,1949991081
20180119,225938,70062,4,Sell,0,1949991082
20180119,225938,70060,4,Sell,0,1949991083
20180119,225938,70064,1,Sell,0,1949991084
20180119,225946,70062,1,Sell,0,1949991098
20180119,225948,70061,1,Sell,0,1949991102
20180119,230019,70062,4,Sell,0,1949991325
20180119,230019,70054,1,Sell,0,1949991326
20180119,230019,70054,1,Sell,0,1949991327
20180119,230019,70054,1,Sell,0,1949991328
20180119,230204,70054,4,Sell,0,1949991772
20180119,230204,70056,4,Sell,0,1949991774
20180119,230204,70061,1,Sell,0,1949991844
20180119,230204,70067,5,Sell,0,1949991860
20180119,230422,70074,3,Sell,0,1949992639
20180119,230422,70074,2,Sell,0,1949992640
20180119,230442,70066,2,Sell,0,1949992676
20180119,230442,70064,8,Sell,0,1949992694
20180119,230442,70064,2,Sell,0,1949992701
20180119,230457,70066,4,Sell,0,1949992796
20180119,230457,70067,5,Sell,0,1949992799
20180119,230457,70070,4,Sell,0,1949992804
20180119,230457,70077,5,Sell,0,1949992845
20180119,230457,70078,8,Sell,0,1949992848
20180119,230458,70080,5,Sell,0,1949992868
20180119,230504,70076,1,Sell,0,1949992891
20180119,230552,70075,4,Sell,0,1949992947
20180119,230557,70082,4,Sell,0,1949992951
20180119,230927,70067,1,Sell,0,1949993273
20180119,231024,70066,1,Sell,0,1949993364
20180119,231024,70066,1,Sell,0,1949993365
20180119,231025,70066,3,Sell,0,1949993366
20180119,231025,70065,4,Sell,0,1949993367
20180119,231025,70064,4,Sell,0,1949993368
20180119,231025,70064,7,Sell,0,1949993369
20180119,231025,70066,5,Sell,0,1949993370
20180119,231025,70065,4,Sell,0,1949993374
20180119,231025,70065,1,Sell,0,1949993375
20180119,231102,70062,5,Sell,0,1949993449
20180119,231112,70061,1,Sell,0,1949993478
20180119,231141,70064,3,Sell,0,1949993501
20180119,231156,70067,3,Sell,0,1949993531
20180119,231156,70067,1,Sell,0,1949993532
20180119,231156,70069,1,Sell,0,1949993533
20180119,231156,70069,4,Sell,0,1949993534
20180119,231156,70069,4,Sell,0,1949993535
20180119,231156,70068,1,Sell,0,1949993536
20180119,231156,70068,1,Sell,0,1949993539
20180119,231213,70068,1,Sell,0,1949993577
20180119,231213,70068,1,Sell,0,1949993580
20180119,231250,70065,1,Sell,0,1949993694
20180119,231250,70065,1,Sell,0,1949993695
20180119,231250,70065,1,Sell,0,1949993696
20180119,231250,70065,1,Sell,0,1949993697
20180119,231250,70065,1,Sell,0,1949993698
20180119,231259,70066,1,Sell,0,1949993731
20180119,231305,70062,1,Sell,0,1949993785
20180119,231305,70062,2,Sell,0,1949993786
20180119,231305,70062,1,Sell,0,1949993787
20180119,231305,70062,1,Sell,0,1949993788
20180119,231319,70063,1,Sell,0,1949993819
20180119,231329,70065,2,Sell,0,1949993834
20180119,231329,70065,2,Sell,0,1949993830
20180119,231329,70065,1,Sell,0,1949993835
20180119,231329,70065,1,Sell,0,1949993829
20180119,231329,70065,2,Sell,0,1949993831
20180119,231354,70066,5,Sell,0,1949993883
20180119,231413,70072,1,Sell,0,1949993909
20180119,231425,70072,1,Sell,0,1949993929
20180119,231425,70072,1,Sell,0,1949993932
20180119,231426,70069,1,Sell,0,1949993935
20180119,231426,70069,2,Sell,0,1949993936
20180119,231426,70069,2,Sell,0,1949993937
20180119,231436,70067,1,Sell,0,1949993963
20180119,231436,70068,1,Sell,0,1949993964
20180119,231436,70068,1,Sell,0,1949993967
20180119,231437,70068,1,Sell,0,1949993970
20180119,231437,70068,1,Sell,0,1949993973
20180119,231438,70068,1,Sell,0,1949993977
20180119,231439,70069,1,Sell,0,1949993980
20180119,231439,70069,1,Sell,0,1949993984
20180119,231440,70067,1,Sell,0,1949993991
20180119,231454,70069,1,Sell,0,1949994032
20180119,231454,70069,1,Sell,0,1949994033
20180119,231535,70066,3,Sell,0,1949994155
20180119,231535,70066,1,Sell,0,1949994156
20180119,231535,70066,1,Sell,0,1949994157
20180119,231535,70066,45,Sell,0,1949994165
20180119,231706,70053,1,Sell,0,1949994356
20180119,231706,70053,1,Sell,0,1949994357
20180119,231706,70053,1,Sell,0,1949994358
20180119,231709,70048,2,Sell,0,1949994375
20180119,231715,70054,1,Sell,0,1949994397
20180119,231727,70051,1,Sell,0,1949994422
20180119,231727,70051,1,Sell,0,1949994423
20180119,231727,70051,1,Sell,0,1949994424
20180119,231727,70051,1,Sell,0,1949994425
20180119,231727,70051,1,Sell,0,1949994426
20180119,231800,70047,1,Sell,0,1949994536
20180119,231801,70047,5,Sell,0,1949994540
20180119,231801,70046,13,Sell,0,1949994541
20180119,231813,70042,1,Sell,0,1949994605
20180119,231839,70040,1,Sell,0,1949994758
20180119,231839,70044,8,Sell,0,1949994759
20180119,231839,70044,4,Sell,0,1949994760
20180119,231839,70044,4,Sell,0,1949994761
20180119,231839,70044,4,Sell,0,1949994762
20180119,231839,70044,1,Sell,0,1949994763
20180119,231850,70041,1,Sell,0,1949994788
20180119,231901,70041,1,Sell,0,1949994818
20180119,231901,70041,2,Sell,0,1949994819
20180119,232027,70051,1,Sell,0,1949995127
20180119,232027,70051,15,Sell,0,1949995128
20180119,232027,70051,34,Sell,0,1949995129
20180119,232028,70052,1,Sell,0,1949995130
20180119,232028,70052,3,Sell,0,1949995131
20180119,232028,70052,1,Sell,0,1949995130
20180119,232028,70052,3,Sell,0,1949995131
20180119,232242,70047,1,Sell,0,1949995550
20180119,232513,70046,10,Sell,0,1949996299
20180119,232513,70047,1,Sell,0,1949996300
20180119,232513,70047,4,Sell,0,1949996301
20180119,232638,70048,1,Sell,0,1949996821
20180119,232803,70048,2,Sell,0,1949997078
20180119,232809,70055,5,Sell,0,1949997092
20180119,232933,70051,3,Sell,0,1949997325
20180119,233019,70051,4,Sell,0,1949997609
20180119,233019,70050,4,Sell,0,1949997610
20180119,233019,70050,2,Sell,0,1949997611
20180119,233020,70049,3,Sell,0,1949997622
20180119,233020,70048,4,Sell,0,1949997623
20180119,233020,70046,3,Sell,0,1949997624
20180119,233022,70046,1,Sell,0,1949997632
20180119,233022,70045,5,Sell,0,1949997633
20180119,233022,70045,1,Sell,0,1949997634
20180119,233032,70058,3,Sell,0,1949997652
20180119,233144,70054,1,Sell,0,1949998073
20180119,233201,70052,5,Sell,0,1949998148
20180119,233201,70054,1,Sell,0,1949998169
20180119,233201,70054,1,Sell,0,1949998170
20180119,233201,70054,1,Sell,0,1949998171
20180119,233201,70056,1,Sell,0,1949998175
20180119,233201,70056,1,Sell,0,1949998199
20180119,233201,70056,2,Sell,0,1949998200
20180119,233201,70056,4,Sell,0,1949998202
20180119,233201,70056,7,Sell,0,1949998203
20180119,233201,70056,2,Sell,0,1949998201
20180119,233201,70056,8,Sell,0,1949998193
20180119,233202,70056,4,Sell,0,1949998206
20180119,233238,70051,2,Sell,0,1949998392
20180119,233252,70058,1,Sell,0,1949998431
20180119,233305,70057,1,Sell,0,1949998453
20180119,233417,70058,2,Sell,0,1949998628
20180119,233509,70057,5,Sell,0,1949998755
20180119,233509,70056,20,Sell,0,1949998773
20180119,233509,70056,5,Sell,0,1949998772
20180119,233510,70052,2,Sell,0,1949998797
20180119,233510,70050,1,Sell,0,1949998802
20180119,233510,70049,2,Sell,0,1949998812
20180119,233510,70047,2,Sell,0,1949998846
20180119,233633,70048,5,Sell,0,1949999045
20180119,233633,70047,1,Sell,0,1949999046
20180119,233808,70048,1,Sell,0,1949999330
20180119,233854,70054,5,Sell,0,1949999449
20180119,233854,70055,3,Sell,0,1949999450
20180119,233854,70055,3,Sell,0,1949999451
20180119,233854,70057,4,Sell,0,1949999452
20180119,233902,70058,1,Sell,0,1949999491
20180119,234003,70054,5,Sell,0,1949999751
20180119,234003,70054,5,Sell,0,1949999752
20180119,234003,70054,5,Sell,0,1949999755
20180119,234003,70054,1,Sell,0,1949999758
20180119,234003,70054,3,Sell,0,1949999764
20180119,234006,70048,1,Sell,0,1949999790
20180119,234052,70047,1,Sell,0,1950000006
20180119,234133,70049,11,Sell,0,1950000270
20180119,234145,70049,4,Sell,0,1950000347
20180119,234205,70047,1,Sell,0,1950000443
20180119,234205,70048,16,Sell,0,1950000444
20180119,234205,70048,8,Sell,0,1950000445
20180119,234205,70048,18,Sell,0,1950000446
20180119,234402,70053,5,Sell,0,1950000853
20180119,234500,70047,1,Sell,0,1950001041
20180119,234528,70050,1,Sell,0,1950001188
20180119,234528,70050,1,Sell,0,1950001189
20180119,234804,70050,5,Sell,0,1950001592
20180119,234804,70050,4,Sell,0,1950001593
20180119,234804,70050,16,Sell,0,1950001594
20180119,234804,70050,4,Sell,0,1950001595
20180119,234818,70050,3,Sell,0,1950001665
20180119,234818,70050,4,Sell,0,1950001666
20180119,234819,70050,2,Sell,0,1950001669
20180119,234831,70052,2,Sell,0,1950001726
20180119,234835,70052,2,Sell,0,1950001760
20180119,234837,70051,1,Sell,0,1950001781
20180119,234839,70052,1,Sell,0,1950001809
20180119,234839,70054,15,Sell,0,1950001811
20180119,234839,70058,1,Sell,0,1950001816
20180119,234839,70068,1,Sell,0,1950001830
20180119,234839,70070,3,Sell,0,1950001831
20180119,234839,70070,3,Sell,0,1950001832
20180119,234839,70075,1,Sell,0,1950001834
20180119,234839,70075,11,Sell,0,1950001835
20180119,234839,70072,1,Sell,0,1950001833
20180119,234839,70068,1,Sell,0,1950001843
20180119,234840,70068,1,Sell,0,1950001846
20180119,234840,70071,3,Sell,0,1950001847
20180119,234840,70071,3,Sell,0,1950001848
20180119,234840,70071,3,Sell,0,1950001853
20180119,234840,70071,3,Sell,0,1950001854
20180119,234840,70071,3,Sell,0,1950001857
20180119,234840,70071,3,Sell,0,1950001862
20180119,234840,70071,3,Sell,0,1950001861
20180119,234840,70071,3,Sell,0,1950001858
20180119,234840,70071,3,Sell,0,1950001866
20180119,234840,70071,3,Sell,0,1950001867
20180119,234840,70072,3,Sell,0,1950001870
20180119,234840,70073,3,Sell,0,1950001871
20180119,234840,70069,1,Sell,0,1950001876
20180119,234840,70071,3,Sell,0,1950001877
20180119,234840,70071,3,Sell,0,1950001878
20180119,234840,70071,3,Sell,0,1950001881
20180119,234840,70071,3,Sell,0,1950001882
20180119,234840,70069,1,Sell,0,1950001888
20180119,234840,70071,3,Sell,0,1950001889
20180119,234840,70071,3,Sell,0,1950001890
20180119,234841,70069,1,Sell,0,1950001897
20180119,234841,70071,3,Sell,0,1950001898
20180119,234841,70071,3,Sell,0,1950001899
20180119,234841,70095,1,Sell,0,1950001903
20180119,234841,70071,3,Sell,0,1950001908
20180119,234841,70072,3,Sell,0,1950001909
20180119,234841,70098,79,Sell,0,1950001912
20180119,234841,70081,3,Sell,0,1950001940
20180119,234841,70081,3,Sell,0,1950001941
20180119,234841,70081,3,Sell,0,1950001948
20180119,234841,70081,3,Sell,0,1950001949
20180119,234845,70070,1,Sell,0,1950001971
20180119,234913,70068,1,Sell,0,1950002241
20180119,234921,70066,1,Sell,0,1950002288
20180119,234921,70068,3,Sell,0,1950002289
20180119,234928,70072,1,Sell,0,1950002327
20180119,234955,70070,1,Sell,0,1950002567
20180122,222607,69957,3,Sell,0,1950610802
20180122,222607,69957,8,Sell,0,1950610801
20180122,222607,69953,2,Sell,0,1950610800
20180122,222607,69957,3,Sell,0,1950610803
20180122,222607,69958,2,Sell,0,1950610804
20180122,222607,69960,4,Sell,0,1950610805
20180122,222607,69960,1,Sell,0,1950610815
20180122,222622,69959,2,Sell,0,1950610948
20180122,222623,69954,2,Sell,0,1950611066
20180122,222802,69945,1,Sell,0,1950611900,69932,69952,3506,2997
20180122,222910,69938,5,Sell,0,1950612777,69932,69952,3506,2997
20180122,222910,69937,1,Sell,0,1950612778,69932,69952,3506,2997
20180122,222910,69937,3,Sell,0,1950612779,69932,69952,3506,2997
20180122,222910,69937,1,Sell,0,1950612780,69932,69952,3506,2997
20180122,222926,69940,4,Sell,0,1950612845,69932,69952,3506,2997
20180122,222926,69940,1,Sell,0,1950612846,69932,69952,3506,2997
20180122,223025,69937,1,Sell,0,1950613102,69932,69952,3506,3007
20180122,223029,69937,4,Sell,0,1950613124,69932,69952,3506,3007
20180122,223030,69938,3,Sell,0,1950613126,69932,69952,3506,3007
20180122,223030,69937,4,Sell,0,1950613125,69932,69952,3506,3007
20180122,223108,69935,1,Sell,0,1950613370,69932,69952,3506,3007
20180122,223249,69929,1,Sell,0,1950613749,69932,69952,3506,3007
20180122,223331,69926,1,Sell,0,1950614026,69932,69952,3506,3007
20180122,223331,69925,4,Sell,0,1950614028,69932,69952,3506,3007
20180122,223336,69924,3,Sell,0,1950614087,69932,69952,3506,3007
20180122,223341,69922,5,Sell,0,1950614094,69932,69952,3506,3007
20180122,223341,69922,2,Sell,0,1950614095,69932,69952,3506,3007
20180122,223349,69930,5,Sell,0,1950614122,69932,69952,3506,3007
20180122,223442,69929,1,Sell,0,1950614277,69932,69952,3506,3007
20180122,223550,69927,1,Sell,0,1950614867,69932,69952,3506,3007
20180122,223550,69923,2,Sell,0,1950614888,69932,69952,3506,3007
20180122,223550,69923,1,Sell,0,1950614889,69932,69952,3506,3007
20180122,223550,69923,2,Sell,0,1950614890,69932,69952,3506,3007
20180122,223550,69922,1,Sell,0,1950614893,69932,69952,3506,3007
20180122,223550,69922,1,Sell,0,1950614898,69932,69952,3506,3007
20180122,223550,69920,1,Sell,0,1950614953,69932,69952,3506,3007
20180122,223550,69920,1,Sell,0,1950614954,69932,69952,3506,3007
20180122,223550,69920,3,Sell,0,1950614955,69932,69952,3506,3007
20180122,223553,69919,1,Sell,0,1950615020,69932,69952,3506,3007
20180122,223647,69922,5,Sell,0,1950615444,69932,69952,3506,3007
20180122,223651,69925,12,Sell,0,1950615498,69932,69952,3506,3007
20180122,223842,69913,1,Sell,0,1950616622,69932,69952,3456,3007
20180122,223857,69912,1,Sell,0,1950616665,69932,69952,3456,3007
20180122,224001,69918,1,Sell,0,1950616980,69932,69952,3456,3007
20180122,224022,69914,1,Sell,0,1950617254,69932,69952,3456,3007
20180122,224038,69912,2,Sell,0,1950617315,69932,69952,3456,2997
20180122,224103,69925,1,Sell,0,1950617478,69932,69952,3456,2997
20180122,224227,69938,5,Sell,0,1950617962,69932,69952,3456,2997
20180122,224234,69939,3,Sell,0,1950618034,69932,69952,3456,2997
20180122,224234,69939,5,Sell,0,1950618035,69932,69952,3456,2997
20180122,224234,69941,5,Sell,0,1950618045,69932,69952,3456,2997
20180122,224236,69942,1,Sell,0,1950618052,69932,69952,3456,2997
20180122,224302,69942,4,Sell,0,1950618143,69932,69952,3456,2997
20180122,224308,69942,2,Sell,0,1950618183,69932,69952,3456,2997
20180122,224352,69946,1,Sell,0,1950618350,69932,69952,3456,2997
20180122,224515,69952,1,Sell,0,1950618623,69932,69952,3456,2997
20180122,224515,69954,1,Sell,0,1950618626,69932,69952,3456,2997
20180122,224515,69954,1,Sell,0,1950618627,69932,69952,3456,2997
20180122,224515,69955,2,Sell,0,1950618628,69932,69952,3456,2997
20180122,224515,69955,2,Sell,0,1950618629,69932,69952,3456,2997
20180122,224515,69955,6,Sell,0,1950618630,69932,69952,3456,2997
20180122,224617,69960,50,Sell,0,1950618837,69932,69952,3456,2997
20180122,224617,69954,1,Sell,0,1950618841,69932,69952,3456,2997
20180122,224625,69965,1,Sell,0,1950618876,69932,69952,3456,2997
20180122,224625,69965,1,Sell,0,1950618877,69932,69952,3456,2997
20180122,224625,69965,1,Sell,0,1950618878,69932,69952,3456,2997
20180122,224653,69964,2,Sell,0,1950618948,69932,69952,3456,2997
20180122,224653,69964,4,Sell,0,1950618949,69932,69952,3456,2997
20180122,224653,69964,2,Sell,0,1950618950,69932,69952,3456,2997
20180122,224655,69965,4,Sell,0,1950618965,69932,69952,3456,2997
20180122,224655,69965,1,Sell,0,1950618966,69932,69952,3456,2997
20180122,224655,69965,2,Sell,0,1950618967,69932,69952,3456,2997
20180122,224655,69965,1,Sell,0,1950618968,69932,69952,3456,2997
20180122,224655,69964,4,Sell,0,1950618969,69932,69952,3456,2997
20180122,224655,69965,1,Sell,0,1950618970,69932,69952,3456,2997
20180122,224655,69965,1,Sell,0,1950618971,69932,69952,3456,2997
20180122,224657,69967,1,Sell,0,1950619033,69932,69952,3456,2997
20180122,224707,69965,3,Sell,0,1950619060,69932,69952,3456,2997
20180122,224707,69965,1,Sell,0,1950619061,69932,69952,3456,2997
20180122,224707,69965,4,Sell,0,1950619062,69932,69952,3456,2997
20180122,224723,69968,4,Sell,0,1950619221,69932,69952,3456,2997
20180122,224735,69964,1,Sell,0,1950619293,69932,69952,3456,2997
20180122,224746,69971,3,Sell,0,1950619354,69932,69952,3456,2997
20180122,224747,69968,4,Sell,0,1950619358,69932,69952,3456,2997
20180122,224747,69974,1,Sell,0,1950619361,69932,69952,3456,2997
20180122,224747,69977,1,Sell,0,1950619362,69932,69952,3456,2997
20180122,224747,69974,5,Sell,0,1950619365,69932,69952,3456,2997
20180122,224747,69980,15,Sell,0,1950619363,69932,69952,3456,2997
20180122,224747,69980,8,Sell,0,1950619364,69932,69952,3456,2997
20180122,224801,69973,1,Sell,0,1950619519,69932,69952,3456,2997
20180122,224807,69972,1,Sell,0,1950619560,69932,69952,3456,2997
20180122,224825,69966,3,Sell,0,1950619609,69932,69952,3467,2997
20180122,224826,69966,1,Sell,0,1950619611,69932,69952,3467,2997
20180122,224857,69966,1,Sell,0,1950619739,69932,69954,3467,2997
20180122,225030,69970,3,Sell,0,1950620006,69932,69954,3517,2997
20180122,225030,69970,4,Sell,0,1950620005,69932,69954,3517,2997
20180122,225030,69966,2,Sell,0,1950620086,69932,69954,3517,2997
20180122,225030,69965,5,Sell,0,1950620087,69932,69954,3517,2997
20180122,225030,69965,4,Sell,0,1950620088,69932,69954,3517,2997
20180122,225030,69965,4,Sell,0,1950620089,69932,69954,3517,2997
20180122,225030,69964,10,Sell,0,1950620090,69932,69954,3517,2997
20180122,225030,69964,2,Sell,0,1950620091,69932,69954,3517,2997
20180122,225030,69962,5,Sell,0,1950620092,69932,69954,3517,2997
20180122,225030,69962,2,Sell,0,1950620093,69932,69954,3517,2997
20180122,225030,69962,6,Sell,0,1950620094,69932,69954,3517,2997
20180122,225030,69962,2,Sell,0,1950620155,69932,69954,3517,2997
20180122,225030,69961,15,Sell,0,1950620182,69932,69954,3517,2997
20180122,225030,69962,4,Sell,0,1950620183,69932,69954,3517,2997
20180122,225030,69960,2,Sell,0,1950620184,69932,69954,3517,2997
20180122,225116,69962,1,Sell,0,1950620330,69932,69954,3517,2997
20180122,225132,69952,2,Sell,0,1950620362,69932,69954,3517,2997
20180122,225211,69949,1,Sell,0,1950620523,69932,69954,3517,2997
20180122,225258,69945,1,Sell,0,1950620633,69932,69954,3517,3007
20180122,225350,69945,1,Sell,0,1950620787,69932,69954,3517,3007
20180122,225350,69945,3,Sell,0,1950620788,69932,69954,3517,3007
20180122,225350,69945,1,Sell,0,1950620789,69932,69954,3517,3007
20180122,225414,69942,30,Sell,0,1950620879,69932,69954,3517,3007
20180122,225417,69942,16,Sell,0,1950620890,69932,69954,3517,3007
20180122,225423,69942,30,Sell,0,1950620900,69932,69954,3517,3007
20180122,225423,69942,4,Sell,0,1950620901,69932,69954,3517,3007
20180122,225423,69942,1,Sell,0,1950620902,69932,69954,3517,3007
20180122,225424,69942,2,Sell,0,1950620907,69932,69954,3517,3007
20180122,225432,69942,5,Sell,0,1950620914,69932,69954,3517,3007
20180122,225432,69942,7,Sell,0,1950620915,69932,69954,3517,3007
20180122,225432,69942,6,Sell,0,1950620916,69932,69954,3517,3007
20180122,225432,69942,4,Sell,0,1950620917,69932,69954,3517,3007
20180122,225432,69942,9,Sell,0,1950620918,69932,69954,3517,3007
20180122,225432,69942,1,Sell,0,1950620919,69932,69954,3517,3007
20180122,225432,69942,4,Sell,0,1950620921,69932,69954,3517,3007
20180122,225432,69942,1,Sell,0,1950620925,69932,69954,3517,3007
20180122,225432,69942,4,Sell,0,1950620926,69932,69954,3517,3007
20180122,225432,69942,4,Sell,0,1950620927,69932,69954,3517,3007
20180122,225432,69942,1,Sell,0,1950620928,69932,69954,3517,3007
20180122,225432,69942,4,Sell,0,1950620930,69932,69954,3517,3007
20180122,225432,69942,4,Sell,0,1950620931,69932,69954,3517,3007
20180122,225432,69942,4,Sell,0,1950620932,69932,69954,3517,3007
20180122,225432,69942,4,Sell,0,1950620933,69932,69954,3517,3007
20180122,225432,69942,4,Sell,0,1950620934,69932,69954,3517,3007
20180122,225432,69942,4,Sell,0,1950620935,69932,69954,3517,3007
20180122,225432,69942,2,Sell,0,1950620936,69932,69954,3517,3007
20180122,225645,69948,1,Sell,0,1950621229,69932,69954,3517,2997
20180122,225706,69951,1,Sell,0,1950621295,69932,69954,3516,2997
20180122,225721,69948,4,Sell,0,1950621320,69932,69954,3516,2997
20180122,225758,69944,1,Sell,0,1950621445,69932,69954,3516,2997
20180122,225758,69943,1,Sell,0,1950621446,69932,69954,3516,2997
20180122,225758,69944,8,Sell,0,1950621447,69932,69954,3516,2997
20180122,225805,69942,1,Sell,0,1950621463,69932,69954,3516,2978
20180122,225805,69941,1,Sell,0,1950621464,69932,69954,3516,2978
20180122,225808,69938,1,Sell,0,1950621475,69931,69948,3516,2996
20180122,225823,69940,1,Sell,0,1950621510,69931,69948,3516,2996
20180122,225940,69948,1,Sell,0,1950621750,69931,69948,3516,2996
20180122,225941,69948,1,Sell,0,1950621752,69931,69948,3516,2996
20180122,225948,69953,1,Sell,0,1950621848,69931,69948,3516,2996
20180122,225957,69953,5,Sell,0,1950622057,69931,69948,3516,2996
20180122,225957,69954,2,Sell,0,1950622058,69931,69948,3516,2996
20180122,225957,69955,3,Sell,0,1950622059,69931,69948,3516,2996
20180122,225957,69955,3,Sell,0,1950622060,69931,69948,3516,2996
20180122,225957,69955,4,Sell,0,1950622061,69931,69948,3516,2996
20180122,225957,69955,4,Sell,0,1950622062,69931,69948,3516,2996
20180122,225957,69956,5,Sell,0,1950622063,69931,69948,3516,2996
20180122,225957,69956,2,Sell,0,1950622064,69931,69948,3516,2996
20180122,225957,69956,2,Sell,0,1950622065,69931,69948,3516,2996
20180122,230018,69954,1,Sell,0,1950622281,69931,69948,3516,2996
20180122,230018,69954,2,Sell,0,1950622282,69931,69948,3516,2996
20180122,230018,69960,1,Sell,0,1950622283,69931,69948,3516,2996
20180122,230103,69944,2,Sell,0,1950622435,69931,69948,3516,2996
20180122,230122,69945,1,Sell,0,1950622467,69931,69948,3516,2996
20180122,230122,69945,1,Sell,0,1950622468,69931,69948,3516,2996
20180122,230238,69941,1,Sell,0,1950622668,69931,69948,3516,2996
20180122,230356,69949,1,Sell,0,1950622785,69931,69948,3516,2996
20180122,230404,69950,1,Sell,0,1950622800,69931,69948,3516,2996
20180122,230404,69951,1,Sell,0,1950622802,69931,69948,3516,2996
20180122,230404,69950,1,Sell,0,1950622800,69931,69948,3516,2996
20180122,230404,69951,1,Sell,0,1950622802,69931,69948,3516,2996
20180122,230536,69949,1,Sell,0,1950623078,69931,69948,3516,2996
20180122,230613,69950,1,Sell,0,1950623119,69931,69948,3516,2996
20180122,230703,69950,2,Sell,0,1950623220,69931,69942,3516,2996
20180122,230711,69947,1,Sell,0,1950623225,69931,69942,3516,2996
20180122,230723,69948,1,Sell,0,1950623239,69931,69942,3516,2996
20180122,230925,69944,1,Sell,0,1950623446,69931,69942,3716,2997
20180122,231002,69942,4,Sell,0,1950623488,69932,69942,3670,2997
20180122,231002,69942,4,Sell,0,1950623489,69932,69942,3670,2997
20180122,231002,69942,4,Sell,0,1950623490,69932,69942,3670,2997
20180122,231002,69942,5,Sell,0,1950623487,69932,69942,3670,2997
20180122,231002,69942,5,Sell,0,1950623491,69932,69942,3670,2997
20180122,231002,69942,4,Sell,0,1950623492,69932,69942,3670,2997
20180122,231002,69942,1,Sell,0,1950623493,69932,69942,3670,2997
20180122,231002,69942,1,Sell,0,1950623494,69932,69942,3670,2997
20180122,231003,69942,4,Sell,0,1950623499,69932,69942,3670,2997
20180122,231003,69942,4,Sell,0,1950623501,69932,69942,3670,2997
20180122,231003,69942,4,Sell,0,1950623502,69932,69942,3670,2997
20180122,231003,69942,4,Sell,0,1950623506,69932,69942,3670,2997
20180122,231003,69942,4,Sell,0,1950623509,69932,69942,3670,2997
20180122,231003,69942,4,Sell,0,1950623510,69932,69942,3670,2997
20180122,231003,69943,4,Sell,0,1950623515,69932,69942,3670,2997
20180122,231007,69942,5,Sell,0,1950623785,69932,69942,3670,2997
20180122,231107,69950,4,Sell,0,1950624054,69932,69942,3670,2997
20180122,231107,69950,2,Sell,0,1950624055,69932,69942,3670,2997
20180122,231107,69950,4,Sell,0,1950624057,69932,69942,3670,2997
20180122,231107,69950,1,Sell,0,1950624059,69932,69942,3670,2997
20180122,231107,69950,1,Sell,0,1950624060,69932,69942,3670,2997
20180122,231303,69947,3,Sell,0,1950624386,69932,69942,3670,2997
20180122,231425,69951,1,Sell,0,1950624519,69932,69942,3670,2997
20180122,231455,69947,3,Sell,0,1950624646,69931,69942,3713,2997
20180122,231555,69956,1,Sell,0,1950624921,69931,69938,3733,2997
20180122,231555,69956,1,Sell,0,1950624922,69931,69938,3733,2997
20180122,231555,69956,1,Sell,0,1950624923,69931,69938,3733,2997
20180122,231555,69956,1,Sell,0,1950624924,69931,69938,3733,2997
20180122,231555,69956,1,Sell,0,1950624925,69931,69938,3733,2997
20180122,231555,69956,1,Sell,0,1950624926,69931,69938,3733,2997
20180122,231555,69956,1,Sell,0,1950624927,69931,69938,3733,2997
20180122,231555,69956,1,Sell,0,1950624928,69931,69938,3733,2997
20180122,231555,69956,1,Sell,0,1950624929,69931,69938,3733,2997
20180122,231555,69956,1,Sell,0,1950624930,69931,69938,3733,2997
20180122,231555,69956,1,Sell,0,1950624931,69931,69938,3733,2997
20180122,231555,69956,1,Sell,0,1950624934,69931,69938,3733,2997
20180122,231555,69956,1,Sell,0,1950624933,69931,69938,3733,2997
20180122,231555,69956,1,Sell,0,1950624935,69931,69938,3733,2997
20180122,231555,69956,1,Sell,0,1950624932,69931,69938,3733,2997
20180122,231555,69956,1,Sell,0,1950624934,69931,69938,3733,2997
20180122,231555,69956,1,Sell,0,1950624936,69931,69938,3733,2997
20180122,231555,69956,1,Sell,0,1950624937,69931,69938,3733,2997
20180122,231555,69956,1,Sell,0,1950624938,69931,69938,3733,2997
20180122,231555,69956,1,Sell,0,1950624939,69931,69938,3733,2997
20180122,231555,69956,1,Sell,0,1950624940,69931,69938,3733,2997
20180122,231633,69952,2,Sell,0,1950625039,69931,69938,3733,2997
20180122,232120,69945,5,Sell,0,1950625612,69931,69944,3733,2995
20180122,232201,69940,5,Sell,0,1950625730,69931,69944,3733,2995
20180122,232201,69940,2,Sell,0,1950625731,69931,69944,3733,2995
20180122,232201,69938,2,Sell,0,1950625732,69931,69944,3733,2995
20180122,232201,69938,8,Sell,0,1950625733,69931,69944,3733,2995
20180122,232201,69937,3,Sell,0,1950625734,69931,69944,3733,2995
20180122,232201,69940,5,Sell,0,1950625730,69931,69944,3733,2995
20180122,232201,69940,2,Sell,0,1950625731,69931,69944,3733,2995
20180122,232201,69938,2,Sell,0,1950625732,69931,69944,3733,2995
20180122,232201,69938,8,Sell,0,1950625733,69931,69944,3733,2995
20180122,232201,69937,3,Sell,0,1950625734,69931,69944,3733,2995
20180122,232922,69949,1,Sell,0,1950626625,69933,69944,2986,2852
20180122,233001,69950,3,Sell,0,1950626806,69933,69944,2986,2852
20180122,233001,69950,2,Sell,0,1950626807,69933,69944,2986,2852
20180122,233004,69946,2,Sell,0,1950626890,69933,69944,2986,2852
20180122,233004,69948,1,Sell,0,1950626888,69933,69944,2986,2852
20180122,233004,69947,4,Sell,0,1950626889,69933,69944,2986,2852
20180122,233004,69946,2,Sell,0,1950626890,69933,69944,2986,2852
20180122,233004,69948,1,Sell,0,1950626888,69933,69944,2986,2852
20180122,233004,69947,4,Sell,0,1950626889,69933,69944,2986,2852
20180122,233236,69960,2,Sell,0,1950627556,69936,69944,2929,2852
20180122,233306,69960,10,Sell,0,1950627631,69936,69944,2929,2852
20180122,233705,69949,3,Sell,0,1950628170,69936,69944,2929,2852
20180122,233705,69954,1,Sell,0,1950628172,69936,69944,2929,2852
20180122,233705,69954,1,Sell,0,1950628174,69936,69944,2929,2852
20180122,233706,69954,1,Sell,0,1950628175,69936,69944,2929,2852
20180122,233711,69954,2,Sell,0,1950628199,69936,69944,2529,2852
20180122,233917,69953,2,Sell,0,1950628686,69936,69944,2787,3185
20180122,233917,69954,2,Sell,0,1950628687,69936,69944,2787,3185
20180122,233917,69955,2,Sell,0,1950628688,69936,69944,2787,3185
20180122,233917,69953,2,Sell,0,1950628686,69936,69944,2787,3185
20180122,233917,69954,2,Sell,0,1950628687,69936,69944,2787,3185
20180122,233917,69955,2,Sell,0,1950628688,69936,69944,2787,3185
20180122,234324,69944,2,Sell,0,1950631046,69937,69944,4296,3051
20180122,234326,69942,2,Sell,0,1950631108,69937,69944,4296,3051
20180122,234343,69939,1,Sell,0,1950631278,69937,69944,4296,3051
20180122,234343,69938,1,Sell,0,1950631279,69937,69944,4296,3051
20180122,234410,69931,1,Sell,0,1950631526,69958,69959,4289,3098
20180122,234410,69930,1,Sell,0,1950631527,69958,69959,4289,3098
20180122,234432,69930,4,Sell,0,1950631835,69958,69959,4288,3097
20180122,234500,69930,5,Sell,0,1950632113,69958,69959,4335,3097
20180122,234500,69930,14,Sell,0,1950632114,69958,69959,4335,3097
20180122,234500,69934,1,Sell,0,1950632112,69958,69959,4335,3097
20180122,234501,69930,20,Sell,0,1950632128,69958,69959,4335,3097
20180122,234501,69930,2,Sell,0,1950632137,69958,69959,4335,3097
20180122,234501,69930,20,Sell,0,1950632128,69958,69959,4335,3097
20180122,234501,69930,2,Sell,0,1950632137,69958,69959,4335,3097
20180122,234654,69932,1,Sell,0,1950632881,69932,69960,4323,3076
20180122,234654,69942,1,Sell,0,1950632887,69932,69960,4323,3076
20180122,234654,69952,2,Sell,0,1950632888,69932,69960,4323,3076
20180122,234656,69952,3,Sell,0,1950632894,69932,69960,4323,3076
20180122,234751,69936,10,Sell,0,1950633193,69932,69963,4323,3096
20180122,234834,69944,10,Sell,0,1950633524,69932,69962,4323,3077
20180122,234834,69944,1,Sell,0,1950633525,69932,69962,4323,3077
20180122,234834,69944,17,Sell,0,1950633526,69932,69962,4323,3077
20180122,234834,69957,1,Sell,0,1950633530,69932,69962,4323,3077
20180122,234835,69957,1,Sell,0,1950633537,69932,69962,4323,3077
20180122,234835,69957,1,Sell,0,1950633540,69932,69962,4323,3077
20180122,234835,69958,3,Sell,0,1950633541,69932,69962,4323,3077
20180122,234835,69958,3,Sell,0,1950633542,69932,69962,4323,3077
20180122,234835,69958,1,Sell,0,1950633545,69932,69962,4323,3077
20180122,234835,69958,4,Sell,0,1950633546,69932,69962,4323,3077
20180122,234835,69958,5,Sell,0,1950633549,69932,69962,4323,3077
20180122,234835,69958,1,Sell,0,1950633553,69932,69962,4323,3077
20180122,234835,69958,1,Sell,0,1950633556,69932,69962,4323,3077
20180122,234835,69958,1,Sell,0,1950633562,69932,69962,4323,3077
20180122,234838,69958,1,Sell,0,1950633582,69932,69962,4323,3077
20180122,234838,69958,1,Sell,0,1950633585,69932,69962,4323,3077
20180122,234838,69958,1,Sell,0,1950633588,69932,69962,4323,3077
20180122,234838,69958,1,Sell,0,1950633598,69932,69962,4323,3077
20180122,234838,69958,5,Sell,0,1950633599,69932,69962,4323,3077
20180122,234838,69958,3,Sell,0,1950633600,69932,69962,4323,3077
20180122,234838,69959,1,Sell,0,1950633604,69932,69962,4323,3077
20180122,234838,69959,3,Sell,0,1950633603,69932,69962,4323,3077
20180122,234838,69959,2,Sell,0,1950633605,69932,69962,4323,3077
20180122,234838,69959,1,Sell,0,1950633604,69932,69962,4323,3077
20180122,234839,69959,3,Sell,0,1950633612,69932,69962,4323,3077
20180122,234839,69959,3,Sell,0,1950633616,69932,69962,4323,3077
20180122,234839,69959,3,Sell,0,1950633617,69932,69962,4323,3077
20180122,234839,69958,1,Sell,0,1950633622,69932,69962,4323,3077
20180122,234840,69958,1,Sell,0,1950633627,69932,69962,4323,3077
20180122,234840,69958,1,Sell,0,1950633641,69932,69962,4323,3077
20180122,234840,69958,1,Sell,0,1950633646,69932,69962,4323,3077
20180122,234840,69957,1,Sell,0,1950633651,69932,69962,4323,3077
20180122,234840,69957,1,Sell,0,1950633656,69932,69962,4323,3077
20180122,234840,69957,1,Sell,0,1950633664,69932,69962,4323,3077
20180122,234841,69958,3,Sell,0,1950633670,69932,69962,4323,3077
20180122,234841,69958,3,Sell,0,1950633671,69932,69962,4323,3077
20180122,234841,69958,3,Sell,0,1950633676,69932,69962,4323,3077
20180122,234841,69958,3,Sell,0,1950633677,69932,69962,4323,3077
20180122,234841,69963,3,Sell,0,1950633686,69932,69962,4323,3077
20180122,234841,69963,3,Sell,0,1950633687,69932,69962,4323,3077
20180122,234841,69964,45,Sell,0,1950633690,69932,69962,4323,3077
20180122,234841,69958,3,Sell,0,1950633670,69932,69962,4323,3077
20180122,234841,69958,3,Sell,0,1950633671,69932,69962,4323,3077
20180122,234841,69958,3,Sell,0,1950633676,69932,69962,4323,3077
20180122,234841,69958,3,Sell,0,1950633677,69932,69962,4323,3077
20180122,234841,69963,3,Sell,0,1950633686,69932,69962,4323,3077
20180122,234841,69963,3,Sell,0,1950633687,69932,69962,4323,3077
20180122,234841,69964,45,Sell,0,1950633690,69932,69962,4323,3077
20180122,234841,69958,3,Sell,0,1950633670,69932,69962,4323,3077
20180122,234841,69958,3,Sell,0,1950633671,69932,69962,4323,3077
20180122,234841,69958,3,Sell,0,1950633676,69932,69962,4323,3077
20180122,234841,69958,3,Sell,0,1950633677,69932,69962,4323,3077
20180122,234841,69963,3,Sell,0,1950633686,69932,69962,4323,3077
20180122,234841,69963,3,Sell,0,1950633687,69932,69962,4323,3077
20180122,234841,69964,45,Sell,0,1950633690,69932,69962,4323,3077
20180122,234841,69958,3,Sell,0,1950633670,69932,69962,4323,3077
20180122,234841,69958,3,Sell,0,1950633671,69932,69962,4323,3077
20180122,234841,69958,3,Sell,0,1950633676,69932,69962,4323,3077
20180122,234841,69958,3,Sell,0,1950633677,69932,69962,4323,3077
20180122,234841,69963,3,Sell,0,1950633686,69932,69962,4323,3077
20180122,234841,69963,3,Sell,0,1950633687,69932,69962,4323,3077
20180122,234841,69964,45,Sell,0,1950633690,69932,69962,4323,3077
20180122,234841,69958,3,Sell,0,1950633670,69932,69962,4323,3077
20180122,234841,69958,3,Sell,0,1950633671,69932,69962,4323,3077
20180122,234841,69958,3,Sell,0,1950633676,69932,69962,4323,3077
20180122,234841,69958,3,Sell,0,1950633677,69932,69962,4323,3077
20180122,234841,69963,3,Sell,0,1950633686,69932,69962,4323,3077
20180122,234841,69963,3,Sell,0,1950633687,69932,69962,4323,3077
20180122,234841,69964,45,Sell,0,1950633690,69932,69962,4323,3077
20180122,234841,69958,3,Sell,0,1950633670,69932,69962,4323,3077
20180122,234841,69958,3,Sell,0,1950633671,69932,69962,4323,3077
20180122,234841,69958,3,Sell,0,1950633676,69932,69962,4323,3077
20180122,234841,69958,3,Sell,0,1950633677,69932,69962,4323,3077
20180122,234841,69963,3,Sell,0,1950633686,69932,69962,4323,3077
20180122,234841,69963,3,Sell,0,1950633687,69932,69962,4323,3077
20180122,234841,69964,45,Sell,0,1950633690,69932,69962,4323,3077
20180122,234841,69958,3,Sell,0,1950633670,69932,69962,4323,3077
20180122,234841,69958,3,Sell,0,1950633671,69932,69962,4323,3077
20180122,234841,69958,3,Sell,0,1950633676,69932,69962,4323,3077
20180122,234841,69958,3,Sell,0,1950633677,69932,69962,4323,3077
20180122,234841,69963,3,Sell,0,1950633686,69932,69962,4323,3077
20180122,234841,69963,3,Sell,0,1950633687,69932,69962,4323,3077
20180122,234841,69964,45,Sell,0,1950633690,69932,69962,4323,3077
20180122,234841,69958,3,Sell,0,1950633670,69932,69962,4323,3077
20180122,234841,69958,3,Sell,0,1950633671,69932,69962,4323,3077
20180122,234841,69958,3,Sell,0,1950633676,69932,69962,4323,3077
20180122,234841,69958,3,Sell,0,1950633677,69932,69962,4323,3077
20180122,234841,69963,3,Sell,0,1950633686,69932,69962,4323,3077
20180122,234841,69963,3,Sell,0,1950633687,69932,69962,4323,3077
20180122,234841,69964,45,Sell,0,1950633690,69932,69962,4323,3077
20180122,234841,69958,3,Sell,0,1950633670,69932,69962,4323,3077
20180122,234841,69958,3,Sell,0,1950633671,69932,69962,4323,3077
20180122,234841,69958,3,Sell,0,1950633676,69932,69962,4323,3077
20180122,234841,69958,3,Sell,0,1950633677,69932,69962,4323,3077
20180122,234841,69963,3,Sell,0,1950633686,69932,69962,4323,3077
20180122,234841,69963,3,Sell,0,1950633687,69932,69962,4323,3077
20180122,234841,69964,45,Sell,0,1950633690,69932,69962,4323,3077
20180122,234841,69958,3,Sell,0,1950633670,69932,69962,4323,3077
20180122,234841,69958,3,Sell,0,1950633671,69932,69962,4323,3077
20180122,234841,69958,3,Sell,0,1950633676,69932,69962,4323,3077
20180122,234841,69958,3,Sell,0,1950633677,69932,69962,4323,3077
20180122,234841,69963,3,Sell,0,1950633686,69932,69962,4323,3077
20180122,234841,69963,3,Sell,0,1950633687,69932,69962,4323,3077
20180122,234841,69964,45,Sell,0,1950633690,69932,69962,4323,3077
20180122,234841,69958,3,Sell,0,1950633670,69932,69962,4323,3077
20180122,234841,69958,3,Sell,0,1950633671,69932,69962,4323,3077
20180122,234841,69958,3,Sell,0,1950633676,69932,69962,4323,3077
20180122,234841,69958,3,Sell,0,1950633677,69932,69962,4323,3077
20180122,234841,69963,3,Sell,0,1950633686,69932,69962,4323,3077
20180122,234841,69963,3,Sell,0,1950633687,69932,69962,4323,3077
20180122,234841,69964,45,Sell,0,1950633690,69932,69962,4323,3077
20180122,234841,69958,3,Sell,0,1950633670,69932,69962,4323,3077
20180122,234841,69958,3,Sell,0,1950633671,69932,69962,4323,3077
20180122,234841,69958,3,Sell,0,1950633676,69932,69962,4323,3077
20180122,234841,69958,3,Sell,0,1950633677,69932,69962,4323,3077
20180122,234841,69963,3,Sell,0,1950633686,69932,69962,4323,3077
20180122,234841,69963,3,Sell,0,1950633687,69932,69962,4323,3077
20180122,234841,69964,45,Sell,0,1950633690,69932,69962,4323,3077
20180122,234841,69958,3,Sell,0,1950633670,69932,69962,4323,3077
20180122,234841,69958,3,Sell,0,1950633671,69932,69962,4323,3077
20180122,234841,69958,3,Sell,0,1950633676,69932,69962,4323,3077
20180122,234841,69958,3,Sell,0,1950633677,69932,69962,4323,3077
20180122,234841,69963,3,Sell,0,1950633686,69932,69962,4323,3077
20180122,234841,69963,3,Sell,0,1950633687,69932,69962,4323,3077
20180122,234841,69964,45,Sell,0,1950633690,69932,69962,4323,3077
20180122,234841,69958,3,Sell,0,1950633670,69932,69962,4323,3077
20180122,234841,69958,3,Sell,0,1950633671,69932,69962,4323,3077
20180122,234841,69958,3,Sell,0,1950633676,69932,69962,4323,3077
20180122,234841,69958,3,Sell,0,1950633677,69932,69962,4323,3077
20180122,234841,69963,3,Sell,0,1950633686,69932,69962,4323,3077
20180122,234841,69963,3,Sell,0,1950633687,69932,69962,4323,3077
20180122,234841,69964,45,Sell,0,1950633690,69932,69962,4323,3077
20180122,234841,69958,3,Sell,0,1950633670,69932,69962,4323,3077
20180122,234841,69958,3,Sell,0,1950633671,69932,69962,4323,3077
20180122,234841,69958,3,Sell,0,1950633676,69932,69962,4323,3077
20180122,234841,69958,3,Sell,0,1950633677,69932,69962,4323,3077
20180122,234841,69963,3,Sell,0,1950633686,69932,69962,4323,3077
20180122,234841,69963,3,Sell,0,1950633687,69932,69962,4323,3077
20180122,234841,69964,45,Sell,0,1950633690,69932,69962,4323,3077
20180122,234841,69958,3,Sell,0,1950633670,69932,69962,4323,3077
20180122,234841,69958,3,Sell,0,1950633671,69932,69962,4323,3077
20180122,234841,69958,3,Sell,0,1950633676,69932,69962,4323,3077
20180122,234841,69958,3,Sell,0,1950633677,69932,69962,4323,3077
20180122,234841,69963,3,Sell,0,1950633686,69932,69962,4323,3077
20180122,234841,69963,3,Sell,0,1950633687,69932,69962,4323,3077
20180122,234841,69964,45,Sell,0,1950633690,69932,69962,4323,3077
20180122,234841,69958,3,Sell,0,1950633670,69932,69962,4323,3077
20180122,234841,69958,3,Sell,0,1950633671,69932,69962,4323,3077
20180122,234841,69958,3,Sell,0,1950633676,69932,69962,4323,3077
20180122,234841,69958,3,Sell,0,1950633677,69932,69962,4323,3077
20180122,234841,69963,3,Sell,0,1950633686,69932,69962,4323,3077
20180122,234841,69963,3,Sell,0,1950633687,69932,69962,4323,3077
20180122,234841,69964,45,Sell,0,1950633690,69932,69962,4323,3077
20180122,234841,69958,3,Sell,0,1950633670,69932,69962,4323,3077
20180122,234841,69958,3,Sell,0,1950633671,69932,69962,4323,3077
20180122,234841,69958,3,Sell,0,1950633676,69932,69962,4323,3077
20180122,234841,69958,3,Sell,0,1950633677,69932,69962,4323,3077
20180122,234841,69963,3,Sell,0,1950633686,69932,69962,4323,3077
20180122,234841,69963,3,Sell,0,1950633687,69932,69962,4323,3077
20180122,234841,69964,45,Sell,0,1950633690,69932,69962,4323,3077
20180122,234841,69958,3,Sell,0,1950633670,69932,69962,4323,3077
20180122,234841,69958,3,Sell,0,1950633671,69932,69962,4323,3077
20180122,234841,69958,3,Sell,0,1950633676,69932,69962,4323,3077
20180122,234841,69958,3,Sell,0,1950633677,69932,69962,4323,3077
20180122,234841,69963,3,Sell,0,1950633686,69932,69962,4323,3077
20180122,234841,69963,3,Sell,0,1950633687,69932,69962,4323,3077
20180122,234841,69964,45,Sell,0,1950633690,69932,69962,4323,3077
20180122,234841,69958,3,Sell,0,1950633670,69932,69962,4323,3077
20180122,234841,69958,3,Sell,0,1950633671,69932,69962,4323,3077
20180122,234841,69958,3,Sell,0,1950633676,69932,69962,4323,3077
20180122,234841,69958,3,Sell,0,1950633677,69932,69962,4323,3077
20180122,234841,69963,3,Sell,0,1950633686,69932,69962,4323,3077
20180122,234841,69963,3,Sell,0,1950633687,69932,69962,4323,3077
20180122,234841,69964,45,Sell,0,1950633690,69932,69962,4323,3077
20180122,234841,69958,3,Sell,0,1950633670,69932,69962,4323,3077
20180122,234841,69958,3,Sell,0,1950633671,69932,69962,4323,3077
20180122,234841,69958,3,Sell,0,1950633676,69932,69962,4323,3077
20180122,234841,69958,3,Sell,0,1950633677,69932,69962,4323,3077
20180122,234841,69963,3,Sell,0,1950633686,69932,69962,4323,3077
20180122,234841,69963,3,Sell,0,1950633687,69932,69962,4323,3077
20180122,234841,69964,45,Sell,0,1950633690,69932,69962,4323,3077
20180122,234841,69958,3,Sell,0,1950633670,69932,69962,4323,3077
20180122,234841,69958,3,Sell,0,1950633671,69932,69962,4323,3077
20180122,234841,69958,3,Sell,0,1950633676,69932,69962,4323,3077
20180122,234841,69958,3,Sell,0,1950633677,69932,69962,4323,3077
20180122,234841,69963,3,Sell,0,1950633686,69932,69962,4323,3077
20180122,234841,69963,3,Sell,0,1950633687,69932,69962,4323,3077
20180122,234841,69964,45,Sell,0,1950633690,69932,69962,4323,3077
20180122,234841,69958,3,Sell,0,1950633670,69932,69962,4323,3077
20180122,234841,69958,3,Sell,0,1950633671,69932,69962,4323,3077
20180122,234841,69958,3,Sell,0,1950633676,69932,69962,4323,3077
20180122,234841,69958,3,Sell,0,1950633677,69932,69962,4323,3077
20180122,234841,69963,3,Sell,0,1950633686,69932,69962,4323,3077
20180122,234841,69963,3,Sell,0,1950633687,69932,69962,4323,3077
20180122,234841,69964,45,Sell,0,1950633690,69932,69962,4323,3077
20180122,234841,69958,3,Sell,0,1950633670,69932,69962,4323,3077
20180122,234841,69958,3,Sell,0,1950633671,69932,69962,4323,3077
20180122,234841,69958,3,Sell,0,1950633676,69932,69962,4323,3077
20180122,234841,69958,3,Sell,0,1950633677,69932,69962,4323,3077
20180122,234841,69963,3,Sell,0,1950633686,69932,69962,4323,3077
20180122,234841,69963,3,Sell,0,1950633687,69932,69962,4323,3077
20180122,234841,69964,45,Sell,0,1950633690,69932,69962,4323,3077
