20161221,200000,71998,71998,71998,71998,1
20170216,130000,66400,66600,66400,66600,6
20170216,170000,67000,67000,67000,67000,1
20170301,130000,66367,67724,66366,67724,4
20170314,230000,68799,68799,68799,68799,1
20170424,120000,65710,66950,65650,66950,6
20170511,150000,66700,66700,66700,66700,5
20170512,190000,67900,67900,67900,67900,5
20170622,200000,71000,71100,71000,71100,2
20170623,190000,70900,70900,70900,70900,1
20170626,100000,70400,70400,70400,70400,1
20170630,110000,71900,71900,71900,71900,1
20170630,160000,71613,71613,71613,71613,1
20170704,120000,71350,71350,71350,71350,1
20170704,180000,71500,71500,71500,71500,1
20170705,100000,71800,71960,71800,71960,2
20170705,110000,72100,72100,72100,72100,1
20170705,220000,72300,72300,72300,72300,1
20170706,140000,72500,72500,72500,72500,1
20170707,110000,73100,73100,73100,73100,1
20170710,140000,73000,73000,73000,73000,1
20170710,170000,72800,72800,72800,72800,1
20170710,180000,72985,76693,72985,76693,10
20170710,220000,72900,72900,72900,72900,1
20170711,140000,73500,73500,73500,73500,1
20170711,180000,73600,73700,73600,73700,2
20170712,160000,72700,72700,72700,72700,1
20170713,120000,72500,72500,72500,72500,1
20170713,130000,72300,72300,72300,72300,1
20170714,150000,71987,71987,71987,71987,1
20170714,230000,71950,71950,71950,71950,1
20170717,110000,71802,71802,71802,71802,1
20170717,170000,71999,71999,71999,71999,1
20170718,100000,72500,72500,72500,72500,1
20170718,120000,72300,72300,72300,72300,1
20170719,140000,72116,72116,72116,72116,1
20170719,200000,72024,72041,72024,72041,2
20170720,150000,72250,72250,72250,72250,1
20170720,170000,72350,72650,72350,72650,4
20170721,100000,72757,72757,72757,72757,2
20170721,160000,72700,72700,72700,72700,1
20170721,190000,72930,72930,72930,72930,1
20170724,120000,73450,73699,73450,73699,2
20170725,170000,73957,73957,73957,73957,1
20170725,190000,73509,73509,73509,73509,1
20170725,230000,73625,73625,73625,73625,1
20170726,140000,73531,73531,73531,73531,1
20170726,220000,73550,73550,73550,73550,1
20170726,230000,73676,73676,73500,73500,2
20170727,120000,73510,73510,73510,73510,4
20170727,170000,73510,73510,73510,73510,8
20170731,100000,74321,74321,74321,74321,1
20170731,160000,74721,74721,74721,74721,1
20170801,130000,74903,74903,74903,74903,1
20170802,100000,75700,75700,75700,75700,1
20170802,120000,75600,75600,75600,75600,1
20170802,170000,75950,75950,75950,75950,1
20170802,210000,75623,75623,75623,75623,1
20170804,160000,75000,75000,75000,75000,1
20170804,170000,74700,74700,74700,74700,1
20170804,180000,74400,74400,74400,74400,1
20170804,220000,74385,74391,74385,74391,4
20170810,120000,73900,73900,73900,73900,1
20170810,220000,74299,74299,74299,74299,1
20170815,160000,73615,73615,73393,73393,10
20170815,210000,73800,73800,73800,73800,1
20170816,110000,73600,73600,73600,73600,1
20170816,130000,73500,73500,73400,73400,2
20170816,150000,73300,73300,73300,73300,1
20170816,160000,73200,73200,73200,73200,1
20170817,140000,73130,73130,73130,73130,1
20170818,100000,73609,73609,73300,73300,2
20170822,160000,72900,72900,72900,72900,1
20170823,100000,72389,73000,72389,73000,10
20170824,140000,73200,73200,73200,73200,1
20170824,160000,73300,73300,73300,73300,2
20170825,110000,73108,73124,73092,73124,8
20170825,120000,73134,73135,73134,73135,2
20170825,130000,73144,73144,73144,73144,20
20170825,170000,73050,73050,73050,73050,1
20170825,190000,72993,72993,72993,72993,1
20170825,220000,73097,73129,73097,73129,2
20170828,100000,73170,73170,73170,73170,1
20170828,110000,73015,73015,73015,73015,1
20170828,120000,72962,72962,72962,72962,1
20170828,170000,73086,73086,73086,73086,1
20170828,180000,73132,73132,73132,73132,1
20170828,190000,73179,73228,73179,73228,2
20170829,100000,73257,73553,73257,73553,10
20170829,110000,73599,73699,73599,73699,6
20170829,120000,73748,73848,73748,73848,4
20170829,130000,73892,73942,73892,73942,4
20170829,180000,73768,73768,73768,73768,1
20170829,190000,73913,73913,73913,73913,1
20170829,200000,73759,73759,73759,73759,1
20170829,220000,73700,73700,73700,73700,1
20170829,230000,73646,73646,73646,73646,1
20170830,100000,73600,73600,73390,73390,8
20170830,140000,73324,73324,73273,73273,4
20170830,150000,73255,73255,73116,73116,4
20170830,170000,73060,73060,73008,73008,2
20170830,200000,73000,73000,72945,72955,5
20170831,120000,72960,72960,72867,72867,2
20170831,130000,72813,72813,72700,72700,7
20170831,140000,72659,72659,72557,72557,4
20170831,150000,72512,72512,72457,72457,4
20170831,170000,72407,72407,72407,72407,1
20170831,190000,72500,72500,72500,72500,3
20170831,210000,72603,72613,72603,72613,3
20170901,100000,72603,72603,72400,72500,6
20170901,140000,72200,72200,72200,72200,1
20170901,150000,72101,72101,72100,72100,3
20170901,160000,72001,72178,71900,72178,7
20170901,180000,71800,71800,71800,71800,2
20170901,210000,71713,71740,71713,71740,2
20170904,170000,72250,72250,72250,72250,1
20170905,170000,71700,71700,71700,71700,1
20170905,180000,71800,71800,71800,71800,1
20170905,200000,71950,71950,71900,71900,2
20170906,170000,71840,71840,71840,71840,1
20170906,200000,71912,71912,71912,71912,1
20170907,110000,71253,71600,68820,71600,18
20170907,180000,71870,71870,71870,71870,1
20170907,190000,71772,71772,71772,71772,1
20170908,110000,71751,71751,69694,71501,70
20170908,120000,71550,71550,71450,71450,23
20170908,130000,71437,71437,71437,71437,4
20170908,140000,71612,71612,71612,71612,2
20170908,150000,71612,71612,71612,71612,2
20170908,160000,71751,71751,71751,71751,2
20170911,200000,70974,70974,70974,70974,5
20170913,140000,72007,72574,72007,72574,10
20170915,100000,71100,71100,71100,71100,1
20170915,140000,71500,71500,71500,71500,1
20170915,160000,71640,71640,71640,71640,1
20170915,170000,71570,71570,71570,71570,1
20170919,110000,72245,72285,72245,72285,4
20170919,170000,72192,72192,72192,72192,1
20170920,100000,72787,73050,72787,73050,3
20170921,100000,71892,71892,71879,71879,3
20170921,160000,71889,71900,71881,71881,5
20170921,180000,71862,71878,71862,71878,2
20170921,190000,71642,71642,71642,71642,1
20170921,210000,71634,71634,71603,71603,45
20170921,220000,71612,71711,71612,71711,11
20170921,230000,71727,71753,71727,71753,2
20170922,140000,71452,71455,71436,71436,7
20170922,160000,71441,71441,71441,71441,1
20170922,230000,71417,71417,71351,71351,2
20170925,120000,70733,70824,70583,70583,30
20170925,140000,70602,70625,70518,70518,15
20170925,150000,70600,70724,70600,70710,27
20170925,160000,70800,70800,70800,70800,1
20170925,170000,70700,70700,70700,70700,1
20170925,180000,70900,70900,70900,70900,1
20170925,190000,70834,70834,70819,70819,2
20170925,200000,70750,70750,70650,70650,2
20170925,220000,70636,70636,70635,70635,2
20170926,100000,70666,70688,70501,70501,4
20170926,130000,70444,70444,70444,70444,1
20170926,160000,70588,70588,70588,70588,1
20170926,170000,70495,70495,70488,70489,9
20170927,100000,70899,70899,70899,70899,1
20170927,110000,70780,70780,70780,70780,1
20170927,120000,70816,70816,70816,70816,1
20170927,170000,70761,70761,70761,70761,1
20170927,210000,70839,70875,70839,70875,2
20170928,100000,70911,71199,70911,71199,9
20170928,110000,71095,71095,71088,71088,4
20170928,130000,70912,70920,70912,70920,15
20170929,120000,70720,70720,70720,70720,20
20170929,150000,70678,70678,70500,70500,11
20170929,170000,70550,70550,70550,70550,37
20171002,100000,70200,70300,70200,70300,3
20171002,110000,70400,70400,70350,70350,2
20171002,130000,70450,70450,70450,70450,1
20171002,170000,70400,70400,70400,70400,1
20171002,180000,70480,70480,70480,70480,10
20171002,190000,70441,70441,70441,70441,3
20171002,200000,70430,70430,70430,70430,1
20171002,220000,70430,70430,70430,70430,1
20171003,100000,70500,70500,70500,70500,10
20171003,120000,70550,70550,70550,70550,1
20171003,140000,70613,70613,70613,70613,1
20171003,150000,70700,70700,70700,70700,1
20171003,160000,70650,70650,70500,70500,2
20171003,190000,70490,70490,70490,70490,1
20171003,200000,70454,70454,70454,70454,1
20171004,100000,70454,70454,70454,70454,15
20171004,150000,70200,70200,70200,70200,1
20171004,160000,70150,70150,70150,70150,1
20171004,170000,70260,70260,70150,70150,3
20171004,190000,70200,70200,70200,70200,1
20171004,230000,70250,70250,70250,70250,1
20171005,100000,70200,70200,70150,70150,2
20171005,110000,70100,70100,70100,70100,1
20171005,170000,69824,69850,69789,69789,13
20171005,180000,69739,69740,69673,69673,59
20171005,190000,69700,69700,69700,69700,1
20171005,200000,69749,69800,69749,69800,3
20171005,230000,69900,69940,69900,69940,3
20171006,100000,69850,69921,69850,69921,12
20171006,110000,69860,69935,69860,69935,4
20171006,120000,69950,69967,69950,69967,2
20171006,130000,69980,70063,69980,70063,4
20171006,150000,70062,70254,69950,70254,17
20171006,160000,70275,70473,70275,70473,11
20171006,170000,70485,70665,70460,70665,12
20171006,180000,70610,70610,70610,70610,1
20171006,230000,70630,70630,70608,70608,5
20171009,100000,70695,70785,70648,70648,54
20171009,110000,70764,70815,70764,70815,4
20171009,120000,70845,70875,70845,70875,2
20171009,130000,70865,70935,70865,70935,4
20171009,170000,70950,70965,70851,70851,54
20171009,180000,70850,70850,70850,70850,4
20171009,190000,70874,70874,70835,70835,2
20171009,220000,70890,70920,70890,70920,37
20171009,230000,70850,70850,70850,70850,1
20171010,100000,70670,70670,70620,70620,3
20171010,110000,70622,70683,70622,70683,3
20171010,120000,70580,70700,70580,70700,3
20171010,130000,70655,70655,70655,70655,1
20171010,140000,70630,70630,70550,70550,2
20171010,150000,70594,70594,70570,70570,3
20171010,160000,70530,70570,70498,70570,6
20171010,170000,70641,70750,70641,70750,4
20171010,190000,70725,70725,70725,70725,1
20171010,200000,70750,70818,70740,70818,6
20171010,210000,70766,70766,70760,70760,2
20171010,230000,70795,70800,70791,70791,17
20171011,100000,70824,70870,70824,70870,573
20171011,120000,70750,70752,70600,70600,8
20171011,140000,70703,70703,70703,70703,1
20171011,150000,70750,70750,70750,70750,1
20171011,160000,70770,70825,70770,70825,4
20171011,170000,70885,70885,70876,70876,2
20171011,180000,70925,70927,70925,70927,2
20171011,190000,70870,70870,70870,70870,1
20171011,230000,70925,70925,70925,70925,1
20171012,100000,70776,70776,70700,70700,3
20171012,110000,70659,70675,70659,70675,3
20171012,120000,70610,70650,70600,70650,3
20171012,130000,70710,70710,70710,70710,1
20171012,150000,70667,70667,70667,70667,1
20171012,170000,70740,70740,70740,70740,2
20171012,180000,70665,70676,70610,70610,3
20171012,190000,70527,70607,70527,70607,4
20171012,200000,70642,70642,70583,70583,4
20171012,230000,70572,70572,70568,70568,2
20171013,100000,70325,70380,70325,70380,4
20171013,120000,70400,70450,70400,70450,2
20171013,140000,70401,70401,70401,70401,1
20171013,150000,70360,70408,70290,70300,88
20171013,160000,70200,70200,70126,70126,10
20171013,170000,70101,70101,70030,70040,4
20171013,180000,69875,69940,69875,69940,3
20171013,190000,69898,69898,69830,69830,16
20171013,200000,69890,69890,69890,69890,1
20171013,210000,69830,69830,69830,69830,1
20171013,230000,69830,69830,69830,69830,1
20171016,100000,69785,69785,69382,69628,24
20171016,110000,69585,69650,69572,69650,4
20171016,120000,69677,69785,69637,69667,12
20171016,130000,69723,69810,69723,69810,53
20171016,140000,69747,69747,69739,69739,2
20171016,150000,69710,69710,69650,69650,3
20171016,160000,69780,69800,69780,69800,5
20171016,170000,69800,69800,69800,69800,12
20171016,180000,69830,69830,69830,69830,1
20171016,190000,69900,69900,69900,69900,1
20171016,210000,69860,69860,69860,69860,1
20171016,220000,69800,69800,69800,69800,1
20171017,100000,69715,69715,69580,69580,6
20171017,110000,69635,69736,69611,69650,10
20171017,120000,69670,69670,69600,69600,7
20171017,130000,69649,69649,69620,69620,20
20171017,160000,69632,69632,69615,69615,300
20171017,170000,69700,69700,69600,69700,10
20171017,180000,69720,69777,69720,69769,6
20171017,190000,69820,69840,69750,69750,4
20171017,200000,69680,69680,69680,69680,1
20171017,210000,69707,69757,69701,69701,5
20171017,220000,69650,69663,69650,69663,5
20171017,230000,69630,69630,69600,69600,6
20171018,110000,69520,69520,69495,69495,8
20171018,130000,69580,69580,69530,69530,2
20171018,140000,69510,69510,69510,69510,1
20171018,150000,69600,69720,69600,69720,6
20171018,170000,69670,69760,69670,69720,12
20171018,180000,69760,69845,69760,69845,4
20171018,190000,69870,69935,69870,69935,7
20171018,210000,69965,69965,69965,69965,1
20171019,100000,69994,70150,69980,70125,11
20171019,120000,70160,70175,70047,70135,14
20171019,130000,70170,70250,70170,70250,6
20171019,140000,70265,70325,70265,70265,5
20171019,150000,70320,70355,70320,70355,4
20171019,160000,70280,70280,70280,70280,3
20171019,170000,70200,70200,70100,70164,5
20171019,180000,70050,70050,70050,70050,1
20171020,100000,70000,70050,69970,69981,21
20171020,110000,70020,70150,70020,70150,4
20171020,120000,70090,70090,70074,70074,4
20171020,130000,70110,70110,70110,70110,1
20171020,140000,70000,70000,70000,70000,2
20171020,150000,70014,70014,70014,70014,1
20171020,160000,70045,70045,70015,70015,2
20171020,170000,69930,69940,69875,69875,5
20171020,180000,69900,69900,69803,69803,8
20171020,190000,69920,69920,69890,69890,2
20171020,210000,69857,69857,69835,69835,3
20171020,220000,69826,69826,69826,69826,1
20171020,230000,69790,69790,69790,69790,1
20171023,100000,69830,69830,69613,69613,21
20171023,110000,69595,69595,69555,69555,2
20171023,170000,69600,69600,69550,69550,7
20171024,100000,69700,69870,69700,69830,13
20171024,110000,69900,69900,69780,69780,8
20171024,130000,69597,69597,69597,69597,1
20171024,140000,69588,69588,69588,69588,1
20171024,170000,69900,69965,69850,69850,14
20171024,180000,69851,69851,69851,69851,1
20171024,190000,69900,69900,69900,69900,1
20171024,210000,69920,69950,69920,69950,2
20171024,220000,69950,69950,69900,69900,5
20171025,100000,69850,69900,69830,69830,3
20171025,110000,69800,69800,69800,69800,1
20171025,130000,69796,69796,69796,69796,1
20171025,140000,69835,69835,69835,69835,1
20171025,150000,69900,70025,69900,70025,4
20171025,170000,70027,70143,70022,70143,15
20171025,180000,70155,70227,70155,70227,34
20171025,190000,70255,70283,70255,70283,2
20171025,200000,70290,70320,70290,70320,10
20171025,230000,70222,70250,70222,70250,2
20171026,100000,70310,70451,70310,70330,12
20171026,110000,70270,70270,70220,70220,2
20171026,120000,70215,70215,70103,70103,12
20171026,140000,70199,70199,69900,69900,17
20171026,150000,69877,69877,69724,69724,12
20171026,160000,69724,69724,69549,69549,14
20171026,170000,69569,69600,69511,69511,13
20171026,180000,69521,69547,69501,69501,8
20171026,190000,69550,69600,69524,69600,5
20171026,200000,69520,69520,69520,69520,5
20171026,210000,69540,69540,69540,69540,1
20171026,220000,69500,69500,69435,69435,8
20171027,100000,69397,69600,69321,69600,6
20171027,110000,69630,69683,69575,69580,59
20171027,130000,69500,69820,69450,69820,312
20171027,140000,69790,69855,69730,69796,24
20171027,150000,69859,70150,69859,70150,25
20171027,160000,69920,69920,69807,69807,11
20171027,170000,69750,69750,69401,69407,35
20171027,180000,69407,69440,69327,69440,22
20171027,190000,69480,69524,69449,69449,5
20171027,200000,69430,69430,69430,69430,1
20171030,100000,69333,69333,69059,69059,15
20171030,110000,69164,69196,69164,69196,2
20171030,120000,69250,69250,69210,69210,7
20171030,130000,69251,69251,69251,69251,2
20171030,140000,69144,69144,69110,69110,3
20171030,150000,69100,69100,69100,69100,1
20171030,160000,69070,69127,69070,69127,3
20171030,170000,69250,69250,69250,69250,1
20171030,180000,69300,69300,69300,69300,1
20171030,200000,69353,69353,69345,69345,4
20171030,220000,69392,69500,69392,69500,4
20171031,100000,69450,69667,69450,69667,8
20171031,110000,69647,69695,69596,69630,103
20171031,120000,69670,69692,69596,69596,5
20171031,130000,69692,69919,69692,69919,15
20171031,140000,69935,69975,69760,69760,5
20171031,150000,69856,69856,69826,69826,27
20171031,160000,69900,69935,69842,69881,6
20171031,170000,69935,70155,69935,70155,13
20171031,180000,70111,70155,70096,70155,4
20171031,190000,69980,69980,69980,69980,1
20171031,200000,69950,69950,69860,69895,19
20171031,220000,69985,70071,69985,70070,4
20171031,230000,70027,70027,69990,69990,2
20171101,100000,69695,69695,69585,69585,9
20171101,110000,69678,69678,69678,69678,2
20171101,120000,69755,69850,69600,69600,4
20171101,130000,69708,69708,69555,69555,10
20171101,140000,69632,69632,69570,69570,35
20171101,150000,69616,69616,69535,69535,8
20171101,160000,69525,69525,69430,69482,18
20171101,170000,69470,69697,69448,69697,22
20171101,180000,69698,69698,69698,69698,9
20171101,190000,69600,69600,69550,69550,2
20171101,200000,69730,69735,69730,69735,2
20171101,210000,69690,69770,69639,69760,6
20171101,220000,69820,69820,69750,69750,2
20171101,230000,69710,69710,69710,69710,1
20171102,100000,69615,69615,69510,69578,18
20171102,110000,69532,69532,69522,69522,11
20171102,130000,69700,69700,69700,69700,1
20171102,140000,69750,69810,69750,69810,3
20171102,150000,69880,69965,69880,69965,4
20171102,160000,69929,69929,69929,69929,2
20171102,170000,70000,70030,69870,69870,15
20171102,180000,69970,70050,69970,70050,6
20171102,190000,69978,69978,69950,69950,2
20171102,200000,69900,69900,69869,69896,3
20171102,210000,69859,69859,69859,69859,1
20171102,220000,69809,69809,69809,69809,1
20171102,230000,69750,69764,69750,69764,2
20171103,100000,69776,70150,69776,70085,52
20171103,110000,70050,70050,69890,69890,3
20171103,120000,70051,70075,70051,70075,3
20171103,130000,70098,70250,70098,70198,16
20171103,140000,70213,70350,70213,70298,16
20171103,150000,70143,70399,70112,70330,491
20171103,160000,70330,70330,70263,70263,11
20171103,170000,70293,70727,70293,70600,196
20171103,180000,70550,70550,70550,70550,1
20171103,190000,70615,70615,70500,70500,12
20171103,200000,70500,70500,70500,70500,1
20171103,210000,70450,70450,70333,70333,5
20171103,220000,70388,70443,70388,70442,5
20171103,230000,70443,70443,70443,70443,7
20171107,100000,69795,69795,69539,69635,26
20171107,120000,69827,69860,69827,69860,3
20171107,130000,69846,69846,69797,69797,19
20171107,140000,70000,70100,70000,70100,73
20171107,150000,70059,70059,70024,70024,11
20171107,160000,70010,70010,69930,69961,4
20171107,170000,70030,70200,70030,70200,8
20171107,180000,70235,70451,70235,70412,496
20171107,190000,70420,70619,70420,70602,80
20171107,200000,70647,70650,70633,70633,3
20171107,210000,70618,70618,70618,70618,88
20171107,220000,70670,70670,70670,70670,1
20171108,100000,70675,70783,70675,70783,7
20171108,120000,70550,70650,70530,70600,4
20171108,130000,70650,70670,70650,70670,2
20171108,140000,70770,70961,70770,70961,47
20171108,150000,70800,70800,70700,70700,3
20171108,160000,70640,70640,70500,70500,4
20171108,170000,70465,70705,70460,70705,3
20171108,180000,70605,70605,70570,70570,3
20171108,190000,70403,70440,70371,70440,4
20171108,200000,70350,70550,70339,70550,4
20171109,100000,70692,70692,70550,70550,5
20171109,110000,70680,70680,70680,70680,1
20171109,120000,70606,70634,70606,70634,3
20171109,130000,70700,70750,70700,70750,7
20171109,150000,70690,70885,70690,70885,6
20171109,160000,70890,70912,70740,70740,8
20171109,170000,70690,70690,70620,70620,2
20171109,190000,70750,70900,70750,70900,6
20171109,200000,70950,71013,70950,71010,9
20171109,210000,70959,70959,70959,70959,14
20171109,220000,70920,70920,70920,70920,1
20171109,230000,70936,70936,70870,70870,2
20171110,100000,70807,70807,70807,70807,1
20171110,110000,70800,70800,70650,70650,13
20171110,120000,70735,70808,70735,70808,27
20171110,130000,70845,70846,70845,70846,30
20171110,150000,70849,70849,70801,70801,2
20171110,160000,70836,70842,70790,70790,40
20171110,170000,70863,70872,70710,70710,111
20171110,190000,70715,70805,70715,70739,5
20171110,200000,70796,70796,70796,70796,10
20171110,210000,70835,70835,70835,70835,1
20171110,220000,70805,70805,70805,70805,1
20171110,230000,70855,70855,70855,70855,1
20171113,100000,70720,70720,70620,70620,6
20171113,110000,70720,70854,70720,70854,153
20171113,120000,70893,71169,70893,70978,432
20171113,140000,71070,71070,70956,70956,2
20171113,150000,70906,71205,70906,71183,91
20171113,160000,71152,71247,71130,71162,92
20171113,170000,71215,71215,71175,71175,152
20171113,180000,71090,71090,71077,71077,12
20171113,190000,71091,71091,71091,71091,1
20171113,200000,71112,71112,71099,71099,21
20171113,230000,71085,71085,71053,71053,2
20171114,100000,71206,71377,71206,71350,72
20171114,110000,71403,71750,71403,71730,602
20171114,130000,71570,71720,71570,71692,15
20171114,140000,71700,71845,71700,71836,58
20171114,150000,71850,72063,71791,72041,332
20171114,160000,71983,71997,71947,71997,123
20171114,170000,72030,72287,72024,72287,44
20171114,180000,72313,72391,72300,72300,29
20171114,190000,72417,72584,72417,72481,344
20171114,200000,72550,72677,72550,72677,189
20171114,210000,72703,72781,72703,72770,265
20171114,220000,72770,72790,72730,72786,137
20171114,230000,72786,72810,72779,72810,22
20171115,100000,72833,73045,72833,72959,2091
20171115,110000,72914,73171,72869,73171,1999
20171115,120000,73190,73274,73140,73140,5612
20171115,130000,73190,73250,73190,73250,2
20171115,140000,73275,73394,73188,73240,440
20171115,150000,73260,73325,73140,73140,57
20171115,160000,73110,73133,73004,73070,13
20171115,170000,73095,73095,72865,72940,18
20171115,180000,72850,72950,72850,72950,13
20171115,190000,72837,72837,72663,72715,99
20171115,200000,72700,72700,72700,72700,2
20171115,210000,72750,72750,72750,72750,1
20171115,220000,72770,72800,72770,72790,6
20171115,230000,72808,72808,72792,72792,2
20171116,100000,72770,72770,72403,72458,530
20171116,110000,72475,72475,72350,72400,28
20171116,120000,72340,72340,72192,72280,151
20171116,130000,72280,72352,72210,72352,67
20171116,140000,72355,72465,72290,72290,715
20171116,150000,72400,72400,72331,72340,74
20171116,160000,72310,72310,72157,72180,284
20171116,170000,72195,72250,72140,72206,31
20171116,180000,72131,72131,72020,72020,11
20171116,190000,71990,72048,71950,72048,11
20171116,200000,71990,71990,71990,71990,2
20171116,210000,71950,71950,71950,71950,1
20171116,220000,71950,71965,71912,71965,6
20171116,230000,71980,71995,71955,71995,8
20171117,100000,72025,72175,72025,72160,29
20171117,110000,72129,72129,72129,72129,10
20171117,120000,72095,72095,72080,72080,7
20171117,130000,72096,72111,72096,72111,111
20171117,140000,72000,72000,71803,71803,26
20171117,150000,71775,71800,71749,71800,33
20171117,160000,71850,71875,71816,71818,5
20171117,170000,71750,71795,71585,71585,190
20171117,180000,71610,71689,71610,71682,51
20171117,190000,71600,71600,71580,71580,6
20171117,200000,71547,71547,71433,71468,56
20171117,210000,71480,71480,71395,71395,32
20171117,230000,71485,71493,71485,71488,42
20171120,100000,71357,71488,71243,71480,95
20171120,110000,71500,71605,71500,71526,22
20171120,120000,71610,71630,71550,71550,9
20171120,130000,71610,71661,71550,71661,9
20171120,140000,71689,71717,71600,71600,17
20171120,150000,71700,71913,71700,71837,21
20171120,160000,71850,71850,71680,71700,12
20171120,170000,71760,71760,71660,71660,7
20171120,180000,71636,71636,71527,71527,21
20171120,190000,71448,71468,71420,71420,13
20171120,210000,71400,71400,71380,71380,2
20171120,220000,71350,71350,71350,71350,10
20171121,100000,71501,71550,71501,71550,31
20171121,110000,71569,71580,71450,71466,37
20171121,120000,71300,71330,71250,71330,13
20171121,130000,71360,71480,71360,71480,5
20171121,140000,71420,71420,71370,71400,14
20171121,150000,71350,71370,71350,71370,2
20171121,160000,71330,71330,71270,71270,9
20171121,170000,71239,71310,71167,71167,5
20171121,180000,71131,71183,71095,71183,11
20171121,190000,71113,71190,71113,71190,3
20171121,200000,71155,71155,71155,71155,1
20171122,100000,71153,71153,71150,71150,2
20171122,110000,71130,71130,70900,70950,119
20171122,120000,71031,71031,71031,71031,1
20171122,130000,70975,70975,70843,70843,15
20171122,140000,70813,70820,70735,70735,17
20171122,150000,70820,70820,70673,70673,7
20171122,160000,70663,70750,70606,70750,22
20171122,170000,70790,70793,70790,70793,11
20171122,180000,70820,70965,70809,70965,13
20171122,190000,70809,70809,70740,70740,26
20171122,200000,70720,70720,70700,70700,2
20171122,210000,70800,70800,70800,70800,3
20171122,220000,70830,70830,70760,70760,3
20171122,230000,70770,70770,70770,70770,1
20171123,100000,70804,70920,70730,70730,12
20171123,110000,70850,70900,70810,70810,8
20171123,120000,70790,70820,70747,70820,35
20171123,130000,70793,70825,70740,70756,2131
20171123,140000,70870,70870,70870,70870,3
20171123,150000,70900,70900,70900,70900,3
20171123,160000,70850,70890,70850,70876,13
20171123,170000,70900,70943,70900,70943,32
20171123,180000,70910,70910,70850,70850,54
20171123,210000,70900,70930,70900,70930,7
20171123,220000,70950,70959,70950,70959,9
20171123,230000,70980,71001,70971,70971,68
20171124,100000,71025,71055,70950,70990,90
20171124,110000,70979,70979,70830,70860,124
20171124,120000,70931,70997,70910,70997,22
20171124,130000,71015,71030,71005,71028,14
20171124,140000,71006,71012,70910,70910,148
20171124,150000,70880,71030,70840,71030,115
20171124,160000,71030,71175,71030,71140,602
20171124,170000,71125,71282,71115,71282,13
20171124,180000,71295,71355,71295,71320,6
20171124,190000,71250,71250,71190,71190,7
20171124,200000,71175,71175,71150,71150,12
20171124,230000,71250,71250,71250,71250,1
20171127,100000,71150,71150,71020,71020,6
20171127,110000,71100,71240,71060,71060,18
20171127,120000,71040,71040,70990,71012,15
20171127,130000,71025,71025,70900,70949,26
20171127,140000,70954,71050,70950,71015,79
20171127,150000,71005,71119,71005,71119,12
20171127,160000,71100,71200,71100,71200,15
20171127,180000,71142,71142,71070,71092,21
20171127,190000,71050,71130,71040,71130,7
20171127,200000,71185,71230,71171,71230,11
20171127,210000,71253,71253,71170,71170,7
20171127,230000,71200,71210,71200,71210,2
20171128,100000,71250,71294,71014,71014,24
20171128,110000,71000,71071,70998,71020,72
20171128,120000,71068,71120,71030,71035,40
20171128,130000,70955,70977,70873,70873,89
20171128,140000,70936,70936,70889,70924,43
20171128,150000,70900,70900,70900,70900,55
20171128,160000,70874,70881,70852,70881,30
20171128,170000,70988,70988,70988,70988,124
20171128,180000,70963,70974,70937,70974,16
20171128,190000,70959,70959,70959,70959,1
20171128,210000,70831,70831,70830,70830,12
20171128,220000,70800,70800,70700,70700,31
20171128,230000,70730,70779,70723,70740,55
20171129,100000,70844,70844,70743,70743,95
20171129,110000,70801,70801,70765,70765,24
20171129,120000,70859,70859,70710,70753,23
20171129,130000,70757,70757,70700,70700,56
20171129,140000,70671,70671,70567,70654,44
20171129,150000,70650,70650,70600,70630,82
20171129,160000,70640,70730,70640,70730,11
20171129,180000,70675,70921,70653,70857,77
20171129,190000,70980,71059,70980,71059,17
20171129,200000,71071,71157,71071,71147,53
20171129,210000,71070,71070,71026,71026,46
20171129,220000,71093,71093,71093,71093,1
20171130,100000,71012,71070,70965,71070,7
20171130,110000,71145,71157,70990,70990,5
20171130,120000,70950,70960,70830,70960,35
20171130,130000,70880,70880,70700,70720,65
20171130,140000,70696,70773,70696,70705,46
20171130,150000,70788,70860,70690,70710,24
20171130,160000,70680,70870,70670,70870,13
20171130,170000,70890,71070,70890,71066,29
20171130,180000,71093,71280,71093,71280,82
20171130,190000,71193,71200,71078,71105,40
20171130,200000,71043,71043,70930,70930,26
20171130,210000,71035,71093,71035,71086,5
20171130,220000,71028,71028,71028,71028,1
20171130,230000,71057,71057,71057,71057,1
20171201,100000,71179,71250,71170,71250,29
20171201,110000,71250,71358,71250,71345,161
20171201,120000,71311,71370,71297,71301,56
20171201,130000,71270,71281,71201,71259,15
20171201,140000,71349,71393,71277,71290,149
20171201,150000,71263,71268,71200,71200,19
20171201,160000,71184,71193,71013,71013,124
20171201,170000,71000,71000,70948,70970,30
20171201,180000,70944,70970,70900,70970,11
20171201,190000,70994,72001,70994,71742,272
20171201,200000,71701,71831,71701,71751,75
20171201,210000,71650,71650,71480,71550,30
20171201,220000,71544,71544,71471,71502,4
20171201,230000,71535,71541,71520,71520,35
20171204,100000,71430,71430,71330,71384,38
20171204,110000,71415,71415,71285,71350,20
20171204,120000,71300,71400,71257,71400,12
20171204,130000,71300,71350,71300,71300,5
20171204,140000,71319,71366,71280,71310,41
20171204,150000,71264,71280,71228,71228,17
20171204,160000,71232,71250,71150,71150,33
20171204,170000,71220,71240,71170,71209,8
20171204,180000,71230,71230,71119,71119,4
20171204,190000,71241,71280,71241,71280,8
20171204,200000,71200,71200,71047,71047,11
20171204,210000,71109,71112,70997,71064,51
20171204,220000,71070,71183,71070,71183,10
20171205,100000,71117,71117,71053,71053,4
20171205,110000,71020,71020,70941,70950,81
20171205,120000,70980,70980,70980,70980,1
20171205,130000,70972,71034,70972,71034,3
20171205,140000,71002,71080,71002,71080,5
20171205,150000,71097,71139,71097,71139,13
20171205,160000,71000,71000,71000,71000,23
20171205,170000,70950,71000,70873,71000,19
20171205,180000,71020,71020,70930,70930,6
20171205,190000,70890,70890,70800,70870,46
20171205,200000,70905,70905,70790,70790,12
20171205,210000,70773,70780,70737,70780,33
20171205,220000,70800,70860,70791,70860,7
20171205,230000,70900,70900,70900,70900,47
20171206,100000,70985,71180,70968,71113,57
20171206,110000,71194,71250,71105,71107,36
20171206,120000,71140,71250,71140,71233,11
20171206,130000,71270,71377,71270,71350,120
20171206,140000,71339,71339,71250,71250,4
20171206,150000,71290,71290,71181,71240,71
20171206,160000,71218,71333,71218,71290,129
20171206,170000,71294,71346,71181,71181,235
20171206,180000,71165,71200,71115,71200,17
20171206,190000,71220,71250,71220,71250,4
20171206,200000,71238,71238,71210,71210,3
20171206,220000,71279,71292,71275,71275,9
20171206,230000,71289,71300,71289,71300,21
20171207,100000,71350,71414,71350,71414,156
20171207,110000,71409,71409,71210,71210,39
20171207,120000,71295,71338,71220,71220,173
20171207,130000,71210,71210,71150,71209,273
20171207,140000,71151,71289,71151,71289,63
20171207,150000,71165,71210,71137,71210,51
20171207,160000,71230,71330,71230,71330,7
20171207,170000,71315,71400,71306,71317,22
20171207,180000,71298,71298,71200,71208,16
20171207,190000,71175,71195,71173,71195,4
20171207,210000,71230,71260,71177,71177,5
20171207,220000,71187,71187,71125,71125,5
20171207,230000,71117,71117,71117,71117,1
20171208,100000,71100,71318,71005,71005,251
20171208,110000,71005,71098,71000,71029,399
20171208,120000,71041,71041,70983,70983,6
20171208,130000,71027,71072,71014,71072,16
20171208,140000,71092,71093,70993,71031,18
20171208,150000,71032,71042,70950,71042,11
20171208,160000,70990,71100,70903,70903,18
20171208,170000,70900,70920,70887,70920,3
20171208,180000,70900,71080,70880,71080,18
20171208,230000,71083,71083,71083,71083,5
20171211,100000,71070,71263,71070,71252,101
20171211,110000,71200,71305,71200,71305,30
20171211,120000,71249,71249,71197,71197,90
20171211,130000,71212,71261,71190,71261,1168
20171211,140000,71240,71240,71240,71240,94
20171211,150000,71179,71188,71118,71118,87
20171211,160000,71147,71164,71117,71134,51
20171211,170000,71105,71170,71102,71170,69
20171211,180000,71200,71200,71150,71150,5
20171211,190000,71102,71102,70900,70900,248
20171211,200000,70936,70936,70870,70910,1175
20171211,210000,70875,70875,70875,70875,4
20171211,230000,70901,70901,70901,70901,1
20171212,100000,70813,70813,70595,70595,181
20171212,110000,70590,70770,70590,70735,103
20171212,120000,70749,70749,70636,70680,2803
20171212,130000,70650,70650,70620,70633,77
20171212,140000,70638,70667,70613,70658,124
20171212,150000,70680,70715,70580,70585,691
20171212,160000,70638,70732,70600,70707,1754
20171212,170000,70740,70768,70600,70750,233
20171212,180000,70780,70795,70766,70769,53
20171212,190000,70820,70850,70711,70830,63
20171212,200000,70840,70870,70790,70870,22
20171212,210000,70890,70929,70890,70912,10
20171212,220000,70930,70930,70904,70904,6
20171212,230000,70911,70950,70904,70950,35
20171213,100000,70964,70964,70750,70750,249
20171213,110000,70746,70790,70723,70750,23
20171213,120000,70740,70860,70735,70811,120
20171213,130000,70803,70810,70780,70810,176
20171213,140000,70750,70765,70676,70709,187
20171213,150000,70685,70685,70501,70517,1927
20171213,160000,70518,70650,70431,70583,239
20171213,170000,70560,70590,70551,70585,29
20171213,180000,70595,70620,70505,70515,174
20171213,190000,70562,70634,70545,70545,29
20171213,200000,70539,70610,70535,70535,21
20171213,210000,70545,70558,70365,70399,96
20171213,220000,70397,70600,70350,70600,109
20171213,230000,70598,70645,70596,70645,29
20171214,100000,70709,70790,70679,70709,509
20171214,110000,70709,70759,70600,70610,39
20171214,120000,70620,70640,70533,70533,139
20171214,130000,70594,70675,70586,70675,255
20171214,140000,70722,70724,70546,70638,83
20171214,150000,70634,70833,70634,70792,1091
20171214,160000,70800,70943,70740,70740,5295
20171214,170000,70798,70798,70600,70600,2122
20171214,180000,70636,70757,70555,70555,974
20171214,190000,70556,70637,70556,70637,652
20171214,200000,70651,70679,70644,70663,9
20171214,210000,70733,70733,70727,70727,2
20171214,220000,70675,70675,70675,70675,2
20171214,230000,70608,70608,70608,70608,2
20171215,100000,70653,70719,70639,70708,122
20171215,110000,70729,70729,70608,70638,236
20171215,120000,70638,70718,70637,70710,2029
20171215,130000,70710,70910,70710,70724,6638
20171215,140000,70724,70780,70683,70760,7775
20171215,150000,70770,70790,70760,70788,1352
20171215,160000,70810,70810,70574,70600,2201
20171215,170000,70571,70640,70553,70620,326
20171215,180000,70599,70689,70549,70550,92
20171215,190000,70500,70500,70362,70479,217
20171215,200000,70538,70543,70488,70530,27
20171215,210000,70439,70460,70409,70409,47
20171215,220000,70405,70440,70397,70430,56
20171215,230000,70430,70460,70420,70430,92
20171218,100000,70401,70403,70250,70390,409
20171218,110000,70396,70450,70340,70450,113
20171218,120000,70456,70479,70326,70326,432
20171218,130000,70318,70378,70297,70375,520
20171218,140000,70356,70405,70350,70405,55
20171218,150000,70399,70400,70327,70396,740
20171218,160000,70410,70440,70400,70431,145
20171218,170000,70390,70537,70390,70534,343
20171218,180000,70534,70593,70473,70590,373
20171218,190000,70450,70460,70402,70410,198
20171218,200000,70430,70500,70430,70488,30
20171218,210000,70420,70442,70410,70438,62
20171218,220000,70448,70450,70340,70348,158
20171218,230000,70350,70360,70349,70350,412
20171219,100000,70425,70436,70361,70406,907
20171219,110000,70408,70483,70344,70403,988
20171219,120000,70414,70432,70305,70406,718
20171219,130000,70421,70421,70380,70414,177
20171219,140000,70400,70444,70390,70430,368
20171219,150000,70425,70580,70411,70562,742
20171219,160000,70561,70574,70497,70553,1046
20171219,170000,70553,70641,70510,70618,462
20171219,180000,70643,70765,70631,70741,894
20171219,190000,70711,70742,70631,70675,488
20171219,200000,70715,70737,70696,70737,74
20171219,210000,70743,70871,70734,70827,430
20171219,220000,70832,70856,70818,70856,75
20171219,230000,70844,70850,70808,70838,207
20171220,100000,70803,70825,70670,70730,5675
20171220,110000,70729,70740,70655,70727,4963
20171220,120000,70719,70766,70580,70603,9587
20171220,130000,70600,70661,70574,70621,14707
20171220,140000,70632,70719,70624,70647,1666
20171220,150000,70642,70680,70598,70659,1418
20171220,160000,70667,70711,70653,70692,2461
20171220,170000,70690,70822,70653,70802,3737
20171220,180000,70800,71005,70795,71005,4314
20171220,190000,70916,70952,70887,70930,847
20171220,200000,70941,70942,70902,70905,539
20171220,210000,70902,70991,70902,70956,577
20171220,220000,70962,70976,70930,70956,286
20171220,230000,70966,70985,70943,70956,188
20171221,100000,70936,70936,70593,70709,10533
20171221,110000,70705,70762,70622,70742,20375
20171221,120000,70746,70769,70708,70717,8498
20171221,130000,70715,70739,70557,70561,9891
20171221,140000,70557,70642,70530,70578,7752
20171221,150000,70570,70599,70472,70505,11711
20171221,160000,70501,70574,70482,70482,8255
20171221,170000,70480,70624,70464,70577,5750
20171221,180000,70577,70645,70557,70571,3754
20171221,190000,70597,70729,70597,70696,1247
20171221,200000,70700,70715,70621,70648,1219
20171221,210000,70646,70651,70578,70582,703
20171221,220000,70580,70600,70506,70597,1512
20171221,230000,70595,70655,70595,70617,797
20171222,100000,70518,70518,70190,70195,9758
20171222,110000,70196,70272,70073,70230,6710
20171222,120000,70230,70322,70214,70261,5841
20171222,130000,70266,70266,70165,70209,6665
20171222,140000,70207,70253,70174,70229,2495
20171222,150000,70213,70272,70209,70226,2947
20171222,160000,70226,70264,70177,70261,4480
20171222,170000,70261,70264,70167,70185,4439
20171222,180000,70177,70249,70135,70182,2763
20171222,190000,70192,70246,70166,70226,1049
20171222,200000,70229,70344,70229,70336,1545
20171222,210000,70341,70360,70282,70297,1579
20171222,220000,70300,70333,70274,70320,2079
20171222,230000,70318,70395,70317,70395,1385
20171225,100000,70381,70480,70171,70172,8104
20171225,110000,70175,70196,70129,70150,3934
20171225,120000,70147,70193,70084,70086,10672
20171225,130000,70087,70091,69968,69995,6307
20171225,140000,69995,69995,69813,69832,8148
20171225,150000,69832,69973,69717,69925,12261
20171225,160000,69925,70001,69908,69954,9137
20171225,170000,69949,69991,69853,69954,3868
20171225,180000,69954,70023,69920,69995,1937
20171225,190000,69952,70029,69952,70016,462
20171225,200000,70015,70043,69999,70027,837
20171225,210000,70023,70028,69965,70019,867
20171225,220000,70019,70020,69969,69978,657
20171225,230000,69984,70066,69931,70011,390
20171226,100000,70019,70063,69469,69626,24735
20171226,110000,69635,69731,69614,69679,4869
20171226,120000,69680,69720,69627,69658,3221
20171226,130000,69653,69657,69580,69650,6175
20171226,140000,69638,69656,69592,69622,2208
20171226,150000,69617,69681,69501,69528,6878
20171226,160000,69528,69624,69524,69563,1277
20171226,170000,69564,69727,69522,69723,3064
20171226,180000,69724,69732,69597,69624,1628
20171226,190000,69616,69629,69549,69566,2416
20171226,200000,69565,69625,69560,69624,483
20171226,210000,69626,69637,69576,69615,246
20171226,220000,69616,69616,69509,69524,461
20171226,230000,69536,69556,69504,69515,334
20171227,100000,69504,69541,69310,69337,8800
20171227,110000,69339,69467,69321,69460,9548
20171227,120000,69456,69780,69455,69754,16246
20171227,130000,69754,70037,69732,69988,16090
20171227,140000,69976,69988,69746,69813,8731
20171227,150000,69814,69865,69763,69772,4220
20171227,160000,69776,69879,69665,69871,8425
20171227,170000,69870,69897,69713,69891,4795
20171227,180000,69891,69927,69774,69784,2120
20171227,190000,69830,69944,69737,69944,1701
20171227,200000,69953,70012,69915,70002,1622
20171227,210000,70015,70022,69898,69902,1815
20171227,220000,69906,69925,69842,69856,804
20171227,230000,69867,69868,69793,69819,527
20171228,100000,69819,69930,69722,69809,7859
20171228,110000,69808,69815,69698,69719,8747
20171228,120000,69719,69720,69500,69594,14297
20171228,130000,69598,69668,69580,69639,5493
20171228,140000,69623,69774,69571,69754,5022
20171228,150000,69755,69825,69727,69810,3360
20171228,160000,69819,69850,69675,69710,4045
20171228,170000,69707,69780,69612,69771,3940
20171228,180000,69770,69808,69709,69741,1492
20171228,190000,69776,69841,69737,69800,2825
20171228,200000,69800,69878,69793,69853,1186
20171228,210000,69855,69870,69820,69828,364
20171228,220000,69836,69846,69780,69790,2209
20171228,230000,69791,69802,69746,69746,4024
20171229,100000,69811,69915,69725,69856,4768
20171229,110000,69850,69881,69711,69754,4916
20171229,120000,69756,70036,69754,69980,11530
20171229,130000,69985,70115,69985,70115,5255
20171229,140000,70109,70324,70038,70316,8395
20171229,150000,70316,70450,70284,70396,7582
20171229,160000,70388,70396,70236,70303,2682
20171229,170000,70302,70343,70091,70107,5238
20171229,180000,70101,70131,69985,70065,3369
20180103,100000,70157,70256,69986,70216,6038
20180103,110000,70210,70213,69900,69946,6660
20180103,120000,69939,70008,69910,70007,4817
20180103,130000,69996,70030,69817,69856,5610
20180103,140000,69848,69959,69826,69933,5284
20180103,150000,69933,69999,69873,69999,1230
20180103,160000,70000,70064,69882,69941,2539
20180103,170000,69939,69982,69792,69815,2905
20180103,180000,69816,69821,69767,69807,3039
20180103,190000,69780,69830,69713,69800,999
20180103,200000,69791,69794,69650,69659,1035
20180103,210000,69670,69745,69603,69736,2321
20180103,220000,69734,69787,69669,69736,866
20180103,230000,69745,69782,69708,69765,417
20180104,100000,69765,69830,69636,69806,2781
20180104,110000,69802,69824,69650,69663,3193
20180104,120000,69662,69735,69614,69679,3319
20180104,130000,69674,69900,69668,69874,3363
20180104,140000,69886,69893,69808,69892,1942
20180104,150000,69892,69912,69783,69870,3736
20180104,160000,69877,69938,69752,69839,6466
20180104,170000,69847,69949,69770,69927,3190
20180104,180000,69932,69960,69828,69845,2499
20180104,190000,69802,69802,69597,69632,5021
20180104,200000,69631,69631,69426,69558,4634
20180104,210000,69570,69604,69436,69542,1744
20180104,220000,69545,69613,69544,69595,915
20180104,230000,69609,69609,69511,69554,827
20180105,100000,69550,69730,69548,69709,5829
20180105,110000,69709,69761,69600,69692,3708
20180105,120000,69692,69698,69530,69663,4167
20180105,130000,69651,69760,69637,69676,2754
20180105,140000,69677,69712,69624,69643,898
20180105,150000,69649,69757,69629,69702,1260
20180105,160000,69705,69850,69607,69631,6907
20180105,170000,69630,69630,69489,69508,4016
20180105,180000,69513,69532,69370,69412,5442
20180105,190000,69480,69572,69480,69516,1241
20180105,200000,69521,69578,69500,69570,377
20180105,210000,69571,69605,69562,69563,676
20180105,220000,69568,69602,69559,69565,658
20180105,230000,69564,69564,69520,69549,651
20180109,100000,69544,69560,69010,69141,14869
20180109,110000,69141,69163,69029,69163,6989
20180109,120000,69164,69174,69034,69060,4939
20180109,130000,69059,69074,68864,68920,6845
20180109,140000,68880,68930,68656,68697,5729
20180109,150000,68695,68980,68659,68936,7006
20180109,160000,68939,68999,68879,68962,8757
20180109,170000,68959,69028,68910,68935,8093
20180109,180000,68937,68986,68870,68935,3936
20180109,190000,68934,68955,68745,68774,3119
20180109,200000,68789,68888,68789,68831,1501
20180109,210000,68809,68859,68785,68859,748
20180109,220000,68854,68935,68827,68866,1222
20180109,230000,68889,68930,68854,68860,837
20180110,100000,68850,68923,68602,68814,14707
20180110,110000,68821,68888,68768,68838,4892
20180110,120000,68848,68987,68833,68906,9294
20180110,130000,68906,69352,68836,69277,16253
20180110,140000,69298,69356,69222,69227,7815
20180110,150000,69227,69377,69222,69281,4967
20180110,160000,69284,69310,69190,69255,4232
20180110,170000,69255,69262,69106,69189,6309
20180110,180000,69189,69241,69108,69117,3300
20180110,190000,69113,69147,69053,69081,3266
20180110,200000,69097,69100,69015,69023,1676
20180110,210000,69033,69079,69005,69023,927
20180110,220000,69018,69109,68998,69075,2313
20180110,230000,69079,69105,69050,69077,833
20180111,100000,69013,69041,68748,68860,12174
20180111,110000,68861,68872,68765,68810,10261
20180111,120000,68803,68962,68798,68912,8245
20180111,130000,68906,68984,68888,68956,5204
20180111,140000,68956,68970,68880,68914,2556
20180111,150000,68913,69242,68828,69204,12880
20180111,160000,69210,69358,69198,69306,13847
20180111,170000,69305,69352,69183,69280,6503
20180111,180000,69272,69296,69165,69187,5233
20180111,190000,69112,69139,69000,69048,3413
20180111,200000,69049,69051,68918,68940,2001
20180111,210000,68937,68980,68890,68954,1437
20180111,220000,68956,68974,68800,68820,4184
20180111,230000,68810,68840,68695,68739,1814
20180112,100000,68745,69198,68745,69189,20784
20180112,110000,69189,69370,69066,69340,16718
20180112,120000,69345,69417,69292,69324,11207
20180112,130000,69329,69396,69283,69329,3411
20180112,140000,69321,69388,69321,69372,5690
20180112,150000,69368,69556,69364,69495,6779
20180112,160000,69500,69609,69000,69524,16443
20180112,170000,69524,69622,69421,69477,11414
20180112,180000,69488,69533,69417,69457,2744
20180112,190000,69473,69575,69414,69498,4116
20180112,200000,69497,69506,69408,69483,1518
20180112,210000,69468,69633,69468,69601,2271
20180112,220000,69609,69730,69582,69717,2453
20180112,230000,69720,69795,69713,69778,1599
20180115,100000,69740,69824,69451,69585,15086
20180115,110000,69582,69734,69538,69711,5165
20180115,120000,69715,69970,69697,69937,15682
20180115,130000,69932,70160,69926,70087,10503
20180115,140000,70095,70160,70031,70058,4138
20180115,150000,70059,70108,69966,70060,4048
20180115,160000,70058,70195,70042,70177,5698
20180115,170000,70183,70294,70020,70020,8495
20180115,180000,70020,70064,69911,69939,5035
20180115,190000,69890,70094,69886,70008,4224
20180115,200000,70017,70068,69994,69994,1419
20180115,210000,69988,70038,69985,69989,338
20180115,220000,69983,70010,69880,69911,1240
20180115,230000,69915,69969,69888,69968,362
20180116,100000,69874,69976,69645,69852,17210
20180116,110000,69851,69943,69750,69813,5778
20180116,120000,69813,69856,69746,69778,4102
20180116,130000,69779,69865,69673,69760,9164
20180116,140000,69747,69830,69698,69794,6705
20180116,150000,69787,69888,69785,69822,3146
20180116,160000,69826,69870,69712,69753,4724
20180116,170000,69753,69768,69650,69704,4984
20180116,180000,69685,69730,69656,69676,6784
20180116,190000,69715,69961,69715,69928,3326
20180116,200000,69933,69951,69832,69935,2075
20180116,210000,69926,70069,69926,70056,2204
20180116,220000,70057,70159,70053,70101,3679
20180116,230000,70094,70158,70061,70150,1343
20180117,100000,70100,70174,69807,69854,7305
20180117,110000,69854,70005,69835,69955,8870
20180117,120000,69955,70098,69939,70056,11533
20180117,130000,70057,70149,70056,70082,4899
20180117,140000,70072,70076,69920,69938,3070
20180117,150000,69937,70237,69934,70203,12045
20180117,160000,70203,70361,70104,70273,11535
20180117,170000,70273,70294,70158,70174,7128
20180117,180000,70175,70250,70132,70204,2178
20180117,190000,70224,70250,70094,70106,1148
20180117,200000,70110,70200,70059,70193,1225
20180117,210000,70193,70320,70166,70267,1858
20180117,220000,70270,70280,70176,70193,1113
20180117,230000,70182,70190,70068,70068,1802
20180118,100000,70077,70114,69875,70001,10371
20180118,110000,70001,70066,69986,70027,2783
20180118,120000,70029,70050,69950,69975,4704
20180118,130000,69975,70112,69968,70103,6879
20180118,140000,70110,70142,70013,70047,6043
20180118,150000,70047,70108,69991,70003,7247
20180118,160000,70004,70016,69886,69955,4123
20180118,170000,69953,70026,69896,69990,4409
20180118,180000,69987,70033,69885,69933,2521
20180118,190000,69842,69923,69752,69781,7859
20180118,200000,69778,69917,69760,69814,2089
20180118,210000,69820,69844,69745,69756,1229
20180118,220000,69755,69845,69755,69820,578
20180118,230000,69834,69886,69770,69883,1490
20180119,100000,69888,70216,69888,70168,11688
20180119,110000,70181,70226,70118,70187,4695
20180119,120000,70191,70264,70158,70183,12188
20180119,130000,70196,70256,70065,70099,5045
20180119,140000,70110,70175,70059,70175,3773
20180119,150000,70173,70175,70014,70033,2943
20180119,160000,70030,70146,69982,70008,7413
20180119,170000,70004,70020,69910,70016,8501
20180119,180000,70015,70087,69955,70074,7990
20180119,190000,70045,70095,69974,70062,2143
20180119,200000,70066,70101,70017,70018,1012
20180119,210000,70022,70040,69942,70009,520
20180119,220000,70013,70100,70012,70061,791
20180119,230000,70062,70098,70040,70070,839
20180122,100000,70030,70030,69873,69959,9005
20180122,110000,69959,70016,69931,69953,6483
20180122,120000,69954,70036,69921,69971,7552
20180122,130000,69984,70093,69958,70053,5729
20180122,140000,70055,70058,70000,70015,8013
20180122,150000,70022,70039,69974,70009,2939
20180122,160000,70013,70038,69936,69978,5933
20180122,170000,69984,70062,69954,69967,7742
20180122,180000,69970,70050,69928,70035,1786
20180122,190000,70014,70041,69782,69783,5373
20180122,200000,69786,69915,69765,69894,2892
20180122,210000,69908,69940,69880,69928,823
20180122,220000,69935,69980,69912,69956,1109
20180122,230000,69954,69964,69930,69964,806
20180123,100000,69916,69941,69608,69812,21429
