20160318,130000,78000,80000,78000,80000,60
20160318,140000,78000,80000,78000,80000,60
20160331,220000,78550,83000,78550,83000,2
20160401,160000,80000,81500,80000,81500,60
20160401,170000,79100,84000,79000,84000,92
20160406,130000,80330,80330,80250,80250,2
20160406,150000,80260,80260,80260,80260,1
20160406,180000,82480,82500,82480,82500,2
20160407,140000,81630,81630,81630,81630,1
20160407,190000,80900,80900,80750,80750,3
20160408,120000,82960,82970,82960,82970,2
20160408,140000,83080,83080,83080,83080,1
20160411,110000,83750,83750,83750,83750,1
20160411,130000,84500,84500,84500,84500,1
20160418,100000,83750,83750,83750,83750,1
20160419,100000,85750,85750,85750,85750,1
20160428,150000,90000,90000,90000,90000,1
20160504,140000,86700,86700,86700,86700,1
20160506,110000,86500,86500,86100,86100,2
20160506,180000,85970,85970,85970,85970,1
20160511,170000,87500,87500,87500,87500,1
20160513,120000,86500,86500,86500,86500,1
20160513,190000,87500,87500,87500,87500,1
20160517,120000,87200,87200,87200,87200,1
20160519,130000,86500,86500,86500,86500,1
20160519,150000,84900,84940,84610,84750,8
20160519,160000,84850,84850,84850,84850,1
20160519,170000,84330,84330,84330,84330,1
20160520,130000,84100,84100,84100,84100,1
20160526,120000,87500,87500,87500,87500,1
20160527,130000,86510,86620,86500,86620,11
20160530,200000,87500,87500,87500,87500,1
20160531,170000,86550,86550,86550,86550,1
20160601,120000,85500,85500,85500,85500,1
20160606,120000,86500,86500,86500,86500,1
20160607,110000,87500,87500,87500,87500,2
20160607,140000,89000,89000,89000,89000,1
20160609,120000,91000,91000,91000,91000,1
20160609,130000,91000,91000,91000,91000,1
20160610,200000,88740,88740,88740,88740,1
20160614,100000,88000,89740,88000,89740,2
20160614,140000,86520,86520,86520,86520,1
20160614,150000,86500,86500,86500,86500,1
20160617,140000,87500,87500,87500,87500,1
20160617,170000,86280,86280,86280,86280,1
20160624,100000,87500,87500,84700,85150,3
20160628,210000,88000,88000,84000,87000,12
20160714,200000,94150,94550,94150,94550,4
20160715,100000,94260,94260,94260,94260,1
20160715,160000,94100,94100,94100,94100,3
20160715,210000,92500,92500,92500,92500,3
20160719,120000,94000,94000,94000,94000,5
20160719,140000,93950,93950,93950,93950,1
20160719,170000,94000,94000,92000,92000,7
20160725,150000,92000,92000,92000,92000,1
20160729,120000,89450,89450,89450,89450,3
20160729,190000,88400,88400,88400,88400,3
20160801,140000,90540,90540,90540,90540,1
20160802,130000,88950,89140,88950,89140,4
20160804,170000,89700,89700,89700,89700,2
20160804,190000,91050,91050,91050,91050,3
20160804,230000,90150,90150,90150,90150,3
20160815,110000,93390,93390,93390,93390,2
20160815,150000,92300,92300,92300,92300,1
20160816,110000,93230,93550,93230,93550,3
20160816,130000,94950,94950,90800,90800,10
20160823,100000,93090,93100,93090,93100,4
20160823,170000,93600,93600,93600,93600,1
20160823,180000,93600,93600,93600,93600,1
20160824,170000,92080,92080,92080,92080,1
20160825,140000,93090,93090,93090,93090,3
20160830,180000,92540,92540,92540,92540,1
20160901,170000,91500,91500,91500,91500,1
20160902,130000,92470,92470,92470,92470,1
20160902,150000,92800,92800,92800,92800,1
20160902,180000,94000,94000,94000,94000,1
20160907,100000,97740,97740,97740,97740,1
20160909,130000,96310,96310,96310,96310,1
20160912,190000,95620,95620,95620,95620,1
20160919,170000,94030,94030,94030,94030,1
20160920,120000,92630,92630,92630,92630,1
20160921,140000,94360,94360,94360,94360,1
20160921,170000,94500,94500,94500,94500,1
20160923,120000,96170,96170,96170,96170,1
20160923,130000,96360,96360,93670,93670,2
20160926,130000,93700,93700,93690,93690,2
20160926,140000,93940,93940,93890,93890,2
20160926,160000,95110,95110,95110,95110,1
20160929,230000,95730,95730,95730,95730,5
20160930,100000,95210,95210,95210,95210,5
20161003,180000,96570,97180,96570,97180,3
20161017,130000,94210,94210,94210,94210,1
20161017,140000,94600,94750,94600,94610,6
20161017,180000,94610,94610,94610,94610,1
20161101,180000,96200,96200,96200,96200,1
20161102,180000,94000,94000,94000,94000,1
20161110,130000,99000,99000,99000,99000,1
20161110,180000,97000,97000,97000,97000,1
20161111,130000,94860,94860,94860,94860,1
20161117,120000,95530,95530,95530,95530,1
20161117,130000,95940,95940,95940,95940,1
20161122,180000,98930,98930,98930,98930,1
20161123,170000,98000,98000,98000,98000,1
20161123,180000,98600,98600,98600,98600,1
20161124,180000,99700,99700,99700,99700,1
20161125,110000,99450,99450,99450,99450,1
20161125,180000,100000,100000,100000,100000,1
20161129,130000,98000,98000,98000,98000,1
20161130,180000,99790,99790,99790,99790,1
20161202,180000,102000,102000,102000,102000,1
20161206,140000,102690,102690,102690,102690,1
20161207,180000,103250,103250,103250,103250,1
20161207,210000,103900,103900,103900,103900,1
20161208,170000,104400,104400,98700,98700,22
20161208,180000,104530,105150,104530,105150,8
20161208,220000,106350,106390,106290,106290,8
20161208,230000,106390,106390,106390,106390,2
20161209,110000,106030,106030,106030,106030,1
20161209,170000,105650,106360,105650,106360,60
20161209,180000,106640,107200,106640,107200,4
20161212,160000,110270,110270,110270,110270,1
20161212,200000,110700,110700,110700,110700,1
20161212,230000,110450,110450,110450,110450,2
20161214,120000,111430,111430,111430,111430,1
20161214,130000,110900,110900,110900,110900,1
20161214,140000,111500,111500,111500,111500,1
20161215,140000,110070,110070,110070,110070,2
20161215,180000,110750,110750,110750,110750,1
20161216,130000,110000,110000,110000,110000,1
20161216,200000,109100,109100,109100,109100,1
20161220,180000,110750,110750,110750,110750,1
20161221,180000,110000,110000,110000,110000,1
20161222,180000,110000,110000,110000,110000,1
20161226,130000,110000,110000,110000,110000,1
20161228,180000,112000,112000,112000,112000,1
20170106,150000,114000,114000,114000,114000,1
20170117,110000,112630,112630,112630,112630,2
20170117,120000,112700,112700,112700,112700,1
20170118,100000,112400,112400,112400,112400,1
20170118,180000,112430,113000,112430,113000,5
20170126,160000,113130,113130,111940,111940,2
20170126,180000,113500,113500,113500,113500,1
20170127,120000,114290,114290,114290,114290,1
20170127,180000,116250,116250,116250,116250,1
20170130,100000,114960,114960,114960,114960,1
20170130,120000,114960,114960,114960,114960,5
20170130,150000,114390,114390,114390,114390,1
20170131,110000,113230,113230,113110,113110,5
20170131,130000,113740,113970,113740,113870,5
20170131,180000,114190,114200,113060,113060,8
20170131,190000,113290,113400,113290,113400,5
20170202,120000,114870,114900,113320,114640,162
20170203,100000,115470,117250,112700,112700,8
20170203,130000,115050,115220,115050,115220,2
20170203,160000,115470,115470,115220,115220,2
20170203,180000,116070,116070,116070,116070,1
20170207,180000,114890,114890,114890,114890,1
20170210,110000,113240,113240,113240,113240,2
20170210,120000,113350,113730,113350,113730,2
20170210,160000,113670,113670,113560,113560,3
20170214,180000,114440,114440,114440,114440,1
20170214,190000,114300,114300,114300,114300,1
20170214,210000,114500,114500,114500,114500,1
20170215,130000,115150,115150,115150,115150,1
20170215,210000,114700,114700,114700,114700,2
20170216,120000,113700,113700,113700,113700,2
20170216,180000,114000,115030,114000,115030,2
20170222,170000,111180,111180,111180,111180,1
20170227,180000,108600,108600,108600,108600,1
20170228,160000,107440,107440,107440,107440,1
20170301,100000,107870,107870,106240,107500,187
20170301,120000,107880,107880,107880,107880,2
20170301,130000,108200,108200,108200,108200,1
20170301,170000,108750,108750,108750,108750,4
20170303,160000,107150,107150,107150,107150,1
20170307,120000,106910,106910,106910,106910,1
20170307,160000,106500,106700,106500,106700,6
20170307,180000,107000,107300,107000,107300,2
20170309,100000,104010,104530,104000,104530,5
20170313,110000,103720,103720,102240,103500,136
20170313,120000,103690,103690,103690,103690,1
20170313,160000,104070,104070,103960,103960,2
20170314,100000,104920,104920,104920,104920,1
20170315,130000,104200,104200,104200,104200,1
20170317,100000,107320,107320,107320,107320,1
20170317,170000,107800,107960,107800,107960,2
20170317,180000,108000,108250,108000,108250,2
20170317,190000,108490,108690,108490,108690,6
20170320,180000,109750,109750,109750,109750,1
20170320,190000,109600,109600,109600,109600,1
20170321,140000,110500,110500,110500,110500,1
20170321,150000,109420,109420,109420,109420,1
20170321,230000,108600,108600,108600,108600,1
20170322,180000,108080,109000,108080,109000,2
20170323,120000,109470,109470,109470,109470,1
20170323,130000,109470,109470,109470,109470,1
20170323,170000,108800,108800,108800,108800,11
20170323,180000,108800,108800,108800,108800,3
20170324,130000,109500,109500,109500,109500,1
20170324,180000,109900,110000,109900,110000,2
20170327,110000,107850,107850,107850,107850,1
20170327,150000,107650,107650,107650,107650,1
20170328,130000,108140,108560,108140,108560,2
20170405,170000,112120,112680,112120,112680,2
20170405,230000,111530,111530,111530,111530,5
20170406,110000,111530,111530,111530,111530,1
20170406,120000,112110,113060,111470,111470,176
20170406,180000,112400,112400,112400,112400,1
20170407,180000,108360,108850,108360,108850,3
20170410,130000,106000,106000,106000,106000,1
20170411,160000,106000,106000,106000,106000,10
20170411,230000,106490,106490,106490,106490,1
20170412,120000,106070,106610,106070,106610,2
20170412,160000,105010,105010,105010,105010,1
20170414,180000,106380,106380,106380,106380,1
20170419,180000,104000,104000,104000,104000,1
20170424,180000,108690,108690,108690,108690,1
20170426,180000,109000,109000,109000,109000,1
20170428,180000,109000,109000,109000,109000,4
20170503,100000,107000,107000,107000,107000,1
20170504,130000,106250,106250,106250,106250,1
20170510,180000,108020,108850,108020,108850,5
20170511,140000,108070,108550,106910,107310,137
20170511,160000,107000,107000,107000,107000,2
20170511,180000,107280,107990,107280,107990,9
20170511,190000,107210,107210,107210,107210,1
20170512,100000,106920,106920,106920,106920,1
20170512,110000,106000,106000,106000,106000,1
20170512,180000,106730,106730,106730,106730,1
20170515,180000,108300,109300,108300,109300,6
20170515,230000,108500,108500,108500,108500,1
20170516,100000,108600,108600,108600,108600,2
20170516,150000,108300,108300,108300,108300,7
20170516,170000,108300,108300,108300,108300,3
20170518,150000,104100,104100,104100,104100,12
20170518,190000,105110,107320,105110,107320,7
20170519,110000,105350,105350,105350,105350,2
20170519,230000,104370,104370,104260,104260,2
20170523,180000,107000,107000,107000,107000,1
20170525,110000,105990,105990,105990,105990,2
20170525,190000,104750,104750,104750,104750,2
20170525,210000,104600,104600,104600,104600,1
20170525,220000,104340,104340,104340,104340,1
20170526,150000,103970,103970,103970,103970,2
20170529,180000,107000,107000,107000,107000,1
20170530,110000,104650,104650,104650,104650,1
20170530,120000,104210,104210,104210,104210,1
20170530,150000,104250,104250,104200,104230,6
20170530,160000,104100,104100,104000,104000,10
20170531,110000,103060,103060,103060,103060,5
20170531,140000,102630,102630,102630,102630,1
20170531,170000,101700,101700,101700,101700,2
20170531,230000,102450,102450,102450,102450,1
20170601,100000,102060,102060,102060,102060,1
20170601,110000,101570,101570,101570,101570,3
20170601,170000,100300,100500,100300,100500,11
20170601,180000,100710,103420,100710,100720,7
20170601,210000,100890,100890,100890,100890,3
20170602,110000,99700,99960,99700,99960,7
20170605,120000,101350,101400,101320,101350,128
20170606,130000,100560,100560,100560,100560,1
20170607,130000,101050,101060,101000,101060,30
20170607,210000,99750,99760,99490,99760,3
20170608,180000,100000,100000,100000,100000,2
20170614,170000,99330,99330,99330,99330,1
20170614,220000,97440,97440,96830,96830,2
20170615,100000,95590,95590,95590,95590,1
20170615,130000,95130,95130,95000,95000,14
20170615,150000,94500,95550,94500,95550,3
20170615,160000,95260,95260,95260,95260,1
20170615,180000,96320,96340,96320,96340,2
20170615,210000,96650,96650,96650,96650,1
20170615,220000,96630,96630,96630,96630,3
20170616,110000,96860,96860,96860,96860,1
20170616,120000,96990,96990,96990,96990,2
20170616,130000,96950,96950,96950,96950,1
20170620,100000,97550,97550,97550,97550,1
20170620,160000,95560,95560,95560,95560,1
20170621,140000,94900,94900,94900,94900,1
20170621,190000,93890,94120,93790,94120,3
20170621,200000,93340,93340,92860,92860,2
20170622,100000,93510,93510,93510,93510,1
20170622,120000,94710,94710,94680,94680,4
20170622,130000,94740,94740,94740,94740,2
20170622,140000,95100,95100,95100,95100,2
20170622,160000,95000,95000,95000,95000,1
20170622,200000,95330,95330,95330,95330,1
20170623,100000,94990,95040,94990,95040,18
20170623,140000,95960,96210,95960,96210,2
20170623,150000,96050,96050,96050,96050,1
20170626,100000,97310,97470,97260,97260,21
20170626,110000,96920,96920,96920,96920,3
20170626,200000,96810,96810,96810,96810,3
20170627,100000,96460,96460,96460,96460,27
20170627,110000,96460,96460,96460,96460,12
20170627,140000,97490,97490,97490,97490,1
20170628,140000,96850,96850,96850,96850,1
20170629,140000,98440,98440,98440,98440,1
20170630,180000,97570,97570,97570,97570,5
20170703,160000,97920,97920,97920,97920,1
20170703,180000,98330,98330,98330,98330,1
20170703,220000,98740,98740,98740,98740,1
20170704,100000,98420,98420,98420,98420,4
20170704,130000,98750,98750,98750,98750,1
20170704,190000,99360,99360,99360,99360,2
20170705,110000,98250,98250,98250,98250,1
20170705,180000,98020,98550,98020,98550,2
20170707,160000,97900,97900,97900,97900,1
20170707,170000,97420,97420,97420,97420,4
20170710,180000,99030,99030,99030,99030,1
20170711,100000,98300,98300,98300,98300,1
20170711,180000,98380,98380,98380,98380,2
20170712,180000,100750,100750,100750,100750,1
20170712,190000,101070,101220,101070,101220,2
20170713,110000,100710,100710,100710,100710,5
20170713,120000,100980,101400,100980,101300,46
20170713,130000,101100,101400,101100,101300,32
20170713,140000,100940,100940,100940,100940,2
20170713,180000,101010,101010,101010,101010,7
20170713,230000,101600,101600,101200,101230,6
20170714,110000,101900,101900,101900,101900,1
20170714,140000,102440,102440,102440,102440,2
20170714,180000,103090,103090,103090,103090,1
20170714,190000,103350,103350,103350,103350,2
20170717,100000,103580,103580,103580,103580,1
20170717,120000,102760,102760,102300,102300,31
20170717,230000,102400,102400,102400,102400,1
20170718,100000,102000,102440,102000,102440,13
20170718,120000,103160,103160,103160,103160,2
20170718,170000,102100,102100,102100,102100,4
20170719,150000,103000,103000,103000,103000,2
20170719,170000,103240,103240,103240,103240,10
20170720,100000,104940,104940,103870,103870,2
20170720,120000,103460,103500,103460,103500,10
20170721,100000,103200,103210,103100,103210,79
20170721,110000,103180,103180,103130,103130,16
20170721,130000,103340,103340,103340,103340,7
20170721,140000,103320,103320,103320,103320,3
20170721,170000,102660,102660,102660,102660,7
20170724,100000,101340,101340,101340,101340,1
20170725,150000,100460,100460,100460,100460,1
20170725,180000,101090,101500,101090,101500,4
20170726,180000,101940,101940,101940,101940,1
20170726,190000,101590,101590,101590,101590,1
20170726,210000,102210,102210,102210,102210,1
20170727,100000,102550,102550,102550,102550,8
20170727,200000,102160,102160,102160,102160,3
20170728,120000,101500,101500,101430,101430,11
20170728,150000,100900,100900,100900,100900,1
20170802,230000,101700,102100,101700,102100,2
20170804,100000,101780,101780,101780,101780,3
20170804,180000,102630,102630,102280,102280,3
20170807,100000,102470,102470,102470,102470,10
20170807,110000,102470,102470,102470,102470,10
20170807,230000,102700,103200,102700,103200,2
20170808,130000,103920,103920,103920,103920,1
20170808,140000,103920,103920,103920,103920,1
20170808,180000,104580,104580,104580,104580,1
20170809,100000,103720,103720,103720,103720,1
20170809,110000,103700,103700,103700,103700,10
20170809,160000,103180,103180,103170,103170,3
20170809,180000,103190,103190,103190,103190,2
20170809,200000,103540,103570,103540,103570,2
20170811,160000,101500,101890,101500,101890,2
20170811,200000,102300,102630,102030,102030,8
20170814,170000,102990,102990,102990,102990,1
20170816,170000,103200,103200,103200,103200,1
20170821,180000,103000,103000,103000,103000,1
20170822,100000,102870,102910,102870,102910,22
20170822,120000,103050,103050,103050,103050,1
20170823,160000,103050,103050,103050,103050,1
20170823,170000,103160,103160,103160,103160,1
20170823,180000,103550,103550,103550,103550,1
20170824,230000,104120,104570,104120,104560,4
20170825,170000,105110,105110,105110,105110,10
20170825,180000,105430,105450,105430,105450,10
20170825,200000,105500,105500,105500,105500,2
20170825,230000,105460,105820,105460,105800,14
20170828,100000,105450,105450,105450,105450,1
20170828,140000,106000,106310,106000,106310,2
20170829,190000,107040,107040,107040,107040,1
20170830,100000,106300,106300,106300,106300,1
20170830,120000,106100,106100,106100,106100,10
20170830,130000,106470,106470,106470,106470,6
20170830,190000,107870,107870,107870,107870,3
20170831,100000,107400,107400,107400,107400,1
20170831,110000,108000,108000,108000,108000,10
20170831,140000,109050,109110,109050,109110,4
20170831,230000,108540,108990,108540,108970,8
20170901,100000,109250,109250,109250,109250,2
20170901,140000,109670,109670,109670,109670,1
20170901,190000,109830,109840,109830,109840,2
20170901,230000,110240,110240,109700,110070,13
20170904,100000,109540,109540,109540,109540,58
20170904,150000,108010,108500,108010,108350,28
20170904,160000,108500,108500,108500,108500,8
20170904,180000,108520,108520,108520,108520,20
20170904,190000,109000,109000,108980,108980,37
20170905,100000,108870,109070,108870,109070,3
20170905,110000,109050,109050,109050,109050,28
20170905,120000,108420,108420,108420,108420,15
20170905,130000,108330,108330,108300,108300,30
20170905,140000,108400,108400,108400,108400,60
20170905,150000,108400,108400,108400,108400,3
20170905,160000,108630,108630,108630,108630,60
20170905,170000,109490,109490,109490,109490,35
20170905,180000,109490,109500,109490,109500,57
20170905,190000,109500,109500,109150,109150,62
20170905,200000,108410,108470,108410,108470,58
20170905,210000,109160,109160,109160,109160,35
20170905,230000,109040,109200,109040,109200,5
20170906,150000,108910,108980,108910,108980,42
20170906,160000,109510,109510,109490,109490,65
20170906,170000,109460,109650,109370,109650,73
20170906,190000,110400,110400,110400,110400,40
20170906,200000,110400,110460,110020,110460,152
20170906,210000,110090,110090,110060,110080,100
20170907,100000,110490,110600,110490,110600,121
20170907,140000,110840,111520,110840,111500,176
20170907,150000,111490,111490,111490,111490,113
20170907,170000,111490,111490,111490,111490,110
20170907,180000,110940,110940,110940,110940,235
20170907,190000,110940,110940,110940,110940,68
20170907,210000,111000,111500,111000,111500,2
20170907,220000,111040,111040,111040,111040,60
20170908,100000,111490,111490,111430,111430,142
20170908,140000,111100,111100,110880,110880,140
20170908,160000,111500,112050,111500,112050,149
20170908,170000,111130,111130,110750,110750,160
20170908,190000,110950,110950,110950,110950,173
20170911,100000,110950,111380,110950,111380,162
20170911,110000,111650,111650,111650,111650,147
20170911,140000,111700,112130,111700,111720,132
20170911,150000,111890,111890,111890,111890,1
20170911,180000,111990,111990,111990,111990,100
20170911,190000,112000,112550,111950,112550,318
20170911,200000,112490,112490,112490,112490,1
20170911,230000,112380,112380,112380,112380,6
20170912,100000,112060,112200,112000,112000,297
20170912,110000,111840,111960,111840,111930,213
20170912,190000,111820,111820,111820,111820,121
20170912,210000,111720,111720,111720,111720,125
20170913,100000,111980,112120,111980,112120,39
20170913,110000,112210,112210,112210,112210,1
20170913,120000,112290,112290,112250,112250,3
20170913,130000,112080,112080,112080,112080,1
20170913,160000,112150,112200,112150,112200,89
20170913,170000,112000,112000,111840,111850,99
20170913,180000,111930,111930,111400,111400,5
20170913,210000,111470,111520,111470,111520,90
20170913,220000,111390,111390,111390,111390,1
20170914,100000,111460,111460,111350,111350,63
20170914,110000,110970,111230,110970,111230,14
20170914,120000,110830,110830,110210,110210,6
20170914,150000,110890,110890,110890,110890,1
20170914,170000,111130,111580,111130,111580,108
20170914,180000,111950,112000,111950,112000,38
20170915,100000,112210,112210,111970,112050,154
20170915,110000,111320,111540,111320,111540,76
20170915,130000,111430,111430,111430,111430,1
20170915,140000,111460,111460,111460,111460,1
20170915,150000,111590,111590,111590,111590,47
20170915,160000,111720,112020,111720,112020,150
20170915,170000,111640,111640,111640,111640,50
20170915,180000,111550,111630,111550,111630,2
20170915,200000,111310,111310,111310,111310,2
20170915,210000,111750,111750,111750,111750,32
20170918,110000,112290,112300,112290,112300,95
20170918,130000,112000,112000,112000,112000,1
20170918,150000,111640,111640,111640,111640,1
20170918,190000,111030,111030,111030,111030,35
20170918,210000,111060,111060,111060,111060,1
20170919,100000,110930,110930,110930,110930,54
20170919,110000,110610,110710,110530,110710,4
20170919,120000,110650,110650,110650,110650,1
20170919,150000,111310,111430,111070,111430,12
20170919,170000,110530,110800,110410,110540,36
20170919,190000,110360,110570,110360,110500,56
20170919,210000,110650,110650,110650,110650,1
20170919,230000,110680,110680,110680,110680,1
20170920,100000,111970,111970,110440,110760,12
20170920,110000,110790,110850,110470,110800,5
20170920,120000,110810,110950,110640,110640,4
20170920,140000,111240,111340,111050,111340,5
20170920,150000,111240,111240,110920,110920,24
20170920,160000,111370,111370,111250,111250,3
20170920,170000,111490,111490,111490,111490,1
20170920,180000,111690,111850,111690,111850,6
20170920,190000,111770,111770,111600,111760,4
20170920,200000,111550,111660,111550,111660,3
20170920,210000,111170,111170,111000,111060,5
20170920,220000,111250,111250,111250,111250,1
20170921,110000,111260,111260,111260,111260,1
20170921,120000,111500,111700,111500,111700,5
20170921,130000,111550,111550,111550,111550,1
20170921,140000,111510,111510,111450,111450,4
20170921,160000,111640,111640,111460,111520,5
20170921,170000,111700,111700,111540,111540,19
20170921,180000,111570,111850,111540,111540,16
20170921,190000,111620,111620,111620,111620,1
20170921,220000,111740,111740,111730,111730,3
20170922,100000,111600,111900,111500,111900,9
20170922,110000,111850,111850,111800,111800,2
20170922,120000,111910,112000,111910,112000,10
20170922,130000,111850,111850,111850,111850,1
20170922,140000,111850,112000,111840,112000,3
20170922,150000,111940,111940,111940,111940,1
20170922,160000,111910,111910,111850,111850,3
20170922,180000,111930,112250,111700,111710,12
20170922,200000,111450,111450,111290,111290,2
20170922,210000,111550,111690,111550,111690,15
20170922,220000,111640,111640,111590,111590,2
20170922,230000,111540,111660,111500,111560,9
20170925,100000,111910,112130,111910,112130,4
20170925,110000,112000,112320,112000,112300,11
20170925,120000,112270,112400,112270,112340,6
20170925,130000,112400,112520,112400,112520,6
20170925,140000,112640,112750,112640,112750,2
20170925,150000,112750,112750,112750,112750,1
20170925,160000,112660,113090,112660,113090,14
20170925,170000,113110,113110,112850,112850,5
20170925,180000,112720,112900,112720,112900,2
20170925,190000,112540,112580,112410,112560,5
20170925,200000,112690,112690,112690,112690,1
20170925,220000,113000,113120,113000,113100,3
20170925,230000,113150,113160,113030,113030,11
20170926,100000,113190,113730,113150,113700,23
20170926,110000,113800,113980,113800,113810,11
20170926,120000,113800,113800,113800,113800,1
20170926,130000,113740,113740,113740,113740,1
20170926,140000,113740,113740,113550,113580,10
20170926,150000,113580,113580,113500,113500,2
20170926,160000,113450,113560,113400,113460,13
20170926,170000,113490,113490,112830,112880,13
20170926,180000,112720,112800,112580,112800,19
20170926,190000,112710,112710,111970,112200,48
20170926,200000,112270,112590,112270,112590,43
20170926,210000,112390,112700,112390,112630,14
20170926,220000,112630,112720,112610,112700,5
20170926,230000,112660,112660,112660,112660,1
20170927,100000,112490,112680,112200,112230,34
20170927,110000,112170,112360,112000,112000,33
20170927,120000,111850,111960,111850,111910,5
20170927,130000,112250,112250,112250,112250,1
20170927,140000,112290,112470,112290,112470,16
20170927,160000,112380,112380,112180,112180,2
20170927,170000,112350,112400,112000,112170,20
20170927,180000,112200,112370,112100,112240,14
20170927,190000,112130,112260,112070,112150,6
20170927,200000,112360,112370,112130,112130,8
20170927,210000,112350,112350,112350,112350,1
20170927,220000,112400,112400,112230,112230,11
20170927,230000,112200,112200,112010,112010,3
20170928,100000,111950,111950,111420,111730,13
20170928,110000,111740,112440,111730,112410,17
20170928,120000,112390,112390,112390,112390,1
20170928,130000,112420,112450,112420,112450,2
20170928,140000,112390,112390,112390,112390,2
20170928,150000,112540,112540,112540,112540,2
20170928,160000,112700,112890,112630,112890,5
20170928,170000,112590,112590,112510,112510,2
20170928,180000,112390,112390,112050,112050,21
20170928,190000,111880,111980,111800,111880,12
20170928,200000,112060,112080,112060,112080,2
20170928,210000,112110,112110,112100,112100,4
20170928,220000,112150,112150,112040,112040,2
20170928,230000,112210,112250,112210,112250,2
20170929,100000,112130,112350,111940,112350,125
20170929,110000,112400,112530,112390,112530,230
20170929,120000,112700,112710,112550,112650,215
20170929,130000,112640,112780,112640,112780,38
20170929,140000,112530,112650,112510,112520,41
20170929,150000,112560,113100,112560,113100,16
20170929,160000,113090,113120,112960,113040,108
20170929,170000,113040,113390,113040,113190,12
20170929,180000,113200,113400,113180,113400,8
20170929,190000,113220,113220,113100,113120,3
20170929,200000,113280,113280,113130,113130,2
20170929,210000,113200,113260,113200,113260,8
20171002,100000,113210,113210,113000,113140,18
20171002,110000,112980,113040,112980,113040,3
20171002,120000,113190,113190,113130,113130,6
20171002,130000,113000,113040,112870,112960,13
20171002,140000,112850,112850,112670,112670,8
20171002,150000,112850,112850,112680,112750,10
20171002,160000,112820,112820,112820,112820,1
20171002,170000,112750,112820,112490,112490,6
20171002,180000,112580,112720,112540,112680,7
20171002,190000,112700,112700,112670,112670,20
20171002,210000,112660,112900,112600,112900,6
20171002,220000,112680,112680,112670,112670,2
20171003,100000,112630,113080,112630,113080,6
20171003,110000,112940,112940,112920,112920,2
20171003,120000,112820,112820,112760,112760,2
20171003,130000,112700,112700,112700,112700,1
20171003,140000,112720,112740,112700,112740,12
20171003,150000,112760,112760,112260,112260,15
20171003,160000,112460,112980,112460,112980,11
20171003,170000,113040,113150,112900,112940,23
20171003,180000,112830,112830,112640,112690,21
20171003,190000,112680,112750,112680,112750,4
20171003,210000,112800,112800,112800,112800,1
20171003,220000,112860,112860,112860,112860,1
20171004,100000,112890,113000,112820,112850,21
20171004,110000,112720,112720,112600,112600,2
20171004,130000,112950,112970,112950,112970,2
20171004,140000,113260,113260,113140,113240,17
20171004,150000,113390,113500,113390,113450,22
20171004,160000,113400,113400,113400,113400,1
20171004,170000,113200,113460,113050,113350,46
20171004,180000,113400,113400,113360,113360,22
20171004,190000,113250,113250,113250,113250,1
20171004,200000,113230,113320,113230,113320,9
20171004,210000,113260,113260,113260,113260,1
20171004,230000,113200,113320,113200,113290,4
20171005,100000,113360,113430,113240,113240,10
20171005,110000,113150,113470,113150,113470,2
20171005,120000,113580,113750,113520,113520,14
20171005,130000,113470,113470,113420,113420,7
20171005,140000,113380,113380,113330,113340,5
20171005,150000,113520,113520,113500,113500,6
20171005,160000,113660,113900,113660,113900,9
20171005,170000,113880,114220,113830,114160,43
20171005,180000,114070,114160,114070,114100,3
20171005,190000,114280,114410,114280,114410,5
20171005,200000,114140,114140,114140,114140,3
20171005,210000,114090,114090,114090,114090,1
20171005,220000,114140,114140,114040,114120,5
20171005,230000,114060,114060,113990,114010,8
20171006,100000,114210,114350,114100,114300,20
20171006,110000,114500,114500,114270,114270,21
20171006,120000,114240,114240,114240,114240,1
20171006,130000,114380,114500,114380,114500,6
20171006,140000,114430,114460,114250,114250,43
20171006,150000,114150,114200,113880,113910,12
20171006,160000,113820,113880,113360,113360,20
20171006,170000,113170,113540,113170,113210,39
20171006,180000,113260,113270,113200,113230,60
20171006,190000,113320,113320,113180,113250,16
20171009,100000,113120,113460,112880,112880,34
20171009,110000,112750,112750,112510,112690,67
20171009,120000,112650,112700,112490,112700,46
20171009,130000,112650,112810,112640,112720,54
20171009,140000,112850,112890,112810,112830,7
20171009,150000,112760,112760,112700,112700,2
20171009,160000,112800,112800,112610,112610,2
20171009,170000,112630,112780,112630,112780,12
20171009,180000,112870,113030,112870,113030,11
20171009,190000,113110,113190,112970,112970,24
20171009,200000,112940,112990,112940,112990,11
20171009,210000,112930,112930,112840,112840,2
20171009,220000,112710,112800,112710,112800,3
20171010,100000,113000,113280,113000,113280,11
20171010,110000,113180,113180,113000,113000,3
20171010,120000,113350,113350,113300,113300,3
20171010,130000,113210,113210,113180,113180,20
20171010,140000,113260,113380,113250,113380,3
20171010,150000,113380,113500,113380,113500,9
20171010,160000,113530,113750,113530,113730,4
20171010,170000,113430,113430,113200,113200,6
20171010,180000,113300,113430,113300,113360,5
20171010,190000,113220,113220,113220,113220,1
20171010,200000,113450,113450,113450,113450,1
20171010,210000,113350,113350,113350,113350,1
20171010,230000,113480,113480,113480,113480,1
20171011,100000,113520,113840,113340,113840,15
20171011,110000,113990,114100,113900,114100,21
20171011,130000,114060,114250,114050,114250,11
20171011,140000,114100,114100,114050,114070,3
20171011,150000,114100,114260,114100,114150,4
20171011,160000,114140,114140,114060,114060,11
20171011,170000,114060,114310,114050,114250,25
20171011,180000,114170,114170,113940,114060,18
20171011,190000,114010,114010,114010,114010,1
20171011,200000,114070,114070,114070,114070,1
20171011,210000,114150,114150,114150,114150,1
20171011,220000,114300,114370,114210,114370,8
20171011,230000,114150,114150,114150,114150,1
20171012,100000,114300,114540,114200,114400,61
20171012,110000,114370,114410,114360,114370,4
20171012,120000,114380,114530,114380,114530,3
20171012,130000,114280,114280,114200,114200,3
20171012,140000,114200,114200,114200,114200,1
20171012,150000,114240,114350,114170,114290,18
20171012,160000,114070,114090,113920,113920,7
20171012,180000,114120,114320,114010,114230,63
20171012,190000,114380,114520,114070,114070,26
20171012,200000,114290,114300,114240,114240,3
20171012,210000,114320,114320,114230,114230,3
20171012,230000,114110,114110,114110,114110,1
20171013,100000,114170,114520,114170,114510,78
20171013,110000,114560,114760,114560,114730,12
20171013,120000,114710,114780,114700,114700,4
20171013,130000,114700,114760,114660,114670,6
20171013,140000,114700,114840,114690,114840,8
20171013,150000,114910,115240,114810,115240,135
20171013,160000,115220,115310,115220,115240,28
20171013,170000,115270,115320,115120,115200,10
20171013,180000,115250,115430,115250,115300,24
20171013,190000,115400,115400,115280,115280,14
20171013,220000,115180,115180,115180,115180,1
20171013,230000,115130,115130,115120,115120,3
20171016,100000,115560,115860,115560,115850,6
20171016,110000,115630,115680,115500,115590,22
20171016,120000,115400,115670,115400,115670,15
20171016,130000,115680,115720,115680,115720,2
20171016,140000,115700,115880,115680,115840,30
20171016,150000,115860,115860,115860,115860,2
20171016,160000,115650,115780,115530,115580,9
20171016,170000,115460,115530,115400,115530,4
20171016,180000,115630,115730,115630,115730,4
20171016,190000,115530,115530,115530,115530,1
20171016,200000,115560,115560,115520,115530,11
20171016,230000,115600,115600,115600,115600,2
20171017,100000,115330,115350,115110,115110,10
20171017,110000,115280,115280,115080,115190,39
20171017,120000,115010,115010,115010,115010,2
20171017,130000,114900,115090,114900,115060,7
20171017,140000,114940,115180,114940,115180,8
20171017,150000,115150,115270,115010,115010,16
20171017,160000,114790,114900,114630,114670,9
20171017,170000,114530,114530,114230,114230,81
20171017,180000,114410,114500,114330,114330,8
20171017,190000,114340,114440,114250,114440,16
20171017,200000,114320,114510,114320,114510,4
20171017,210000,114540,114680,114530,114680,35
20171017,220000,114700,114740,114650,114650,3
20171017,230000,114760,114800,114760,114800,11
20171018,100000,114940,115160,114850,114900,16
20171018,120000,114620,114760,114620,114760,3
20171018,130000,114550,114650,114500,114640,15
20171018,140000,114910,114950,114910,114950,2
20171018,160000,115010,115070,115010,115070,2
20171018,170000,115050,115320,115010,115280,32
20171018,180000,115190,115190,114810,114810,44
20171018,190000,114950,114950,114950,114950,1
20171018,200000,114920,114920,114830,114830,2
20171018,220000,114990,114990,114900,114900,2
20171019,100000,114870,114970,114030,114130,123
20171019,110000,114000,114000,113520,113760,337
20171019,120000,113760,113820,113650,113820,655
20171019,130000,113780,113830,113780,113830,13
20171019,140000,113660,113700,113610,113610,17
20171019,150000,113720,113720,113490,113700,12
20171019,160000,113860,113860,113600,113660,22
20171019,170000,113770,113940,113640,113940,14
20171019,180000,113990,114000,113800,113920,56
20171019,190000,113700,113700,113700,113700,1
20171019,200000,113800,113800,113800,113800,1
20171019,210000,113790,113800,113790,113800,6
20171019,220000,113690,113690,113690,113690,1
20171020,100000,113940,114210,113600,113700,52
20171020,110000,113720,113720,113470,113470,5
20171020,120000,113300,113510,113300,113440,12
20171020,130000,113450,113700,113450,113700,26
20171020,140000,113630,113630,113630,113630,1
20171020,150000,113700,113700,113630,113630,2
20171020,160000,113530,113530,113180,113180,6
20171020,170000,113290,113750,113290,113750,17
20171020,180000,113680,113680,113600,113680,17
20171020,190000,113590,113700,113420,113630,21
20171020,200000,113710,113710,113650,113650,9
20171020,210000,113730,113730,113730,113730,7
20171023,100000,113960,113960,113590,113640,26
20171023,110000,113500,113500,113500,113500,5
20171023,120000,113110,113190,113100,113110,7
20171023,140000,113350,113350,113350,113350,1
20171023,160000,113200,113200,113200,113200,10
20171023,170000,113300,113450,113200,113350,49
20171023,180000,113280,113330,113260,113290,61
20171023,190000,113160,113310,113160,113260,7
20171023,210000,113140,113140,113140,113140,1
20171023,230000,113080,113080,113080,113080,1
20171024,100000,113000,113000,112870,112870,9
20171024,110000,112910,112950,112730,112940,24
20171024,120000,112920,112950,112900,112950,22
20171024,130000,113290,113360,113290,113340,20
20171024,140000,113180,113180,113180,113180,1
20171024,150000,113190,113190,113000,113000,4
20171024,160000,112990,113000,112900,112900,5
20171024,170000,112900,112900,112740,112740,25
20171024,180000,113000,113210,113000,113210,7
20171024,190000,113100,113280,113060,113220,7
20171024,200000,113290,113290,113290,113290,1
20171024,220000,113410,113510,113410,113510,18
20171024,230000,113340,113340,113340,113340,1
20171025,100000,113220,113350,113160,113350,28
20171025,110000,113160,113380,112980,112980,568
20171025,120000,112960,113100,112960,113100,2
20171025,130000,113100,113100,113100,113100,2
20171025,140000,113180,113180,112960,112960,15
20171025,150000,113000,113000,112900,112900,15
20171025,160000,112950,113050,112950,113050,15
20171025,170000,112940,113000,112600,112600,47
20171025,180000,112600,112600,112120,112230,133
20171025,190000,112030,112790,111910,112110,31
20171025,200000,112050,112060,112050,112060,31
20171025,210000,112060,112110,112060,112110,41
20171025,220000,112060,112060,112060,112060,32
20171025,230000,112190,112240,111960,111960,9
20171026,100000,112140,112220,111500,111530,164
20171026,110000,111580,111810,111560,111810,27
20171026,120000,111730,111870,111730,111870,16
20171026,130000,111750,111870,111750,111870,9
20171026,140000,111810,111850,111810,111850,7
20171026,150000,111910,112070,111900,112070,16
20171026,160000,112120,112170,111950,112040,26
20171026,170000,111900,112070,111900,111920,23
20171026,180000,112020,112280,111990,112280,18
20171026,190000,112100,112100,112100,112100,1
20171026,200000,112050,112190,112050,112190,9
20171026,210000,112240,112240,112240,112240,2
20171026,220000,112400,112400,112300,112300,3
20171026,230000,112300,112300,112300,112300,2
20171027,100000,112010,112010,111900,111900,121
20171027,110000,111860,111890,111760,111800,212
20171027,120000,111890,111890,111800,111840,6
20171027,130000,111760,111760,111500,111520,6
20171027,140000,111400,111420,111300,111300,16
20171027,150000,111350,111350,111050,111330,29
20171027,160000,111510,111530,111000,111300,76
20171027,170000,111500,112290,111500,112290,27
20171027,180000,112230,112470,112160,112430,93
20171027,190000,112500,112580,112340,112580,20
20171027,200000,112450,112450,112450,112450,1
20171027,210000,112520,112520,112520,112520,1
20171027,220000,112720,112750,112720,112750,2
20171027,230000,112610,112610,112500,112580,3
20171030,100000,112730,113110,112730,113110,29
20171030,110000,113190,113500,113190,113360,24
20171030,120000,113470,113690,113390,113390,46
20171030,130000,113460,113510,113450,113490,21
20171030,140000,113590,113610,113550,113570,45
20171030,150000,113580,113580,113420,113480,250
20171030,160000,113480,113570,113440,113560,7
20171030,170000,113400,113430,113210,113210,22
20171030,180000,113080,113090,112960,112960,11
20171030,190000,112920,113100,112650,113040,82
20171030,200000,112980,113120,112900,112900,29
20171030,210000,113000,113140,113000,113140,8
20171030,230000,112970,112970,112850,112850,31
20171031,100000,112680,112850,112360,112540,29
20171031,110000,112600,112950,112600,112710,50
20171031,130000,112500,112500,112350,112350,11
20171031,140000,112300,112400,112300,112390,39
20171031,150000,112180,112370,112110,112110,36
20171031,160000,112030,112080,111800,111910,81
20171031,170000,111910,111910,111720,111720,12
20171031,180000,111750,111900,111690,111690,18
20171031,190000,111970,112080,111900,111990,8
20171031,200000,112000,112000,112000,112000,20
20171031,210000,111940,112040,111940,112040,5
20171031,220000,111970,111970,111750,111750,9
20171031,230000,111750,111900,111750,111860,7
20171101,100000,111990,112750,111990,112640,84
20171101,110000,112860,112900,112810,112820,47
20171101,120000,112690,112910,112470,112910,94
20171101,130000,112980,113020,112930,113020,29
20171101,140000,113060,113120,113060,113120,9
20171101,150000,113190,113300,113120,113120,7
20171101,160000,113300,113330,113200,113310,5
20171101,170000,113300,113300,112770,112770,37
20171101,180000,112740,112820,112500,112520,59
20171101,190000,112740,112740,112740,112740,1
20171101,200000,112520,112520,112400,112400,103
20171101,210000,112500,112500,112290,112410,6
20171101,220000,112310,112310,112310,112310,1
20171102,100000,112340,112710,112340,112710,39
20171102,110000,112540,112540,112320,112490,7
20171102,140000,112310,112310,111840,111840,69
20171102,150000,111950,111950,111780,111780,58
20171102,160000,111950,112150,111950,112150,13
20171102,170000,112080,112150,111950,112150,54
20171102,180000,112250,112250,112000,112050,21
20171102,190000,112150,112150,112000,112000,4
20171102,220000,112350,112500,112350,112500,3
20171103,100000,112830,112860,112300,112480,33
20171103,110000,112550,113160,112540,113160,16
20171103,120000,113200,113300,112950,112950,13
20171103,130000,112810,112810,112390,112460,10
20171103,140000,112390,112990,112200,112400,23
20171103,150000,112490,112550,112490,112550,4
20171103,160000,112520,112520,112060,112060,14
20171103,170000,112170,112170,111180,111180,101
20171103,180000,111300,111470,111300,111470,11
20171103,190000,111500,111550,111360,111550,55
20171103,200000,111690,111700,111580,111700,5
20171103,210000,111780,112000,111780,112000,4
20171103,220000,112100,112100,111930,111930,4
20171103,230000,111900,111900,111900,111900,1
20171107,100000,111900,114300,111900,114030,112
20171107,110000,114140,114550,114090,114090,89
20171107,120000,114350,114350,114000,114010,21
20171107,130000,114110,114110,113980,113980,11
20171107,140000,114500,115110,114400,114750,36
20171107,150000,114830,115100,114830,115100,26
20171107,160000,115100,115350,115080,115080,42
20171107,170000,115120,115170,114720,114750,37
20171107,180000,114630,114630,114480,114610,26
20171107,190000,114430,114450,114170,114210,23
20171107,200000,114150,114310,114150,114310,3
20171107,210000,114410,114430,114410,114430,2
20171107,220000,114100,114280,114100,114280,5
20171107,230000,114310,114310,114240,114290,5
20171108,100000,114060,115220,113840,115220,112
20171108,110000,115240,115600,115230,115520,157
20171108,120000,115450,115600,115410,115440,29
20171108,130000,115440,115630,115440,115560,28
20171108,140000,115520,115520,115230,115230,17
20171108,150000,115100,115350,115070,115200,10
20171108,160000,115320,115580,115320,115580,15
20171108,170000,115580,115680,115240,115240,35
20171108,180000,115360,115480,115250,115480,6
20171108,190000,115500,115710,115380,115380,84
20171108,200000,115480,115950,115400,115730,39
20171108,230000,115400,115400,115400,115400,3
20171109,100000,115370,115450,114850,114900,48
20171109,110000,114950,115240,114950,114980,19
20171109,120000,115000,115100,114950,115010,5
20171109,130000,114850,114850,114840,114840,6
20171109,140000,115010,115360,115010,115350,23
20171109,150000,115330,115330,114940,114940,30
20171109,160000,114900,115000,114800,114980,18
20171109,170000,115120,115730,115120,115480,36
20171109,180000,115670,116000,115670,115930,29
20171109,190000,115850,116110,115560,115850,16
20171109,200000,115530,115550,115450,115550,3
20171109,210000,115650,115650,115650,115650,1
20171109,230000,115660,115770,115660,115770,2
20171110,100000,115710,116140,115530,115850,27
20171110,110000,116270,116370,115960,116030,46
20171110,120000,115820,115840,115660,115840,22
20171110,130000,115600,115800,115500,115800,31
20171110,140000,115700,115840,115620,115840,20
20171110,150000,115840,116000,115840,116000,12
20171110,160000,116070,116070,115700,115700,5
20171110,170000,115860,115860,115800,115800,4
20171110,180000,115800,116110,115800,116110,23
20171110,190000,115950,115950,115950,115950,1
20171110,200000,115700,115770,115680,115680,3
20171110,210000,115570,115720,115570,115720,10
20171110,230000,115800,115800,115800,115800,1
20171113,100000,115750,116830,115550,116620,68
20171113,110000,116650,116650,116050,116200,67
20171113,120000,116230,116230,115630,115630,64
20171113,130000,115720,115720,115260,115400,70
20171113,140000,115330,115390,115330,115390,2
20171113,150000,115630,115630,115040,115040,89
20171113,160000,115000,115200,115000,115200,3
20171113,170000,115240,115330,115240,115330,30
20171113,180000,115190,115290,115190,115290,3
20171113,190000,115380,115380,114930,115150,20
20171113,200000,115200,115220,115200,115200,12
20171113,210000,115280,115300,115280,115300,2
20171113,220000,115210,115260,115210,115260,35
20171113,230000,115260,115270,115260,115270,41
20171114,100000,115130,115320,115000,115320,44
20171114,110000,114900,115100,114900,114920,7
20171114,120000,115120,115120,114880,115000,38
20171114,130000,114990,114990,114660,114820,14
20171114,140000,114820,114820,114500,114500,20
20171114,150000,114600,114640,114440,114520,106
20171114,160000,114520,114680,114490,114600,37
20171114,170000,114520,114520,114200,114200,42
20171114,180000,114110,114250,113920,114020,175
20171114,190000,113900,113940,113800,113920,33
20171114,200000,113870,113870,113840,113840,3
20171114,210000,113850,113910,113820,113820,9
20171114,220000,113870,113870,113840,113840,31
20171114,230000,113780,113780,113550,113550,56
20171115,100000,113200,113200,112670,112830,116
20171115,110000,113000,113080,112920,112960,26
20171115,120000,112850,112850,112300,112300,57
20171115,130000,112310,112320,112150,112300,101
20171115,140000,112220,112290,111950,112290,113
20171115,150000,112330,112330,112170,112170,25
20171115,160000,112230,112480,112230,112480,19
20171115,170000,112570,112600,112160,112160,22
20171115,180000,112020,112170,111800,112170,60
20171115,190000,112220,112400,112110,112320,23
20171115,200000,112260,112260,112260,112260,2
20171115,210000,112200,112200,112000,112000,17
20171115,220000,111980,111980,111800,111800,9
20171116,100000,112040,112720,112040,112700,247
20171116,110000,112610,112930,112450,112450,60
20171116,120000,112450,112450,111600,111600,155
20171116,130000,111550,111760,111550,111730,44
20171116,140000,111560,111630,111370,111380,23
20171116,150000,111420,111650,111150,111220,125
20171116,160000,111100,111900,111100,111770,205
20171116,170000,111890,112580,111890,112380,238
20171116,180000,112580,112780,112410,112520,12
20171116,190000,112840,112840,112550,112550,13
20171116,200000,112300,112720,112220,112720,17
20171116,220000,112610,112670,112610,112670,5
20171116,230000,112750,112760,112750,112760,10
20171117,100000,112820,113000,112580,112700,15
20171117,110000,112910,112910,112750,112800,13
20171117,120000,112900,112960,112900,112930,13
20171117,130000,113010,113010,112900,112970,12
20171117,140000,113010,113390,113010,113390,40
20171117,150000,113300,113560,113200,113250,26
20171117,160000,113200,113220,113130,113150,42
20171117,170000,113120,113370,112800,113370,23
20171117,180000,113470,113510,113140,113240,27
20171117,190000,113160,113500,113160,113500,6
20171117,200000,113620,113900,113620,113900,51
20171117,210000,113870,113960,113870,113950,24
20171117,230000,113880,113900,113880,113900,3
20171120,100000,113660,113700,113400,113420,43
20171120,110000,113440,113550,113100,113380,66
20171120,120000,113390,113600,113280,113410,12
20171120,130000,113430,113430,112990,113020,182
20171120,140000,112970,113070,112670,113050,68
20171120,150000,112990,112990,112500,112590,154
20171120,160000,112720,112790,112720,112750,9
20171120,170000,112550,112920,112550,112850,76
20171120,180000,112940,113070,112700,113030,118
20171120,190000,113100,113400,113100,113330,43
20171120,200000,113360,113360,113320,113350,8
20171120,220000,113320,113330,113310,113310,17
20171121,100000,113390,113790,113300,113500,201
20171121,110000,113450,113710,113410,113600,133
20171121,120000,113740,114000,113720,113880,89
20171121,130000,113900,114150,113880,114090,197
20171121,140000,114170,114230,113940,114050,111
20171121,150000,114200,114200,113980,113980,15
20171121,160000,114110,114150,113820,113820,50
20171121,170000,113750,114570,113750,114470,99
20171121,180000,114520,114630,114310,114610,94
20171121,190000,114540,114640,114420,114640,20
20171121,200000,114600,114600,114600,114600,3
20171121,210000,114470,114470,114450,114450,10
20171121,220000,114540,114640,114510,114510,22
20171121,230000,114500,114500,114500,114500,9
20171122,100000,114550,115520,114550,115280,169
20171122,110000,115260,115300,115110,115150,86
20171122,120000,115250,115250,114980,115080,58
20171122,130000,114960,115300,114940,115280,61
20171122,140000,115290,115420,115280,115350,42
20171122,150000,115400,115570,115360,115500,87
20171122,160000,115580,115740,115500,115520,170
20171122,170000,115670,115790,115610,115740,109
20171122,180000,115690,115780,115500,115560,88
20171122,190000,115700,115900,115700,115780,131
20171122,200000,115760,115780,115580,115640,23
20171122,210000,115700,115700,115680,115700,9
20171122,220000,115890,116140,115890,116090,55
20171122,230000,116100,116100,115920,115920,15
20171123,100000,116100,116200,115580,115600,202
20171123,110000,115610,116300,115410,116190,138
20171123,120000,116230,116230,115750,115750,93
20171123,130000,115780,115860,115700,115860,32
20171123,140000,116040,116050,115830,115830,54
20171123,150000,115790,115790,115730,115730,29
20171123,160000,115740,115820,115670,115750,40
20171123,170000,115660,115710,115550,115570,81
20171123,180000,115690,116050,115690,116030,222
20171123,190000,115920,116030,115900,115910,44
20171123,200000,115950,116060,115910,116060,47
20171123,210000,116070,116070,116070,116070,6
20171123,220000,116030,116130,116030,116030,31
20171123,230000,116020,116200,116000,116000,51
20171124,100000,115920,115920,115440,115830,145
20171124,110000,115960,116850,115930,116580,208
20171124,120000,116560,116600,116390,116540,76
20171124,130000,116600,116620,116180,116350,112
20171124,140000,116390,116680,116340,116660,61
20171124,150000,116710,116760,116670,116670,7
20171124,160000,116580,116580,116470,116570,51
20171124,170000,116570,116570,116430,116490,117
20171124,180000,116430,116430,115960,115980,332
20171124,190000,116250,116400,116180,116400,35
20171124,200000,116310,116310,116280,116280,10
20171124,220000,116300,116430,116250,116250,48
20171124,230000,116280,116470,116280,116470,28
20171127,100000,116270,117030,116270,116910,466
20171127,110000,116920,116920,116310,116500,293
20171127,120000,116570,116640,116360,116530,93
20171127,130000,116500,116630,116450,116570,91
20171127,140000,116540,116580,116450,116530,17
20171127,150000,116470,116470,115740,115780,121
20171127,160000,115800,116130,115800,116020,78
20171127,170000,116020,116120,115760,115760,77
20171127,180000,115720,115980,115680,115820,219
20171127,190000,115790,115790,115600,115600,26
20171127,200000,115590,115640,115250,115250,33
20171127,210000,115490,115570,115490,115570,9
20171127,220000,115610,115650,115610,115650,2
20171127,230000,115510,115510,115450,115450,12
20171128,100000,115380,115380,114900,115360,143
20171128,110000,115400,115580,115050,115100,162
20171128,120000,115130,115140,114770,114850,264
20171128,130000,114950,114960,114830,114880,38
20171128,140000,114880,115190,114750,114900,78
20171128,150000,114920,115180,114850,115180,13
20171128,160000,115330,115880,115330,115780,539
20171128,170000,115880,116000,115580,115580,110
20171128,180000,115560,115790,115500,115560,167
20171128,190000,115630,115700,115630,115690,13
20171128,200000,115750,115900,115750,115840,23
20171128,210000,115880,115880,115810,115810,3
20171128,220000,115770,115770,115700,115770,15
20171128,230000,115790,115790,115710,115710,7
20171129,100000,115540,116150,115510,116030,185
20171129,110000,116010,116010,115300,115320,357
20171129,120000,115290,115480,115040,115040,357
20171129,130000,115020,115310,114760,114800,201
20171129,140000,114810,114900,114430,114800,280
20171129,150000,114870,115270,114620,114620,331
20171129,160000,114760,114890,114500,114610,110
20171129,170000,114570,114910,114400,114480,198
20171129,180000,114470,114490,114160,114310,192
20171129,190000,114220,114220,113670,113690,119
20171129,200000,113690,113750,113480,113700,64
20171129,210000,113670,113820,113670,113670,32
20171129,220000,113760,113820,113680,113680,66
20171129,230000,113790,113830,113790,113810,64
20171130,100000,113850,114010,113550,113690,303
20171130,110000,113560,114000,113310,113810,304
20171130,120000,113950,114200,113800,113860,218
20171130,130000,113900,114340,113800,114340,204
20171130,140000,114350,114450,114050,114110,119
20171130,150000,114180,114180,113580,113700,233
20171130,160000,113750,113970,113610,113910,84
20171130,170000,114020,114020,113200,113330,111
20171130,180000,113270,113490,112730,113070,160
20171130,190000,113120,113270,112870,112910,142
20171130,200000,113040,113250,112950,113010,46
20171130,210000,113080,113150,112980,113030,42
20171130,220000,113060,113140,113050,113090,26
20171130,230000,113180,113210,113080,113080,23
20171201,100000,113010,113490,112900,113050,141
20171201,110000,113090,113360,112690,112770,482
20171201,120000,112760,112800,112470,112770,382
20171201,130000,112720,113020,112570,112570,150
20171201,140000,112590,112770,112430,112590,164
20171201,150000,112690,112780,112660,112740,39
20171201,160000,112810,112860,112700,112790,91
20171201,170000,112940,113380,112940,113290,110
20171201,180000,113380,113500,113180,113180,108
20171201,190000,113130,113160,110890,111090,1063
20171201,200000,111000,111550,110990,111410,756
20171201,210000,111460,111780,111430,111690,260
20171201,220000,111670,111700,111550,111690,57
20171201,230000,111700,111770,111660,111680,117
20171204,100000,111940,112510,111250,111600,511
20171204,110000,111670,112800,111500,112600,450
20171204,120000,112540,112830,112210,112640,135
20171204,130000,112650,112900,112640,112790,124
20171204,140000,112790,113100,112790,113100,197
20171204,150000,113050,113220,112890,113200,203
20171204,160000,113180,113420,113150,113200,94
20171204,170000,113260,113660,113090,113390,424
20171204,180000,113460,113550,113280,113550,74
20171204,190000,113270,113430,113210,113410,73
20171204,200000,113380,113480,113370,113440,16
20171204,210000,113490,113540,113400,113430,30
20171204,220000,113400,113400,113150,113170,49
20171204,230000,113140,113140,112920,112960,41
20171205,100000,112950,113410,112950,113320,269
20171205,110000,113300,113370,112960,113250,145
20171205,120000,113110,113110,112850,113050,161
20171205,130000,113000,113140,112910,112910,55
20171205,140000,112870,113040,112870,112920,162
20171205,150000,112870,113200,112870,113060,75
20171205,160000,113070,113550,113070,113390,293
20171205,170000,113420,113420,113100,113200,188
20171205,180000,113220,113370,113140,113310,380
20171205,190000,113500,113580,113320,113320,154
20171205,200000,113280,113540,113200,113330,75
20171205,210000,113380,113430,113320,113320,74
20171205,220000,113360,113360,113200,113240,54
20171205,230000,113200,113200,113150,113160,12
20171206,100000,113130,113130,112490,112570,614
20171206,110000,112550,113080,112310,113000,435
20171206,120000,113010,113010,112790,112910,129
20171206,130000,112890,112930,112750,112870,181
20171206,140000,112800,113250,112750,113160,298
20171206,150000,113160,113280,113110,113170,77
20171206,160000,113180,113180,112950,113100,168
20171206,170000,113060,113240,112930,113010,167
20171206,180000,113090,113100,112850,112950,282
20171206,190000,112950,112970,112010,112160,532
20171206,200000,112180,112340,112180,112330,128
20171206,210000,112350,112540,112350,112520,102
20171206,220000,112520,112520,112250,112350,71
20171206,230000,112390,112450,112300,112400,54
20171207,100000,112460,112650,112320,112460,548
20171207,110000,112420,112760,112420,112570,691
20171207,120000,112610,112750,112420,112500,541
20171207,130000,112440,112620,112440,112440,288
20171207,140000,112390,112500,112190,112190,211
20171207,150000,112250,112250,111780,111800,1117
20171207,160000,111770,112610,111750,112000,948
20171207,170000,112000,112220,111920,112060,616
20171207,180000,112030,112420,111900,112260,373
20171207,190000,112350,112430,112160,112360,351
20171207,200000,112330,112420,112250,112410,109
20171207,210000,112420,112530,112370,112370,44
20171207,220000,112420,112430,112330,112330,69
20171207,230000,112340,112350,112300,112340,23
20171208,100000,112310,112720,112170,112670,591
20171208,110000,112680,112800,112170,112170,822
20171208,120000,112140,112200,111910,112100,857
20171208,130000,112080,112270,112000,112050,226
20171208,140000,112080,112140,111740,112110,735
20171208,150000,112120,112200,112020,112050,229
20171208,160000,112100,112550,112100,112510,1201
20171208,170000,112470,112480,111920,112120,888
20171208,180000,112120,112120,111550,111920,830
20171208,190000,111970,112140,111710,112120,182
20171208,200000,112110,112130,112000,112050,103
20171208,210000,112000,112110,112000,112090,78
20171208,220000,112090,112110,112070,112070,5
20171208,230000,112050,112220,112050,112160,59
20171211,100000,112230,113000,112230,112830,873
20171211,110000,112830,113160,112800,112840,904
20171211,120000,112900,113300,112890,113200,924
20171211,130000,113220,113350,113150,113250,619
20171211,140000,113270,113360,113180,113200,284
20171211,150000,113190,113520,113160,113450,749
20171211,160000,113470,113510,113360,113420,409
20171211,170000,113410,113950,113260,113950,1158
20171211,180000,113960,114310,113850,114270,1073
20171211,190000,114370,114630,114370,114610,684
20171211,200000,114620,114850,114590,114660,589
20171211,210000,114660,114790,114590,114750,249
20171211,220000,114790,114830,114640,114680,138
20171211,230000,114670,114780,114600,114760,117
20171212,100000,114900,115760,114900,115280,1280
20171212,110000,115250,115340,115020,115060,2163
20171212,120000,115080,115240,114850,115200,518
20171212,130000,115140,115250,114950,115250,417
20171212,140000,115280,115540,115260,115380,937
20171212,150000,115370,115600,115280,115510,752
20171212,160000,115550,115590,115030,115080,1768
20171212,170000,115060,115290,114750,115120,1412
20171212,180000,115090,115230,114740,114970,762
20171212,190000,114940,115210,114470,114600,816
20171212,200000,114570,114710,114370,114640,487
20171212,210000,114570,114570,114350,114440,209
20171212,220000,114450,114570,114240,114570,225
20171212,230000,114500,114600,114420,114420,241
20171213,100000,114530,115080,114380,114880,1505
20171213,110000,114900,115030,114560,114730,944
20171213,120000,114670,114990,114620,114620,1122
20171213,130000,114600,114650,114070,114260,1506
20171213,140000,114260,114390,114120,114280,701
20171213,150000,114280,114360,114130,114350,968
20171213,160000,114300,114660,114020,114280,1968
20171213,170000,114190,114450,114150,114160,767
20171213,180000,114140,114500,114070,114420,1131
20171213,190000,114470,114990,114120,114340,1075
20171213,200000,114290,114440,114220,114400,325
20171213,210000,114410,114820,114390,114750,785
20171213,220000,114730,115330,114730,115120,1973
20171213,230000,115180,115230,115030,115030,382
20171214,100000,115030,115260,114750,115100,1655
20171214,110000,115100,115100,114720,114970,1604
20171214,120000,114990,115150,114610,115060,1172
20171214,130000,115090,115090,114680,114840,1003
20171214,140000,114830,114950,114440,114520,2270
20171214,150000,114500,114950,114470,114810,1077
20171214,160000,114850,114980,114700,114730,881
20171214,170000,114670,115020,114480,114980,1848
20171214,180000,115000,115360,114890,115290,2213
20171214,190000,115290,115290,114950,115020,881
20171214,200000,114980,115270,114980,115110,592
20171214,210000,115050,115180,114970,115000,421
20171214,220000,115040,115130,115010,115030,182
20171214,230000,115030,115180,114950,115130,306
20171215,100000,115030,115300,114800,114820,2044
20171215,110000,114810,114990,114600,114740,2409
20171215,120000,114730,114740,114520,114540,1357
20171215,130000,114530,114800,114410,114770,1901
20171215,140000,114750,114860,114680,114740,1271
20171215,150000,114720,114930,114600,114790,1964
20171215,160000,114800,115250,114730,115170,5423
20171215,170000,115180,115200,114600,114640,9127
20171215,180000,114630,114810,114460,114670,4401
20171215,190000,114670,114800,114610,114780,541
20171215,200000,114770,114800,114720,114760,193
20171215,210000,114740,114760,114600,114700,592
20171215,220000,114720,114740,114650,114730,186
20171215,230000,114720,114800,114690,114730,411
20171218,100000,114800,115850,114800,115770,8720
20171218,110000,115780,116020,115660,115800,7449
20171218,120000,115800,115920,115590,115620,4680
20171218,130000,115630,115670,115340,115360,4242
20171218,140000,115360,115380,115080,115140,5804
20171218,150000,115130,115370,114700,114740,8629
20171218,160000,114740,115000,114410,114450,5798
20171218,170000,114440,114740,114230,114720,7043
20171218,180000,114740,115000,114660,114910,6183
20171218,190000,115000,115150,114800,114910,2694
20171218,200000,114910,114950,114700,114800,1235
20171218,210000,114800,114870,114740,114750,339
20171218,220000,114750,114860,114740,114820,574
20171218,230000,114830,114880,114730,114730,594
20171219,100000,114880,115320,114780,114850,9088
20171219,110000,114850,114870,114440,114510,9222
20171219,120000,114500,114680,114290,114410,11374
20171219,130000,114410,114450,114270,114340,15059
20171219,140000,114320,114390,114000,114220,18530
20171219,150000,114220,114260,113840,114200,10281
20171219,160000,114190,114470,114140,114340,7579
20171219,170000,114340,114440,113920,113960,13499
20171219,180000,113950,114140,113580,113600,8281
20171219,190000,113580,113730,113480,113630,4298
20171219,200000,113640,113760,113590,113670,1286
20171219,210000,113680,113730,113600,113720,804
20171219,220000,113720,113730,113650,113690,529
20171219,230000,113710,113720,113580,113580,734
20171220,100000,113730,113950,113310,113330,20189
20171220,110000,113340,113520,113100,113290,21860
20171220,120000,113280,113650,113200,113240,21047
20171220,130000,113240,113570,113210,113470,9267
20171220,140000,113470,113590,113380,113540,5514
20171220,150000,113530,113730,113500,113620,8896
20171220,160000,113620,113710,113510,113540,10816
20171220,170000,113550,113630,113460,113580,19703
20171220,180000,113590,113690,113400,113640,18089
20171220,190000,113690,114230,113600,113890,12407
20171220,200000,113900,113970,113820,113880,2973
20171220,210000,113890,113980,113850,113880,3102
20171220,220000,113870,113890,113820,113850,1391
20171220,230000,113860,113900,113720,113750,2272
20171221,100000,113720,114090,113620,113820,46290
20171221,110000,113820,113830,113230,113260,53277
20171221,120000,113250,113400,113130,113270,27209
20171221,130000,113250,113260,113000,113190,29860
20171221,140000,113200,113530,113180,113470,31338
20171221,150000,113470,113500,113120,113280,39779
20171221,160000,113290,113490,113160,113240,26593
20171221,170000,113240,113350,113140,113190,23065
20171221,180000,113200,113580,113190,113510,18396
20171221,190000,113530,113760,113390,113540,17717
20171221,200000,113540,113780,113530,113720,7536
20171221,210000,113720,113790,113680,113770,3709
20171221,220000,113760,113770,113710,113740,2026
20171221,230000,113720,113790,113690,113740,4565
20171222,100000,113760,114060,113710,113990,35610
20171222,110000,113970,114370,113870,114360,38045
20171222,120000,114350,114780,114320,114600,43290
20171222,130000,114600,114660,114480,114510,18694
20171222,140000,114510,114570,114390,114560,16240
20171222,150000,114560,114580,114150,114150,27901
20171222,160000,114160,114370,114110,114330,18893
20171222,170000,114330,114520,114200,114450,25022
20171222,180000,114440,114500,114190,114290,15097
20171222,190000,114300,114920,114270,114760,22754
20171222,200000,114770,114790,114670,114710,4269
20171222,210000,114700,114870,114700,114820,5674
20171222,220000,114810,114860,114720,114840,2638
20171222,230000,114820,114890,114790,114830,5569
20171225,100000,114890,115210,114680,115120,39854
20171225,110000,115130,115140,114900,114950,12649
20171225,120000,114950,115070,114860,115020,8152
20171225,130000,115040,115090,114960,115050,5930
20171225,140000,115060,115240,115040,115190,9852
20171225,150000,115200,115280,115100,115130,15810
20171225,160000,115130,115210,115020,115080,8962
20171225,170000,115100,115190,115040,115140,8616
20171225,180000,115140,115160,115090,115150,4711
20171225,190000,115130,115190,114880,114940,6010
20171225,200000,114940,114960,114890,114920,2846
20171225,210000,114920,115040,114910,115030,1875
20171225,220000,115030,115030,114950,115020,1235
20171225,230000,115010,115140,114980,115030,3673
20171226,100000,115100,115450,114900,115050,48616
20171226,110000,115050,115230,115010,115170,16599
20171226,120000,115160,115240,114880,114900,14923
20171226,130000,114900,115000,114600,114620,23145
20171226,140000,114630,114750,114550,114600,11732
20171226,150000,114610,114880,114510,114800,18038
20171226,160000,114810,115090,114710,115040,14993
20171226,170000,115050,115290,115020,115160,19675
20171226,180000,115150,115510,115140,115320,26850
20171226,190000,115340,115740,115340,115650,21121
20171226,200000,115640,115650,115480,115570,7119
20171226,210000,115560,115710,115550,115670,4696
20171226,220000,115670,115800,115660,115710,4663
20171226,230000,115710,115770,115680,115750,4797
20171227,100000,115770,115930,115550,115610,35207
20171227,110000,115610,115950,115600,115940,28160
20171227,120000,115940,115960,115520,115690,24950
20171227,130000,115690,115690,115420,115570,25288
20171227,140000,115580,115780,115430,115520,19776
20171227,150000,115530,115570,115330,115370,17412
20171227,160000,115380,115700,115350,115610,26375
20171227,170000,115620,115780,115420,115630,23558
20171227,180000,115620,115770,115510,115770,20898
20171227,190000,115670,115700,115380,115410,8567
20171227,200000,115400,115440,115220,115340,7192
20171227,210000,115340,115420,115320,115380,2818
20171227,220000,115370,115410,115300,115320,2870
20171227,230000,115320,115460,115300,115460,3351
20171228,100000,115460,115690,115390,115560,26180
20171228,110000,115570,115790,115470,115560,21190
20171228,120000,115550,115820,115540,115650,21260
20171228,130000,115640,115740,115550,115570,9074
20171228,140000,115570,115680,115320,115370,11077
20171228,150000,115380,115400,115070,115100,23424
20171228,160000,115110,115330,115030,115300,15504
20171228,170000,115290,115600,115200,115520,18619
20171228,180000,115520,115700,115520,115620,15685
20171228,190000,115610,115620,115450,115570,7511
20171228,200000,115560,115590,115350,115360,5991
20171228,210000,115350,115450,115350,115420,2766
20171228,220000,115430,115450,115380,115430,2534
20171228,230000,115420,115450,115390,115400,2785
20171229,100000,115460,115660,115230,115550,23923
20171229,110000,115550,115600,115320,115430,29438
20171229,120000,115430,115470,115350,115410,7404
20171229,130000,115410,115470,115300,115350,11610
20171229,140000,115340,115530,115180,115210,12205
20171229,150000,115220,115290,114920,115050,22143
20171229,160000,115040,115250,115010,115200,9003
20171229,170000,115200,115930,115190,115840,30966
20171229,180000,115840,116740,115640,116370,29877
20180103,100000,116390,118280,115410,117490,53262
20180103,110000,117490,118030,117470,117890,43287
20180103,120000,117890,118120,117730,117910,20107
20180103,130000,117920,117970,117770,117880,12627
20180103,140000,117890,118040,117840,117850,12667
20180103,150000,117840,118000,117760,117940,11436
20180103,160000,117940,118240,117860,118160,10457
20180103,170000,118170,118590,118140,118570,19906
20180103,180000,118580,118830,118420,118700,19724
20180103,190000,118770,119140,118750,119110,15785
20180103,200000,119110,119800,119050,119790,18943
20180103,210000,119800,119950,119150,119360,24456
20180103,220000,119350,119370,118980,119120,8059
20180103,230000,119110,119330,119040,119230,7124
20180104,100000,119330,119740,119300,119310,28199
20180104,110000,119310,120380,119250,120320,42977
20180104,120000,120320,120580,119960,120520,33829
20180104,130000,120530,120900,120390,120810,26972
20180104,140000,120810,120920,120680,120780,13886
20180104,150000,120770,121360,120760,121340,23037
20180104,160000,121350,121740,120610,121240,63880
20180104,170000,121240,122080,121050,121640,79177
20180104,180000,121640,121820,121410,121620,24193
20180104,190000,121600,122350,121600,122240,19771
20180104,200000,122250,122590,122190,122390,11050
20180104,210000,122390,122470,122250,122410,6417
20180104,220000,122410,122530,122380,122430,4895
20180104,230000,122430,122560,122370,122530,5016
20180105,100000,122440,122500,121570,121590,39070
20180105,110000,121590,122450,121590,122150,26195
20180105,120000,122140,122340,121670,121690,29434
20180105,130000,121680,121860,121470,121720,22728
20180105,140000,121730,122000,121730,121790,14220
20180105,150000,121790,121830,121610,121740,15051
20180105,160000,121730,122190,121600,122000,25062
20180105,170000,122000,122500,121860,122300,23915
20180105,180000,122320,122610,122240,122560,24015
20180105,190000,122530,122560,122350,122450,10684
20180105,200000,122450,122530,122410,122460,2542
20180105,210000,122460,122580,122440,122570,3460
20180105,220000,122570,122860,122540,122780,7410
20180105,230000,122770,122950,122670,122710,6081
20180109,100000,122880,123470,122720,123220,29800
20180109,110000,123210,123990,123190,123810,41395
20180109,120000,123810,124410,123770,124380,25957
20180109,130000,124380,124520,124050,124230,23243
20180109,140000,124230,124430,124110,124240,16854
20180109,150000,124240,124290,123360,123510,46732
20180109,160000,123510,123670,123400,123520,20459
20180109,170000,123520,123750,123030,123130,31879
20180109,180000,123130,123710,122800,123590,35367
20180109,190000,123600,124170,123370,123920,32659
20180109,200000,123920,123940,123660,123870,9466
20180109,210000,123870,124040,123850,124000,4832
20180109,220000,123990,124140,123860,123920,5967
20180109,230000,123920,123950,123770,123920,4283
20180110,100000,123930,124390,123230,123430,53474
20180110,110000,123420,123640,123010,123040,43016
20180110,120000,123030,123500,123010,123480,27026
20180110,130000,123490,123610,122920,123080,32759
20180110,140000,123080,123520,123010,123320,30088
20180110,150000,123310,123380,123060,123310,24023
20180110,160000,123310,123500,123110,123430,24742
20180110,170000,123420,123720,123370,123560,45436
20180110,180000,123570,123940,123540,123850,33828
20180110,190000,123870,123870,123410,123470,16746
20180110,200000,123480,123670,123430,123630,6242
20180110,210000,123630,123820,123610,123770,4992
20180110,220000,123780,123900,123530,123700,7450
20180110,230000,123680,123800,123640,123680,4330
20180111,100000,123680,123800,123130,123390,28258
20180111,110000,123400,124080,123330,123980,39290
20180111,120000,123990,124300,123910,124280,28606
20180111,130000,124270,124400,124070,124280,23862
20180111,140000,124280,124400,124160,124340,14084
20180111,150000,124340,124670,124340,124500,27317
20180111,160000,124510,124840,124330,124750,33992
20180111,170000,124760,125020,124490,124940,36415
20180111,180000,124950,125340,124930,125200,42577
20180111,190000,125250,125480,125050,125130,18052
20180111,200000,125130,125530,125090,125420,8464
20180111,210000,125410,125480,125240,125350,8045
20180111,220000,125350,125610,125290,125500,10028
20180111,230000,125500,125760,125430,125560,10805
20180112,100000,125590,125730,124770,124790,44410
20180112,110000,124780,125330,124760,125250,26730
20180112,120000,125240,125680,125210,125380,30457
20180112,130000,125360,126330,125280,126140,55867
20180112,140000,126160,126240,125420,125630,46752
20180112,150000,125630,125970,125580,125820,29576
20180112,160000,125810,126140,125530,125580,34857
20180112,170000,125580,126340,125460,126230,32876
20180112,180000,126220,126500,126080,126290,29626
20180112,190000,126270,126550,126070,126420,14504
20180112,200000,126420,126940,126410,126620,22710
20180112,210000,126630,126980,126610,126890,14365
20180112,220000,126880,126960,126830,126900,5798
20180112,230000,126890,127050,126860,126910,8101
20180115,100000,126990,127860,126900,127510,61018
20180115,110000,127520,127640,127150,127340,41553
20180115,120000,127340,127500,127170,127380,33288
20180115,130000,127400,127420,126970,127230,26812
20180115,140000,127210,127320,127090,127120,14613
20180115,150000,127120,127210,126870,126950,22168
20180115,160000,126950,127270,126880,127110,29070
20180115,170000,127120,127120,126590,126660,30976
20180115,180000,126660,127070,126650,127000,29615
20180115,190000,127000,127050,126430,126470,25922
20180115,200000,126480,126860,126470,126820,8804
20180115,210000,126830,126870,126750,126790,3089
20180115,220000,126780,127670,126770,127250,16927
20180115,230000,127220,127260,127120,127170,4602
20180116,100000,127120,127260,126600,126910,42945
20180116,110000,126910,126980,125940,126050,50758
20180116,120000,126050,126130,125450,125850,41668
20180116,130000,125850,125870,125230,125340,34734
20180116,140000,125330,125700,125060,125620,35703
20180116,150000,125630,126020,125560,125770,30133
20180116,160000,125780,126280,125760,126250,29943
20180116,170000,126250,126470,125840,126400,38565
20180116,180000,126400,126730,126280,126640,33144
20180116,190000,126580,126630,125580,125650,33524
20180116,200000,125640,125780,125480,125710,15900
20180116,210000,125710,125880,125620,125680,9620
20180116,220000,125680,125710,125230,125340,15210
20180116,230000,125340,125610,125210,125300,10215
20180117,100000,125270,125390,124650,125370,71570
20180117,110000,125360,125970,125290,125780,65020
20180117,120000,125780,126120,125620,126030,44732
20180117,130000,126030,126110,125560,125680,35342
20180117,140000,125710,126280,125680,126190,30532
20180117,150000,126180,126230,125710,125960,32005
20180117,160000,125960,126420,125830,126380,35904
20180117,170000,126380,126680,126300,126380,57772
20180117,180000,126370,126870,126250,126610,34651
20180117,190000,126720,127040,126440,126860,20953
20180117,200000,126870,127220,126840,127120,17742
20180117,210000,127130,127370,127040,127230,13623
20180117,220000,127220,127470,127110,127130,12581
20180117,230000,127130,127170,126740,126830,26538
20180118,100000,126830,128070,126820,127260,93702
20180118,110000,127270,127680,127150,127400,39683
20180118,120000,127400,127650,126870,127560,45369
20180118,130000,127570,127840,127420,127800,27589
20180118,140000,127820,128140,127740,128030,36028
20180118,150000,128040,128310,127900,128140,34564
20180118,160000,128140,128590,128010,128500,38515
20180118,170000,128500,128780,128330,128720,43675
20180118,180000,128710,128720,128070,128250,42555
20180118,190000,128400,129010,128210,128900,35313
20180118,200000,128900,129040,128830,129030,13786
20180118,210000,129020,129250,128940,129180,12575
20180118,220000,129170,129440,129160,129350,14328
20180118,230000,129350,129480,129020,129280,29626
