20170925,165000,17980,18205,17980,18205,21
20170925,173500,18160,18160,18160,18160,1
20170925,174000,18146,18146,18146,18146,1
20170925,183500,18196,18196,18196,18196,1
20170925,200500,18214,18331,18214,18331,6
20170926,100000,18277,18277,18264,18264,2
20170926,104000,18300,18300,18300,18300,1
20170926,111000,18232,18232,18219,18219,2
20170926,111500,18187,18187,18174,18174,2
20170926,113500,18145,18145,18129,18129,3
20170926,134500,18183,18188,18183,18188,2
20170926,142500,18228,18228,18228,18228,1
20170926,143000,18233,18233,18233,18233,1
20170926,144500,18273,18278,18273,18278,2
20170926,161500,18224,18224,18224,18224,1
20170926,162000,18219,18219,18219,18219,1
20170926,164500,18179,18179,18174,18174,2
20170926,174500,18134,18134,18129,18129,2
20170926,181000,18087,18087,18084,18084,2
20170926,183000,18041,18041,18041,18041,1
20170927,100000,18077,18122,18077,18122,2
20170927,101000,18068,18068,18039,18039,2
20170927,105000,18020,18020,18020,18020,1
20170927,154500,18058,18058,18058,18058,1
20170927,155000,18093,18103,18093,18103,2
20170927,170500,18138,18146,18138,18146,2
20170927,171000,18183,18191,18183,18191,2
20170927,174500,18133,18133,18133,18133,1
20170927,175000,18129,18129,18129,18129,1
20170927,181000,18088,18088,18088,18088,1
20170927,182500,18084,18084,18084,18084,1
20170927,183500,18041,18041,18039,18039,2
20170928,101000,17994,17994,17978,17978,2
20170928,104500,18030,18030,18030,18030,1
20170928,183000,17949,17949,17948,17948,2
20170928,183500,17904,17904,17903,17903,2
20170929,100000,17859,17859,17841,17841,2
20170929,102500,17894,17894,17894,17894,1
20170929,104000,17913,17913,17913,17913,1
20170929,104500,17938,17938,17938,17938,1
20170929,110000,17958,17958,17958,17958,1
20170929,110500,17982,17982,17982,17982,1
20170929,133000,18003,18003,18003,18003,1
20170929,133500,18018,18018,18018,18018,1
20170929,134500,18048,18048,18048,18048,1
20170929,135500,18061,18061,18061,18061,1
20170929,145000,18007,18007,17994,17994,2
20170929,165000,17955,17955,17955,17955,1
20170929,170500,17949,17949,17949,17949,1
20170929,174500,17906,17906,17904,17904,2
20170929,180500,17860,17860,17859,17859,2
20170929,181000,17821,17821,17814,17814,3
20171002,100000,17849,17868,17849,17868,2
20171002,101000,17894,17913,17894,17913,2
20171002,114500,17859,17859,17859,17859,1
20171002,115000,17834,17834,17814,17814,2
20171002,115500,17800,17843,17789,17843,22
20171002,120500,17788,17788,17788,17788,1
20171002,124000,17769,17769,17769,17769,1
20171002,131500,17739,17739,17721,17721,2
20171002,135500,17773,17791,17773,17791,2
20171002,144500,17734,17734,17734,17734,1
20171002,153000,17785,17785,17785,17785,1
20171003,100000,17802,17811,17802,17811,2
20171003,120000,17841,17856,17841,17856,2
20171003,133000,17880,17880,17880,17880,1
20171003,134000,17901,17901,17901,17901,1
20171003,143500,17921,17921,17921,17921,1
20171003,151500,17946,17946,17946,17946,1
20171003,153500,17892,17892,17892,17892,1
20171003,180000,17856,17856,17842,17842,2
20171003,183000,17809,17809,17809,17809,1
20171003,183500,17862,17894,17862,17894,2
20171004,112000,17886,17886,17886,17886,1
20171004,115500,17830,17830,17830,17830,1
20171004,120000,17816,17816,17816,17816,1
20171004,121500,17780,17780,17780,17780,1
20171004,122500,17758,17758,17758,17758,1
20171004,133500,17772,17772,17772,17772,1
20171004,134500,17782,17782,17782,17782,1
20171004,140500,17805,17805,17805,17805,1
20171004,143500,17800,17800,17800,17800,1
20171004,144500,17826,17826,17826,17826,1
20171004,145000,17835,17835,17835,17835,1
20171004,151000,17855,17855,17855,17855,1
20171004,165000,17781,17781,17781,17781,1
20171004,173500,17808,17815,17808,17815,2
20171004,182500,17831,17831,17831,17831,1
20171004,211000,17788,17788,17788,17788,1
20171004,224500,17777,17777,17777,17777,1
20171005,100000,17786,17786,17786,17786,1
20171005,110000,17764,17764,17754,17754,9
20171005,120000,17761,17761,17761,17761,1
20171005,120500,17788,17788,17788,17788,1
20171005,130000,17768,17768,17768,17768,1
20171005,140500,17756,17756,17756,17756,1
20171005,165000,17800,17800,17800,17800,1
20171005,170500,17822,17822,17822,17822,1
20171005,171500,17776,17776,17776,17776,1
20171005,175500,17830,17875,17830,17875,3
20171005,180000,17889,17890,17889,17890,2
20171005,181000,17888,17888,17888,17888,1
20171005,183000,17854,17854,17854,17854,1
20171005,183500,17844,17844,17844,17844,1
20171005,220500,17926,17926,17926,17926,1
20171005,221500,17919,17919,17919,17919,1
20171006,100000,17882,17882,17875,17875,2
20171006,100500,17838,17838,17838,17838,1
20171006,101000,17831,17831,17831,17831,1
20171006,112500,17900,17900,17800,17800,20
20171009,133500,18000,18000,18000,18000,1
20171009,141500,17900,17900,17900,17900,1
20171013,135000,17850,17850,17850,17850,1
20171013,163000,17800,17800,17800,17800,1
20171016,115500,17788,17788,17757,17757,5
20171016,120000,17755,17755,17755,17755,1
20171016,153500,17850,17850,17850,17850,1
20171017,163000,17802,17802,17802,17802,1
20171017,173000,17720,17720,17720,17720,1
20171017,173500,17680,17680,17680,17680,1
20171017,193500,17700,17700,17700,17700,1
20171017,204000,17701,17701,17700,17700,3
20171017,221500,17700,17700,17700,17700,2
20171018,100500,17476,17476,17350,17350,2
20171018,115000,17403,17404,17403,17404,5
20171018,152000,17596,17596,17596,17596,1
20171019,165500,17310,17310,17308,17308,2
20171019,170000,17306,17306,17301,17301,2
20171020,142500,17226,17226,17225,17225,2
20171023,130500,17223,17223,17223,17223,5
20171023,145500,17150,17150,17150,17150,1
20171023,172500,16852,16852,16852,16852,1
20171023,180500,16850,16850,16850,16850,2
20171024,101500,16550,16550,16390,16390,4
20171024,102500,16500,16500,16498,16498,10
20171024,103000,16490,16490,16450,16450,8
20171024,104000,16450,16450,16450,16450,2
20171024,111500,16400,16400,16400,16400,3
20171024,112500,16589,16590,16589,16590,20
20171024,113000,16360,16360,16345,16345,52
20171024,161000,17000,17067,17000,17067,10
20171024,165500,17032,17032,17032,17032,1
20171024,171500,17070,17070,17070,17070,2
20171027,105500,17085,17085,17085,17085,3
20171027,112000,16739,16969,16739,16969,2
20171027,112500,16730,16730,16730,16730,1
20171027,143000,16897,16897,16897,16897,3
20171027,144500,16700,16700,16700,16700,1
20171027,145000,16750,16750,16750,16750,1
20171027,145500,16780,16780,16780,16780,1
20171027,182000,16829,16829,16829,16829,1
20171030,111000,16935,16935,16935,16935,1
20171031,130500,16584,16584,16580,16580,10
20171031,155500,16560,16560,16560,16560,1
20171031,163500,16500,16500,16500,16500,2
20171031,182000,16479,16479,16479,16479,2
20171101,160000,16650,16650,16650,16650,1
20171102,212000,16800,16800,16800,16800,1
20171103,120500,16750,16750,16750,16750,1
20171107,124500,16720,16720,16720,16720,1
20171108,110000,16979,16979,16979,16979,1
20171109,172000,16771,16771,16771,16771,1
20171113,100500,16900,16900,16900,16900,1
20171114,102000,16741,16741,16740,16740,2
20171114,125500,16764,16775,16764,16772,6
20171115,101000,16600,16600,16600,16600,12
20171117,172000,16605,16605,16600,16600,4
20171120,100500,16683,16683,16678,16678,10
20171120,102500,16733,16733,16733,16733,1
20171120,103000,16748,16748,16748,16748,5
20171120,105500,16683,16683,16683,16683,5
20171120,112000,16652,16652,16652,16652,5
20171120,113500,16653,16653,16653,16653,5
20171120,114000,16643,16643,16643,16643,5
20171120,114500,16643,16658,16643,16643,25
20171120,131000,16861,16861,16861,16861,5
20171120,131500,16850,16856,16850,16856,6
20171120,132000,16845,16845,16830,16830,10
20171120,132500,16820,16820,16820,16820,5
20171120,141000,16890,16890,16890,16890,5
20171120,154000,17066,17100,17066,17100,6
20171120,180500,17396,17396,17396,17396,1
20171120,182500,17400,17400,17400,17400,1
20171120,211500,17599,17600,17599,17600,8
20171121,100000,17400,17400,17400,17400,1
20171121,113500,17292,17292,17292,17292,5
20171121,115500,17222,17227,17222,17227,25
20171121,120000,17227,17227,17200,17200,16
20171121,141500,17287,17287,17287,17287,10
20171121,142000,17287,17287,17287,17287,5
20171121,143500,17287,17287,17287,17287,1
20171122,114000,17397,17397,17397,17397,5
20171122,122000,17150,17150,17150,17150,1
20171122,184000,17142,17142,17142,17142,1
20171123,101500,17000,17000,17000,17000,3
20171123,114000,17080,17080,17080,17080,8
20171124,165000,17000,17000,17000,17000,20
20171127,104000,17200,17200,17200,17200,1
20171127,145500,17296,17297,17296,17297,50
20171128,101000,17000,17000,17000,17000,1
20171129,101000,17200,17200,17200,17200,1
20171129,104500,17397,17397,17397,17397,3
20171129,114500,17250,17259,17250,17259,7
20171129,141500,17000,17000,16997,16997,2
20171129,142000,16901,16901,16901,16901,1
20171129,143000,16998,16998,16998,16998,2
20171129,143500,16870,16998,16865,16998,4
20171129,144000,16900,16900,16900,16900,1
20171129,145000,16870,16870,16870,16870,1
20171129,181500,16884,16884,16877,16877,2
20171130,115500,16898,16898,16800,16800,2
20171130,124000,16897,16897,16897,16897,2
20171130,132000,16762,16762,16762,16762,5
20171130,133000,16761,16761,16750,16750,14
20171130,134000,16700,16700,16700,16700,1
20171130,153000,16698,16700,16698,16700,45
20171130,153500,16575,16706,16575,16575,30
20171130,160500,16620,16620,16505,16550,10
20171130,161000,16505,16505,16505,16505,10
20171201,104500,16597,16597,16596,16596,10
20171201,123000,16702,16702,16702,16702,1
20171201,134500,16880,16881,16747,16747,36
20171201,163500,16700,16700,16700,16700,10
20171204,180500,16629,16629,16610,16610,12
20171204,194500,16469,16469,16469,16469,1
20171205,100000,16636,16636,16626,16626,2
20171205,102000,16616,16616,16616,16616,2
20171205,103500,16588,16588,16587,16587,4
20171205,113000,16505,16505,16500,16500,6
20171205,114000,16467,16467,16467,16467,1
20171205,124500,16433,16433,16400,16400,36
20171205,125500,16421,16421,16421,16421,4
20171205,134500,16549,16549,16549,16549,1
20171205,175500,16548,16550,16548,16550,2
20171206,100000,16420,16420,16400,16400,7
20171206,101000,16550,16550,16550,16550,1
20171206,105500,16450,16450,16441,16441,2
20171206,183500,16467,16467,16467,16467,4
20171207,100500,16461,16461,16460,16460,3
20171207,104000,16550,16550,16550,16550,1
20171207,112500,16700,16700,16700,16700,34
20171207,151000,16410,16500,16410,16411,14
20171207,152000,16404,16404,16390,16400,38
20171207,173000,16400,16400,16400,16400,1
20171208,101000,16550,16700,16550,16700,10
20171208,123500,16470,16470,16470,16470,4
20171208,140500,16401,16401,16401,16401,5
20171208,161000,16401,16411,16400,16411,9
20171208,164500,16450,16450,16450,16450,1
20171208,165000,16410,16412,16410,16412,4
20171208,174000,16388,16388,16375,16375,3
20171208,174500,16355,16355,16355,16355,1
20171208,180000,16355,16355,16334,16334,9
20171208,181000,16336,16336,16336,16336,1
20171211,100000,16336,16375,16336,16375,2
20171211,102500,16373,16375,16373,16375,4
20171211,105000,16375,16375,16375,16375,2
20171211,105500,16375,16375,16375,16375,6
20171211,211500,16875,16875,16658,16658,7
20171212,102500,16662,16662,16662,16662,1
20171212,123500,16495,16495,16495,16495,2
20171212,125000,16490,16490,16490,16490,3
20171212,175000,16599,16599,16550,16550,19
20171212,180500,16599,16599,16599,16599,8
20171212,181000,16599,16599,16599,16599,3
20171212,181500,16599,16599,16599,16599,21
20171213,100500,16500,16500,16500,16500,30
20171213,142500,16501,16501,16501,16501,1
20171213,160500,16495,16495,16490,16490,5
20171213,162500,16490,16490,16490,16490,68
20171213,173500,16444,16494,16444,16482,28
20171213,174000,16499,16499,16464,16464,6
20171213,183500,16506,16506,16506,16506,5
20171214,100000,16754,16754,16754,16754,1
20171214,161000,16601,16601,16450,16450,20
20171214,175000,16577,16577,16577,16577,10
20171214,175500,16588,16599,16588,16599,10
20171214,180500,16598,16598,16598,16598,5
20171214,182000,16570,16570,16570,16570,2
20171214,211500,16600,16600,16600,16600,1
20171214,233500,16600,16600,16600,16600,1
20171215,101000,16548,16548,16548,16548,1
20171215,101500,16549,16555,16549,16555,15
20171215,102000,16567,16567,16567,16567,1
20171215,104500,16537,16537,16537,16537,1
20171215,112500,16475,16475,16472,16472,6
20171215,114000,16434,16434,16434,16434,5
20171215,115000,16452,16452,16452,16452,1
20171215,132000,16488,16488,16488,16488,30
20171215,133500,16511,16511,16511,16511,16
20171215,140500,16470,16470,16470,16470,7
20171215,141000,16455,16455,16455,16455,5
20171215,141500,16515,16535,16450,16535,121
20171215,143000,16497,16499,16454,16454,72
20171215,144000,16537,16537,16537,16537,4
20171215,150500,16498,16499,16498,16499,3
20171215,151500,16427,16427,16427,16427,3
20171215,155500,16498,16498,16498,16498,1
20171215,161000,16498,16498,16498,16498,30
20171215,174500,16493,16494,16493,16494,20
20171215,180000,16428,16428,16427,16427,8
20171215,180500,16425,16425,16422,16422,5
20171215,181500,16450,16450,16450,16450,1
20171215,182000,16422,16422,16422,16422,1
20171218,100000,16500,16500,16500,16500,2
20171218,103000,16550,16550,16541,16541,106
20171218,104000,16521,16521,16520,16520,7
20171218,105000,16518,16518,16518,16518,4
20171218,110000,16539,16539,16539,16539,2
20171218,110500,16539,16544,16539,16544,8
20171218,111500,16528,16597,16528,16597,9
20171218,112000,16664,16666,16662,16663,11
20171218,113500,16726,16741,16725,16741,19
20171218,114000,16716,16716,16716,16716,1
20171218,115000,16708,16730,16706,16706,15
20171218,115500,16701,16706,16701,16706,4
20171218,120500,16688,16688,16687,16687,6
20171218,122000,16650,16650,16646,16646,43
20171218,122500,16620,16620,16620,16620,17
20171218,123000,16620,16625,16620,16625,33
20171218,123500,16620,16620,16610,16611,19
20171218,124000,16611,16611,16608,16608,7
20171218,125500,16586,16586,16586,16586,1
20171218,130500,16559,16559,16559,16559,1
20171218,132500,16617,16618,16578,16578,50
20171218,133000,16567,16567,16567,16567,5
20171218,133500,16559,16625,16552,16588,89
20171218,134000,16553,16553,16541,16541,7
20171218,135500,16535,16535,16535,16535,6
20171218,140500,16607,16607,16607,16607,6
20171218,141500,16527,16529,16525,16525,10
20171218,142500,16518,16518,16514,16514,8
20171218,143500,16516,16516,16516,16516,6
20171218,145000,16505,16505,16505,16505,6
20171218,145500,16504,16504,16500,16500,4
20171218,150000,16500,16500,16500,16500,32
20171218,150500,16501,16510,16500,16500,32
20171218,151000,16500,16500,16465,16480,44
20171218,153000,16493,16493,16493,16493,6
20171218,153500,16468,16468,16467,16467,15
20171218,154000,16467,16467,16467,16467,1
20171218,154500,16461,16461,16459,16460,8
20171218,161000,16475,16528,16475,16528,20
20171218,161500,16532,16538,16475,16493,19
20171218,162500,16466,16466,16460,16460,7
20171218,163000,16450,16464,16450,16464,6
20171218,164500,16460,16460,16460,16460,5
20171218,165000,16460,16460,16460,16460,1
20171218,165500,16470,16470,16470,16470,2
20171218,172500,16460,16460,16460,16460,1
20171218,174000,16475,16475,16475,16475,1
20171218,175000,16465,16465,16465,16465,3
20171218,175500,16470,16470,16470,16470,5
20171218,183000,16473,16473,16470,16470,4
20171218,183500,16472,16472,16472,16472,5
20171218,233000,16617,16618,16617,16618,4
20171219,100000,16400,16400,16400,16400,5
20171219,100500,16481,16517,16481,16517,7
20171219,101500,16500,16500,16500,16500,1
20171219,102500,16472,16472,16454,16454,10
20171219,103000,16457,16463,16457,16463,7
20171219,103500,16479,16490,16456,16490,13
20171219,110500,16450,16458,16450,16458,12
20171219,111000,16445,16445,16380,16381,45
20171219,111500,16380,16380,16380,16380,2
20171219,112000,16366,16366,16323,16323,24
20171219,112500,16340,16362,16340,16362,18
20171219,113500,16362,16422,16362,16422,32
20171219,114000,16418,16431,16418,16431,3
20171219,123500,16400,16400,16400,16400,18
20171219,125500,16415,16489,16415,16489,70
20171219,130000,16435,16435,16435,16435,19
20171219,130500,16435,16436,16435,16436,9
20171219,131000,16436,16436,16435,16435,6
20171219,131500,16435,16435,16435,16435,1
20171219,134000,16416,16417,16416,16417,3
20171219,135500,16429,16429,16429,16429,1
20171219,140500,16392,16392,16392,16392,3
20171219,142000,16357,16360,16352,16360,21
20171219,143000,16362,16362,16356,16356,2
20171219,145000,16362,16366,16362,16365,40
20171219,145500,16365,16365,16365,16365,41
20171219,150000,16363,16363,16363,16363,5
20171219,152000,16364,16364,16364,16364,1
20171219,152500,16364,16364,16360,16360,2
20171219,153500,16355,16355,16322,16322,12
20171219,160000,16324,16324,16299,16303,8
20171219,161500,16309,16310,16280,16280,18
20171219,162000,16283,16297,16283,16297,38
20171219,162500,16335,16360,16335,16360,13
20171219,163500,16369,16369,16366,16366,3
20171219,164500,16371,16371,16363,16363,13
20171219,170500,16366,16366,16366,16366,5
20171219,171000,16361,16365,16361,16365,15
20171219,175500,16361,16366,16360,16360,23
20171219,180000,16360,16360,16360,16360,2
20171219,180500,16365,16375,16365,16375,11
20171219,181500,16375,16375,16375,16375,5
20171219,182000,16375,16375,16360,16361,33
20171219,182500,16361,16361,16360,16360,18
20171219,183000,16375,16375,16375,16375,1
20171219,222500,16400,16434,16400,16430,3
20171220,100000,16281,16282,16281,16282,2
20171220,100500,16284,16322,16284,16291,22
20171220,101000,16298,16313,16287,16292,12
20171220,101500,16306,16311,16287,16310,9
20171220,102000,16287,16310,16283,16287,69
20171220,102500,16302,16302,16283,16283,26
20171220,103000,16296,16296,16282,16282,16
20171220,103500,16296,16296,16282,16282,32
20171220,104000,16282,16300,16250,16250,95
20171220,104500,16252,16252,16223,16223,58
20171220,105500,16213,16213,16213,16213,1
20171220,110500,16220,16220,16211,16211,25
20171220,111000,16171,16205,16168,16205,29
20171220,111500,16204,16238,16204,16238,20
20171220,112000,16190,16198,16187,16187,31
20171220,112500,16182,16182,16180,16180,4
20171220,113000,16180,16180,16156,16158,191
20171220,113500,16177,16177,16158,16158,11
20171220,114000,16156,16157,16113,16157,24
20171220,115000,16131,16132,16131,16132,8
20171220,115500,16130,16216,16130,16207,24
20171220,120000,16216,16295,16216,16295,26
20171220,120500,16236,16250,16235,16235,35
20171220,121000,16280,16306,16280,16306,7
20171220,121500,16305,16328,16305,16325,19
20171220,122500,16271,16285,16260,16275,29
20171220,124000,16282,16293,16282,16293,5
20171220,125500,16301,16301,16301,16301,2
20171220,130500,16326,16326,16287,16287,6
20171220,131000,16266,16266,16265,16265,10
20171220,131500,16265,16265,16265,16265,1
20171220,132500,16273,16350,16273,16350,26
20171220,133000,16350,16404,16350,16396,69
20171220,133500,16362,16362,16362,16362,1
20171220,134000,16346,16346,16341,16341,7
20171220,135000,16341,16353,16341,16353,3
20171220,135500,16349,16354,16349,16354,11
20171220,141500,16356,16359,16356,16359,17
20171220,142500,16369,16369,16369,16369,5
20171220,143000,16361,16366,16356,16366,34
20171220,143500,16358,16359,16358,16359,3
20171220,144000,16358,16358,16352,16354,22
20171220,144500,16358,16364,16354,16364,16
20171220,145000,16355,16355,16355,16355,1
20171220,150000,16400,16400,16400,16400,1
20171220,150500,16416,16428,16416,16428,5
20171220,151000,16400,16420,16400,16420,10
20171220,151500,16425,16459,16423,16459,28
20171220,152000,16455,16562,16450,16562,83
20171220,152500,16510,16510,16479,16494,28
20171220,153000,16474,16474,16463,16463,7
20171220,154000,16475,16490,16475,16490,12
20171220,154500,16500,16510,16500,16510,12
20171220,155000,16546,16563,16524,16547,53
20171220,155500,16552,16656,16552,16607,108
20171220,160000,16604,16712,16600,16705,108
20171220,160500,16728,16785,16720,16722,118
20171220,161000,16724,16729,16714,16724,14
20171220,161500,16729,16729,16686,16689,96
20171220,162000,16714,16740,16686,16716,28
20171220,162500,16708,16708,16702,16702,29
20171220,163000,16696,16696,16671,16671,25
20171220,163500,16697,16697,16693,16693,3
20171220,164000,16693,16750,16693,16721,226
20171220,164500,16743,16744,16711,16711,29
20171220,165000,16709,16725,16708,16725,38
20171220,165500,16725,16725,16725,16725,1
20171220,170000,16760,16884,16760,16884,76
20171220,171000,16860,16888,16857,16857,12
20171220,171500,16855,16855,16840,16840,11
20171220,172000,16825,16825,16787,16787,37
20171220,173000,16869,16880,16848,16849,11
20171220,174500,16825,16825,16791,16825,25
20171220,175000,16825,16843,16821,16843,19
20171220,175500,16831,16839,16830,16830,17
20171220,180500,16800,16823,16758,16758,40
20171220,181000,16796,16801,16767,16790,39
20171220,181500,16790,16790,16745,16745,12
20171220,182000,16740,16800,16703,16712,151
20171220,182500,16702,16702,16680,16680,9
20171220,183500,16660,16660,16660,16660,1
20171220,204000,16700,16702,16700,16702,2
20171220,204500,16786,16800,16783,16784,16
20171220,210500,16771,16771,16770,16770,6
20171220,211000,16770,16770,16770,16770,1
20171220,211500,16789,16798,16789,16798,10
20171220,212500,16794,16794,16794,16794,1
20171220,214500,16810,16810,16810,16810,1
20171220,215000,16800,16800,16800,16800,1
20171220,221000,16714,16714,16714,16714,1
20171220,233500,16789,16792,16789,16792,3
20171220,234000,16781,16781,16780,16780,10
20171221,100000,16780,16840,16780,16803,31
20171221,100500,16790,16790,16710,16725,25
20171221,101000,16711,16724,16700,16724,92
20171221,101500,16725,16725,16700,16700,40
20171221,102000,16700,16701,16663,16671,59
20171221,102500,16671,16677,16671,16671,65
20171221,103000,16675,16680,16662,16669,87
20171221,103500,16669,16679,16650,16651,42
20171221,104000,16654,16676,16644,16644,97
20171221,104500,16632,16670,16632,16641,59
20171221,105000,16641,16655,16639,16639,77
20171221,105500,16653,16661,16637,16637,19
20171221,110000,16646,16655,16624,16624,69
20171221,110500,16627,16627,16619,16620,17
20171221,111000,16628,16630,16627,16627,15
20171221,111500,16613,16617,16600,16603,68
20171221,112000,16607,16612,16603,16606,9
20171221,112500,16600,16600,16588,16600,11
20171221,113000,16600,16605,16600,16603,29
20171221,113500,16603,16647,16601,16647,16
20171221,114000,16622,16622,16605,16605,9
20171221,115000,16607,16617,16605,16612,43
20171221,120000,16609,16609,16605,16605,3
20171221,120500,16604,16605,16604,16605,8
20171221,121000,16601,16601,16595,16595,34
20171221,122000,16604,16604,16580,16580,38
20171221,123000,16615,16615,16591,16591,11
20171221,123500,16590,16600,16590,16600,46
20171221,124000,16594,16871,16587,16587,97
20171221,124500,16797,16917,16580,16591,131
20171221,125000,16577,16585,16568,16568,41
20171221,125500,16567,16584,16560,16574,55
20171221,130000,16572,16572,16560,16563,23
20171221,130500,16565,16576,16565,16565,16
20171221,131500,16565,16569,16556,16556,25
20171221,133000,16569,16569,16569,16569,1
20171221,133500,16557,16569,16556,16557,23
20171221,134000,16573,16573,16568,16568,5
20171221,135000,16561,16573,16560,16573,10
20171221,135500,16580,16580,16560,16560,13
20171221,140500,16566,16566,16565,16565,5
20171221,141500,16614,16619,16614,16619,10
20171221,142000,16608,16608,16607,16607,7
20171221,142500,16601,16628,16601,16628,14
20171221,143000,16650,16650,16623,16631,6
20171221,143500,16633,16645,16633,16642,10
20171221,144500,16644,16644,16588,16588,153
20171221,145000,16615,16615,16615,16615,1
20171221,145500,16613,16613,16608,16608,10
20171221,150000,16590,16617,16587,16599,56
20171221,150500,16621,16629,16621,16629,10
20171221,151000,16615,16633,16606,16620,46
20171221,151500,16600,16601,16600,16600,8
20171221,152000,16623,16623,16601,16611,8
20171221,152500,16600,16605,16600,16605,36
20171221,153000,16600,16631,16558,16558,134
20171221,153500,16571,16575,16558,16562,25
20171221,154000,16558,16560,16551,16551,43
20171221,154500,16551,16570,16550,16566,32
20171221,160000,16564,16564,16564,16564,1
20171221,160500,16586,16586,16570,16570,8
20171221,161000,16555,16590,16550,16590,66
20171221,161500,16601,16618,16557,16557,121
20171221,162000,16556,16570,16556,16569,13
20171221,162500,16551,16551,16550,16550,11
20171221,163000,16560,16560,16560,16560,1
20171221,163500,16548,16570,16548,16570,10
20171221,164000,16570,16579,16570,16570,3
20171221,164500,16566,16566,16563,16563,25
20171221,165500,16569,16569,16568,16568,2
20171221,170000,16581,16599,16581,16599,10
20171221,170500,16596,16597,16596,16597,3
20171221,171000,16598,16599,16598,16599,3
20171221,172000,16598,16598,16588,16588,33
20171221,173000,16597,16598,16597,16598,3
20171221,173500,16586,16586,16570,16580,19
20171221,174000,16569,16569,16569,16569,5
20171221,174500,16578,16579,16578,16579,4
20171221,175000,16575,16584,16551,16551,41
20171221,175500,16548,16558,16547,16555,6
20171221,180000,16550,16550,16545,16545,6
20171221,180500,16545,16550,16545,16550,51
20171221,181000,16555,16555,16537,16537,22
20171221,181500,16553,16553,16553,16553,1
20171221,182000,16539,16550,16538,16544,26
20171221,182500,16550,16554,16545,16554,35
20171221,183500,16599,16599,16550,16550,4
20171221,233500,16639,16640,16639,16640,2
20171222,100000,16599,16720,16580,16703,81
20171222,100500,16705,16705,16664,16664,34
20171222,101000,16675,16687,16656,16656,44
20171222,101500,16636,16668,16636,16652,12
20171222,102000,16671,16738,16671,16700,90
20171222,102500,16696,16700,16679,16700,28
20171222,103000,16685,16688,16600,16600,49
20171222,103500,16627,16630,16604,16617,21
20171222,104000,16608,16657,16597,16657,31
20171222,104500,16654,16655,16628,16628,15
20171222,105000,16644,16724,16644,16718,43
20171222,105500,16711,16711,16695,16695,11
20171222,110000,16710,16759,16710,16742,11
20171222,110500,16730,16730,16720,16720,5
20171222,111000,16713,16713,16691,16691,4
20171222,111500,16703,16703,16698,16698,2
20171222,112500,16694,16705,16677,16705,5
20171222,113000,16686,16686,16686,16686,5
20171222,113500,16688,16688,16666,16666,5
20171222,114000,16678,16678,16671,16671,2
20171222,115000,16676,16743,16676,16743,8
20171222,115500,16755,16755,16750,16750,2
20171222,120000,16706,16777,16706,16727,42
20171222,120500,16764,16785,16757,16779,71
20171222,121000,16777,16777,16777,16777,1
20171222,121500,16789,16928,16789,16915,76
20171222,122000,16901,16909,16888,16898,69
20171222,122500,16870,16889,16870,16889,6
20171222,123000,16894,16929,16893,16923,31
20171222,123500,16928,16940,16899,16899,87
20171222,124000,16895,16896,16877,16877,12
20171222,124500,16871,16896,16871,16896,2
20171222,125000,16870,16870,16840,16865,14
20171222,125500,16840,16840,16837,16840,5
20171222,130000,16825,16846,16825,16826,14
20171222,130500,16794,16814,16794,16814,6
20171222,131000,16813,16828,16813,16828,4
20171222,131500,16800,16800,16783,16783,6
20171222,132000,16783,16786,16780,16786,32
20171222,132500,16786,16786,16782,16786,5
20171222,133000,16773,16788,16773,16788,5
20171222,133500,16761,16778,16761,16778,4
20171222,134000,16768,16768,16764,16765,3
20171222,135000,16753,16753,16752,16752,4
20171222,135500,16754,16778,16754,16778,7
20171222,140500,16784,16804,16775,16800,49
20171222,141500,16799,16799,16799,16799,4
20171222,142000,16799,16807,16790,16790,10
20171222,142500,16800,16808,16800,16800,30
20171222,143000,16800,16801,16800,16800,19
20171222,143500,16800,16812,16786,16786,14
20171222,144500,16788,16797,16788,16797,5
20171222,145000,16797,16797,16793,16793,2
20171222,150000,16796,16797,16796,16797,4
20171222,150500,16797,16819,16797,16809,22
20171222,151000,16807,16911,16807,16894,46
20171222,151500,16930,17008,16896,16976,82
20171222,152000,16968,17018,16968,17012,48
20171222,152500,16998,17015,16976,17015,24
20171222,153000,17026,17044,17021,17044,31
20171222,153500,17055,17087,17055,17079,41
20171222,154000,17065,17065,17065,17065,1
20171222,154500,17057,17067,17036,17067,27
20171222,155000,17047,17055,17020,17020,29
20171222,155500,17020,17020,17006,17006,14
20171222,160000,16999,16999,16991,16991,10
20171222,160500,16998,17000,16991,16991,4
20171222,161000,16980,16980,16980,16980,20
20171222,161500,16975,16975,16975,16975,1
20171222,162000,16993,16993,16968,16968,3
20171222,162500,16967,16967,16967,16967,2
20171222,164000,16967,16976,16942,16942,72
20171222,164500,16941,17030,16941,17030,35
20171222,165000,17009,17009,17000,17000,50
20171222,170000,16976,16976,16976,16976,1
20171222,170500,16993,16993,16986,16990,19
20171222,171000,16958,16958,16958,16958,1
20171222,171500,16970,16978,16970,16978,2
20171222,172000,16969,17000,16967,17000,14
20171222,172500,16976,16976,16976,16976,1
20171222,173000,16990,16998,16989,16989,3
20171222,174000,17007,17022,17007,17022,20
20171222,174500,17033,17033,17033,17033,2
20171222,175000,17029,17029,17016,17016,4
20171222,180000,17009,17016,17009,17016,4
20171222,180500,17016,17016,17010,17010,16
20171222,181000,17016,17031,17016,17031,40
20171222,181500,17043,17065,17043,17050,23
20171222,182000,17059,17060,17059,17060,15
20171222,182500,17062,17075,17033,17033,49
20171222,183000,17030,17030,17030,17030,2
20171222,183500,17010,17010,17000,17006,9
20171222,184000,17077,17080,17077,17080,6
20171222,190000,17099,17099,17099,17099,1
20171222,190500,17092,17092,17092,17092,1
20171222,191500,17075,17075,17075,17075,2
20171222,213500,17011,17011,17010,17010,3
20171222,214500,17050,17069,17050,17069,2
20171225,100000,17003,17013,17003,17013,15
20171225,100500,17014,17034,16999,17011,51
20171225,101000,17001,17162,17001,17162,57
20171225,101500,17150,17188,17150,17175,46
20171225,102000,17176,17176,17108,17108,41
20171225,102500,17101,17101,17098,17098,7
20171225,103000,17073,17114,17072,17114,25
20171225,103500,17120,17128,17120,17127,7
20171225,104000,17125,17125,17118,17118,3
20171225,105000,17119,17124,17119,17124,6
20171225,105500,17111,17112,17110,17112,5
20171225,110000,17100,17100,17100,17100,1
20171225,110500,17094,17095,17094,17095,13
20171225,111000,17093,17093,17058,17058,5
20171225,111500,17082,17082,17044,17070,5
20171225,112000,17097,17099,17097,17099,3
20171225,112500,17060,17065,17058,17065,4
20171225,113000,17085,17100,17082,17082,9
20171225,114000,17114,17114,17114,17114,5
20171225,114500,17112,17112,17112,17112,1
20171225,121000,17098,17100,17098,17100,2
20171225,123000,17044,17063,17044,17061,10
20171225,124500,17060,17060,17060,17060,1
20171225,125000,17051,17051,17051,17051,1
20171225,130000,17044,17046,17037,17038,12
20171225,130500,17028,17029,17028,17028,4
20171225,131000,17018,17018,17018,17018,2
20171225,132500,17028,17028,17023,17023,3
20171225,133000,17024,17037,17020,17037,15
20171225,133500,17045,17045,17045,17045,1
20171225,134000,17036,17037,17035,17035,4
20171225,134500,17037,17039,17030,17030,7
20171225,135000,17040,17046,17040,17046,5
20171225,135500,17043,17057,17034,17035,7
20171225,140500,17038,17038,17035,17035,6
20171225,141000,17044,17052,17044,17047,16
20171225,141500,17040,17040,17040,17040,1
20171225,142000,17048,17054,17045,17046,11
20171225,142500,17044,17046,17044,17046,2
20171225,143500,17042,17042,17042,17042,1
20171225,145000,17031,17031,17030,17030,2
20171225,145500,17042,17057,17039,17039,6
20171225,150000,17039,17041,17032,17032,6
20171225,150500,17030,17030,17018,17018,4
20171225,151000,17021,17021,17021,17021,1
20171225,151500,17001,17001,16980,16980,17
20171225,152000,16985,16997,16985,16995,4
20171225,152500,16999,16999,16999,16999,1
20171225,153000,16992,16992,16973,16981,6
20171225,153500,16975,16975,16975,16975,1
20171225,154000,16975,16975,16958,16966,13
20171225,154500,16962,16969,16950,16955,19
20171225,155000,16955,16955,16953,16953,6
20171225,160000,16950,16954,16950,16954,7
20171225,160500,16953,17007,16920,17004,40
20171225,161000,16986,17007,16970,17007,18
20171225,161500,16983,16988,16956,16964,6
20171225,162500,16954,16966,16935,16945,20
20171225,163000,16922,16943,16921,16942,10
20171225,164000,16931,16937,16931,16937,2
20171225,164500,16931,16932,16931,16932,2
20171225,165000,16923,16931,16923,16931,2
20171225,165500,16910,16923,16910,16921,26
20171225,170000,16928,16928,16925,16926,5
20171225,170500,16922,16924,16922,16924,6
20171225,172500,16917,16917,16910,16911,17
20171225,173000,16910,16932,16910,16921,13
20171225,173500,16911,16912,16910,16910,26
20171225,174000,16910,16910,16910,16910,11
20171225,174500,16910,16910,16902,16902,14
20171225,175000,16901,16901,16901,16901,1
20171225,180000,16900,16912,16897,16897,8
20171225,180500,16896,16904,16892,16898,8
20171225,181000,16898,16899,16885,16885,6
20171225,181500,16889,16889,16889,16889,2
20171225,182000,16887,16887,16887,16887,5
20171225,182500,16895,16895,16895,16895,1
20171225,183000,16919,16919,16918,16918,3
20171225,183500,16919,16919,16919,16919,2
20171225,192000,16940,16940,16940,16940,1
20171225,192500,16950,16950,16950,16950,1
20171225,200500,16950,16950,16950,16950,8
20171225,202000,16999,16999,16999,16999,2
20171225,202500,17006,17006,17006,17006,1
20171225,222000,16973,16973,16972,16972,7
20171226,100000,17000,17001,16972,16972,5
20171226,100500,16957,16963,16951,16963,9
20171226,101000,16954,16957,16953,16956,7
20171226,101500,16950,16959,16950,16952,15
20171226,102000,16951,16951,16951,16951,1
20171226,102500,16958,16958,16895,16935,74
20171226,103000,16936,16948,16920,16935,23
20171226,103500,16915,16915,16904,16904,5
20171226,104000,16897,16897,16887,16887,2
20171226,104500,16848,16851,16792,16792,47
20171226,105000,16801,16801,16801,16801,1
20171226,105500,16819,16823,16819,16823,2
20171226,111000,16832,16832,16832,16832,1
20171226,112000,16850,16850,16850,16850,2
20171226,112500,16859,16859,16859,16859,1
20171226,113000,16829,16829,16822,16822,4
20171226,113500,16812,16812,16780,16782,24
20171226,114500,16814,16814,16811,16811,2
20171226,115000,16817,16817,16817,16817,1
20171226,115500,16806,16806,16806,16806,1
20171226,120000,16822,16834,16822,16834,32
20171226,120500,16834,16834,16834,16834,2
20171226,122500,16795,16806,16783,16806,7
20171226,123000,16778,16785,16778,16785,5
20171226,123500,16775,16775,16754,16756,62
20171226,124000,16754,16761,16754,16761,25
20171226,124500,16771,16772,16771,16772,3
20171226,125000,16756,16760,16756,16760,5
20171226,125500,16762,16781,16762,16781,11
20171226,130000,16769,16769,16769,16769,1
20171226,130500,16790,16807,16790,16807,27
20171226,131000,16797,16797,16754,16761,33
20171226,131500,16761,16762,16741,16741,37
20171226,132000,16745,16745,16744,16744,2
20171226,132500,16742,16742,16742,16742,1
20171226,133000,16744,16744,16744,16744,2
20171226,133500,16750,16754,16750,16754,7
20171226,134000,16753,16753,16753,16753,12
20171226,134500,16753,16753,16752,16752,14
20171226,135000,16765,16767,16765,16767,2
20171226,140500,16762,16762,16762,16762,1
20171226,141000,16763,16763,16762,16762,2
20171226,141500,16773,16797,16773,16797,31
20171226,142000,16789,16789,16778,16778,8
20171226,142500,16776,16779,16776,16779,3
20171226,143000,16803,16819,16803,16819,7
20171226,145000,16814,16814,16814,16814,2
20171226,150000,16804,16804,16780,16780,8
20171226,153000,16779,16779,16762,16764,8
20171226,153500,16749,16749,16749,16749,1
20171226,154000,16750,16750,16741,16741,8
20171226,155500,16727,16727,16723,16723,3
20171226,160000,16725,16725,16725,16725,1
20171226,160500,16740,16740,16740,16740,2
20171226,161500,16732,16732,16732,16732,5
20171226,162000,16725,16725,16717,16717,10
20171226,162500,16719,16719,16718,16718,6
20171226,163000,16725,16725,16725,16725,1
20171226,163500,16725,16725,16725,16725,1
20171226,165000,16725,16725,16725,16725,2
20171226,165500,16714,16714,16714,16714,1
20171226,170000,16712,16712,16712,16712,2
20171226,170500,16705,16714,16704,16714,8
20171226,171000,16728,16728,16721,16722,3
20171226,171500,16714,16714,16700,16700,4
20171226,172000,16702,16702,16679,16679,26
20171226,172500,16687,16711,16687,16711,3
20171226,173000,16711,16711,16697,16697,21
20171226,173500,16694,16694,16679,16679,4
20171226,174000,16696,16696,16690,16690,8
20171226,174500,16679,16688,16655,16655,38
20171226,175000,16655,16655,16655,16655,5
20171226,175500,16655,16655,16652,16652,2
20171226,180500,16657,16657,16657,16657,1
20171226,181000,16673,16678,16673,16678,2
20171226,181500,16656,16656,16655,16656,4
20171226,182000,16663,16663,16663,16663,1
20171226,182500,16662,16662,16647,16656,9
20171226,183000,16671,16671,16655,16667,22
20171226,183500,16685,16701,16685,16701,14
20171226,231500,16661,16661,16600,16600,19
20171227,100000,16689,16690,16660,16660,8
20171227,101000,16675,16701,16675,16701,6
20171227,101500,16700,16728,16700,16728,6
20171227,102000,16717,16717,16710,16710,3
20171227,102500,16721,16721,16721,16721,1
20171227,104000,16749,16749,16749,16749,1
20171227,104500,16735,16741,16735,16741,6
20171227,105500,16728,16728,16708,16716,12
20171227,110000,16725,16726,16725,16726,2
20171227,111000,16750,16764,16747,16764,13
20171227,111500,16767,16770,16767,16768,8
20171227,112500,16771,16771,16756,16769,8
20171227,113000,16760,16760,16760,16760,1
20171227,113500,16769,16780,16769,16780,6
20171227,114500,16803,16803,16789,16792,15
20171227,115000,16794,16794,16791,16791,7
20171227,115500,16780,16780,16780,16780,1
20171227,120000,16801,16801,16801,16801,3
20171227,121000,16795,16803,16795,16803,4
20171227,121500,16810,16814,16810,16814,26
20171227,122000,16805,16806,16800,16800,20
20171227,122500,16793,16806,16792,16806,35
20171227,123000,16799,16800,16788,16800,40
20171227,124000,16809,16809,16809,16809,1
20171227,124500,16808,16815,16808,16815,12
20171227,125000,16802,16806,16800,16806,14
20171227,125500,16800,16800,16800,16800,9
20171227,130000,16808,16808,16808,16808,1
20171227,131500,16806,16806,16806,16806,1
20171227,132000,16791,16791,16789,16789,10
20171227,132500,16800,16800,16790,16790,8
20171227,133500,16777,16789,16777,16789,2
20171227,134000,16803,16805,16803,16805,3
20171227,135500,16792,16792,16792,16792,1
20171227,140500,16774,16774,16774,16774,5
20171227,141000,16776,16778,16776,16778,5
20171227,144500,16775,16775,16775,16775,2
20171227,145000,16771,16771,16771,16771,3
20171227,150500,16770,16770,16770,16770,2
20171227,151000,16777,16777,16777,16777,2
20171227,151500,16763,16779,16763,16779,3
20171227,152000,16764,16764,16752,16752,3
20171227,153000,16757,16757,16738,16738,50
20171227,153500,16733,16760,16714,16757,40
20171227,154000,16745,16747,16745,16745,3
20171227,155000,16736,16738,16727,16727,12
20171227,160000,16721,16735,16721,16735,7
20171227,162500,16720,16720,16720,16720,1
20171227,163500,16716,16734,16715,16733,42
20171227,165500,16726,16750,16719,16750,28
20171227,171000,16713,16713,16713,16713,3
20171227,171500,16692,16692,16650,16650,29
20171227,173000,16675,16679,16675,16679,3
20171227,175000,16668,16668,16668,16668,1
20171227,175500,16665,16665,16639,16639,6
20171227,180000,16632,16632,16621,16621,7
20171227,180500,16621,16621,16621,16621,8
20171227,181000,16632,16635,16632,16633,4
20171227,181500,16621,16621,16607,16607,23
20171227,182000,16605,16610,16581,16592,29
20171227,182500,16593,16595,16545,16579,28
20171227,183000,16571,16571,16571,16571,5
20171227,183500,16563,16584,16492,16505,53
20171227,184000,16505,16505,16505,16505,2
20171227,190000,16457,16459,16457,16459,5
20171227,190500,16460,16460,16460,16460,2
20171227,193000,16483,16483,16483,16483,1
20171227,200500,16483,16483,16483,16483,2
20171227,203000,16484,16484,16484,16484,1
20171227,214500,16500,16500,16500,16500,1
20171227,222500,16486,16486,16486,16486,2
20171227,232500,16508,16508,16508,16508,1
20171228,100000,16518,16633,16518,16619,14
20171228,100500,16612,16621,16611,16621,4
20171228,101000,16620,16635,16614,16614,8
20171228,102000,16640,16640,16640,16640,1
20171228,102500,16610,16610,16610,16610,1
20171228,103000,16604,16604,16604,16604,1
20171228,103500,16606,16606,16606,16606,1
20171228,104000,16588,16588,16585,16585,5
20171228,104500,16605,16605,16605,16605,1
20171228,105500,16614,16620,16594,16594,10
20171228,111000,16594,16603,16590,16603,6
20171228,111500,16624,16625,16624,16625,4
20171228,112500,16621,16628,16621,16628,9
20171228,113500,16628,16628,16626,16626,7
20171228,114500,16612,16612,16612,16612,2
20171228,115500,16585,16585,16583,16583,3
20171228,121000,16576,16576,16572,16572,5
20171228,121500,16571,16578,16571,16578,4
20171228,122000,16578,16578,16573,16573,9
20171228,122500,16580,16580,16580,16580,1
20171228,123000,16568,16568,16568,16568,1
20171228,124500,16576,16576,16569,16569,13
20171228,125500,16568,16568,16568,16568,2
20171228,130500,16554,16554,16554,16554,1
20171228,131000,16558,16558,16558,16558,2
20171228,132000,16557,16557,16557,16557,1
20171228,132500,16563,16563,16552,16552,3
20171228,133000,16562,16585,16553,16553,22
20171228,133500,16576,16577,16576,16577,2
20171228,134500,16581,16598,16581,16598,12
20171228,135000,16599,16599,16599,16599,1
20171228,140500,16590,16590,16585,16585,6
20171228,141000,16565,16565,16561,16561,5
20171228,142000,16565,16565,16565,16565,1
20171228,142500,16551,16551,16549,16549,2
20171228,143000,16553,16553,16527,16527,3
20171228,143500,16520,16530,16520,16530,3
20171228,145000,16553,16560,16540,16540,7
20171228,150000,16569,16570,16569,16570,2
20171228,150500,16565,16565,16565,16565,1
20171228,151000,16554,16560,16554,16560,2
20171228,152000,16545,16546,16545,16546,2
20171228,152500,16538,16538,16538,16538,1
20171228,163500,16536,16536,16536,16536,1
20171228,164000,16540,16540,16540,16540,1
20171228,165000,16553,16553,16553,16553,1
20171228,165500,16553,16556,16553,16556,5
20171228,171500,16577,16577,16575,16575,3
20171228,173000,16587,16587,16587,16587,1
20171228,174500,16571,16571,16570,16570,5
20171228,175000,16571,16580,16568,16580,8
20171228,175500,16579,16579,16579,16579,2
20171228,180500,16586,16586,16586,16586,1
20171228,181500,16592,16592,16565,16566,21
20171228,182000,16587,16587,16587,16587,7
20171228,182500,16578,16578,16559,16559,8
20171228,183000,16556,16556,16555,16555,4
20171228,183500,16546,16546,16532,16532,3
20171228,193000,16581,16583,16556,16583,7
20171228,205000,16587,16587,16583,16583,8
20171228,215500,16558,16558,16557,16557,4
20171228,234500,16556,16556,16556,16556,2
20171229,100000,16556,16571,16540,16571,5
20171229,100500,16587,16591,16557,16557,8
20171229,101000,16571,16571,16541,16558,17
20171229,101500,16558,16558,16558,16558,3
20171229,102500,16542,16556,16541,16556,6
20171229,103500,16553,16553,16551,16551,2
20171229,105000,16551,16551,16549,16550,7
20171229,110000,16544,16544,16544,16544,1
20171229,110500,16543,16554,16543,16554,2
20171229,111000,16551,16551,16546,16546,3
20171229,111500,16547,16547,16535,16536,8
20171229,112000,16531,16531,16518,16525,9
20171229,115000,16540,16540,16540,16540,10
20171229,115500,16532,16534,16532,16534,2
20171229,122500,16543,16543,16542,16542,2
20171229,125000,16556,16559,16556,16559,2
20171229,125500,16539,16539,16534,16534,13
20171229,131500,16526,16533,16526,16533,4
20171229,132500,16532,16532,16532,16532,5
20171229,135000,16514,16514,16506,16506,5
20171229,141500,16513,16513,16513,16513,1
20171229,142000,16526,16527,16526,16527,10
20171229,150000,16511,16531,16511,16531,9
20171229,150500,16514,16520,16512,16520,11
20171229,151000,16524,16536,16524,16525,11
20171229,151500,16531,16531,16530,16530,2
20171229,152000,16527,16527,16527,16527,3
20171229,153500,16534,16534,16534,16534,1
20171229,160500,16553,16560,16536,16551,6
20171229,161000,16549,16549,16549,16549,1
20171229,162000,16556,16556,16556,16556,3
20171229,163500,16575,16575,16575,16575,1
20171229,164000,16576,16576,16563,16563,2
20171229,164500,16569,16569,16562,16562,2
20171229,165000,16569,16570,16569,16570,2
20171229,165500,16579,16579,16568,16568,3
20171229,170500,16562,16562,16562,16562,1
20171229,171000,16562,16562,16562,16562,1
20171229,173000,16554,16558,16547,16558,9
20171229,174000,16542,16542,16542,16542,1
20171229,175000,16535,16535,16535,16535,1
20171229,175500,16517,16517,16513,16513,5
20171229,181000,16515,16515,16515,16515,1
20171229,181500,16519,16527,16503,16519,13
20171229,182000,16515,16515,16515,16515,2
20171229,182500,16518,16518,16516,16516,7
20171229,183500,16526,16526,16480,16480,8
20180103,100500,16543,16543,16302,16433,151
20180103,101000,16440,16457,16440,16455,10
20180103,101500,16470,16486,16470,16485,64
20180103,102000,16512,16512,16512,16512,4
20180103,103000,16524,16547,16519,16547,18
20180103,103500,16552,16552,16552,16552,5
20180103,104000,16558,16558,16558,16558,1
20180103,110000,16562,16562,16559,16561,4
20180103,111000,16568,16568,16568,16568,1
20180103,111500,16558,16558,16558,16558,3
20180103,112000,16554,16563,16553,16556,17
20180103,112500,16555,16555,16555,16555,24
20180103,114000,16553,16553,16553,16553,2
20180103,114500,16536,16536,16534,16534,2
20180103,122500,16552,16552,16552,16552,4
20180103,125500,16568,16573,16568,16573,2
20180103,131500,16573,16573,16560,16560,2
20180103,132000,16559,16559,16557,16557,3
20180103,133500,16551,16551,16551,16551,1
20180103,134000,16572,16619,16572,16600,14
20180103,134500,16629,16629,16629,16629,2
20180103,135500,16628,16628,16606,16606,4
20180103,142000,16633,16633,16633,16633,2
20180103,143000,16635,16638,16635,16638,3
20180103,144500,16645,16654,16633,16633,22
20180103,145000,16628,16628,16628,16628,1
20180103,150000,16632,16633,16632,16633,5
20180103,152500,16660,16660,16660,16660,1
20180103,153500,16640,16640,16640,16640,1
20180103,154500,16656,16659,16656,16659,2
20180103,155000,16643,16643,16642,16642,2
20180103,160500,16659,16659,16659,16659,1
20180103,164000,16660,16660,16660,16660,1
20180103,165000,16662,16662,16662,16662,3
20180103,170000,16659,16659,16650,16650,10
20180103,170500,16650,16650,16623,16623,28
20180103,173000,16624,16624,16624,16624,1
20180103,173500,16617,16617,16617,16617,2
20180103,174000,16624,16624,16624,16624,1
20180103,180000,16602,16615,16600,16614,5
20180103,180500,16624,16624,16624,16624,1
20180103,182000,16652,16652,16652,16652,4
20180103,182500,16649,16654,16642,16642,8
20180103,183000,16642,16642,16629,16634,7
20180103,183500,16626,16626,16596,16596,8
20180103,191500,16661,16661,16661,16661,1
20180104,100000,16630,16647,16630,16647,2
20180104,100500,16638,16638,16638,16638,5
20180104,101000,16657,16657,16649,16649,5
20180104,101500,16651,16651,16651,16651,1
20180104,102500,16648,16648,16609,16611,17
20180104,103000,16614,16614,16579,16579,62
20180104,104000,16561,16587,16560,16587,7
20180104,104500,16608,16621,16608,16621,6
20180104,105000,16606,16606,16583,16583,2
20180104,105500,16582,16590,16582,16590,11
20180104,110500,16612,16612,16612,16612,1
20180104,111000,16600,16600,16596,16599,4
20180104,112500,16615,16645,16615,16645,2
20180104,113000,16642,16645,16642,16645,5
20180104,113500,16628,16629,16619,16619,11
20180104,115000,16601,16602,16600,16602,11
20180104,115500,16618,16618,16618,16618,1
20180104,120000,16618,16632,16618,16624,7
20180104,123000,16623,16629,16612,16612,10
20180104,123500,16631,16631,16631,16631,1
20180104,124500,16649,16659,16649,16655,17
20180104,125500,16646,16646,16646,16646,1
20180104,130000,16671,16676,16671,16675,6
20180104,131000,16678,16700,16665,16668,31
20180104,131500,16633,16641,16627,16641,5
20180104,132000,16646,16652,16646,16646,6
20180104,133000,16643,16643,16625,16630,23
20180104,133500,16608,16610,16592,16603,13
20180104,134000,16624,16630,16607,16630,9
20180104,135000,16647,16661,16646,16646,4
20180104,135500,16645,16645,16625,16625,15
20180104,140500,16606,16606,16603,16603,7
20180104,141000,16603,16603,16603,16603,1
20180104,141500,16592,16592,16538,16567,72
20180104,142000,16575,16592,16575,16585,49
20180104,143000,16594,16594,16594,16594,1
20180104,143500,16594,16594,16594,16594,3
20180104,144000,16577,16577,16548,16556,56
20180104,144500,16551,16568,16517,16568,30
20180104,145000,16570,16570,16570,16570,6
20180104,151500,16596,16598,16596,16598,6
20180104,152000,16600,16600,16600,16600,5
20180104,153500,16589,16589,16589,16589,3
20180104,154500,16598,16600,16598,16600,5
20180104,155500,16596,16596,16596,16596,3
20180104,160000,16608,16624,16595,16624,9
20180104,160500,16618,16618,16615,16615,103
20180104,161000,16598,16599,16576,16576,4
20180104,161500,16589,16589,16553,16553,130
20180104,162500,16572,16600,16572,16600,10
20180104,173000,16617,16617,16617,16617,2
20180104,173500,16605,16620,16600,16600,30
20180104,174000,16600,16601,16570,16570,18
20180104,174500,16582,16584,16566,16566,13
20180104,175500,16597,16598,16597,16598,4
20180104,181500,16615,16623,16615,16623,10
20180104,182000,16619,16619,16612,16612,12
20180104,182500,16612,16612,16612,16612,1
20180104,183000,16612,16613,16599,16612,33
20180104,183500,16610,16614,16556,16556,12
20180104,232000,16619,16630,16619,16630,2
20180105,100000,16641,16660,16641,16660,3
20180105,100500,16649,16649,16649,16649,1
20180105,101000,16650,16655,16650,16655,3
20180105,102000,16668,16674,16668,16674,14
20180105,102500,16663,16671,16663,16671,11
20180105,103000,16674,16678,16642,16642,12
20180105,103500,16645,16645,16636,16637,9
20180105,104000,16629,16629,16629,16629,5
20180105,104500,16630,16630,16611,16629,59
20180105,105000,16630,16722,16630,16695,178
20180105,110000,16684,16684,16680,16680,11
20180105,110500,16674,16678,16674,16678,3
20180105,112500,16678,16678,16678,16678,2
20180105,113000,16692,16692,16690,16692,5
20180105,114000,16680,16680,16680,16680,5
20180105,114500,16675,16680,16675,16680,4
20180105,120000,16670,16670,16670,16670,3
20180105,121000,16668,16671,16668,16671,6
20180105,123500,16655,16655,16651,16651,5
20180105,125500,16630,16630,16630,16630,8
20180105,130000,16612,16612,16611,16611,4
20180105,130500,16593,16607,16583,16606,17
20180105,131000,16601,16601,16600,16600,4
20180105,133000,16600,16600,16600,16600,3
20180105,135000,16594,16594,16594,16594,1
20180105,135500,16618,16618,16618,16618,2
20180105,144500,16594,16594,16594,16594,1
20180105,145000,16591,16591,16591,16591,1
20180105,150000,16583,16583,16583,16583,8
20180105,150500,16588,16588,16588,16588,1
20180105,155500,16599,16600,16599,16600,5
20180105,160000,16600,16600,16600,16600,3
20180105,161000,16595,16595,16595,16595,3
20180105,162500,16596,16596,16595,16595,8
20180105,163000,16604,16604,16604,16604,7
20180105,163500,16608,16612,16608,16611,8
20180105,170500,16593,16597,16593,16597,2
20180105,171000,16600,16600,16600,16600,35
20180105,171500,16600,16600,16600,16600,5
20180105,172000,16600,16600,16600,16600,3
20180105,175500,16602,16615,16602,16615,22
20180105,180000,16615,16615,16615,16615,2
20180105,180500,16619,16620,16619,16620,4
20180105,181000,16618,16623,16618,16622,13
20180105,183000,16637,16637,16637,16637,1
20180105,183500,16647,16647,16620,16620,7
20180105,202000,16680,16680,16680,16680,5
20180105,222000,16669,16669,16669,16669,1
20180105,234500,16672,16672,16672,16672,1
20180109,100000,16678,16705,16678,16705,17
20180109,100500,16718,16718,16718,16718,2
20180109,101000,16694,16694,16694,16694,10
20180109,101500,16700,16700,16699,16699,4
20180109,102000,16691,16691,16690,16690,3
20180109,103000,16683,16683,16681,16681,6
20180109,103500,16662,16662,16659,16659,4
20180109,104000,16659,16681,16657,16681,9
20180109,104500,16668,16668,16666,16666,6
20180109,111000,16690,16690,16690,16690,20
20180109,111500,16687,16687,16638,16646,25
20180109,112500,16681,16681,16681,16681,1
20180109,113000,16676,16685,16675,16685,16
20180109,115000,16689,16708,16689,16708,16
20180109,115500,16724,16724,16724,16724,1
20180109,120000,16726,16744,16726,16744,12
20180109,121000,16759,16787,16745,16787,57
20180109,121500,16799,16799,16789,16789,21
20180109,122000,16787,16787,16766,16769,4
20180109,124000,16763,16763,16763,16763,4
20180109,124500,16780,16780,16780,16780,2
20180109,125000,16780,16788,16780,16788,6
20180109,125500,16775,16775,16766,16766,11
20180109,130000,16786,16818,16786,16818,17
20180109,130500,16828,16828,16828,16828,1
20180109,131000,16828,16870,16828,16870,116
20180109,131500,16889,16904,16884,16884,27
20180109,132000,16882,16882,16882,16882,1
20180109,132500,16868,16868,16833,16833,3
20180109,133000,16817,16817,16800,16800,22
20180109,133500,16794,16795,16792,16792,3
20180109,134000,16803,16803,16802,16802,2
20180109,134500,16790,16790,16789,16789,4
20180109,135000,16790,16790,16790,16790,2
20180109,135500,16783,16794,16768,16768,7
20180109,140500,16763,16763,16714,16714,42
20180109,141000,16744,16756,16744,16756,5
20180109,142000,16726,16726,16702,16702,8
20180109,142500,16734,16755,16734,16755,3
20180109,144000,16720,16730,16720,16730,5
20180109,145500,16755,16765,16752,16752,29
20180109,150000,16768,16768,16768,16768,1
20180109,150500,16776,16776,16776,16776,3
20180109,151000,16783,16783,16783,16783,1
20180109,151500,16761,16761,16759,16759,2
20180109,152000,16756,16756,16743,16743,5
20180109,152500,16743,16743,16734,16734,18
20180109,153000,16731,16731,16693,16696,21
20180109,153500,16693,16693,16693,16693,3
20180109,154000,16680,16695,16631,16631,117
20180109,154500,16632,16635,16629,16632,24
20180109,155500,16639,16656,16590,16656,180
20180109,160500,16666,16667,16651,16653,19
20180109,161000,16661,16661,16661,16661,3
20180109,161500,16666,16683,16666,16683,5
20180109,163500,16674,16674,16662,16662,30
20180109,173500,16703,16703,16703,16703,1
20180109,175000,16695,16696,16691,16691,4
20180109,180500,16678,16678,16678,16678,1
20180109,182000,16676,16676,16676,16676,1
20180109,182500,16674,16674,16674,16674,2
20180109,183000,16692,16693,16692,16693,21
20180109,183500,16711,16740,16711,16740,5
20180109,210500,16824,16824,16824,16824,1
20180109,221000,16788,16789,16722,16722,4
20180110,101000,16703,16721,16696,16721,38
20180110,102500,16705,16705,16705,16705,70
20180110,110500,16651,16651,16651,16651,3
20180110,111000,16650,16650,16650,16650,3
20180110,111500,16680,16680,16680,16680,3
20180110,112000,16665,16689,16654,16654,3
20180110,112500,16653,16675,16653,16675,70
20180110,113000,16665,16665,16660,16660,17
20180110,113500,16660,16660,16660,16660,39
20180110,114000,16669,16670,16660,16660,29
20180110,115000,16656,16656,16656,16656,5
20180110,115500,16651,16651,16651,16651,1
20180110,120000,16661,16661,16661,16661,11
20180110,120500,16651,16665,16650,16657,19
20180110,121000,16652,16657,16652,16657,2
20180110,121500,16650,16662,16650,16662,5
20180110,122000,16663,16665,16663,16665,5
20180110,123000,16651,16659,16651,16651,15
20180110,123500,16650,16650,16629,16629,61
20180110,124000,16629,16648,16620,16640,99
20180110,124500,16645,16648,16625,16625,52
20180110,125000,16625,16649,16625,16649,11
20180110,125500,16625,16634,16625,16633,5
20180110,130500,16626,16626,16626,16626,1
20180110,131000,16655,16684,16655,16683,35
20180110,131500,16651,16659,16651,16651,12
20180110,132000,16651,16665,16651,16665,6
20180110,132500,16636,16638,16620,16638,50
20180110,133000,16622,16622,16622,16622,5
20180110,133500,16637,16640,16637,16640,6
20180110,135500,16621,16630,16620,16630,29
20180110,140500,16630,16630,16611,16622,10
20180110,141000,16629,16629,16629,16629,2
20180110,141500,16627,16627,16627,16627,2
20180110,142000,16610,16620,16610,16620,18
20180110,144000,16603,16603,16603,16603,5
20180110,145000,16604,16604,16604,16604,2
20180110,145500,16613,16616,16605,16605,14
20180110,150000,16604,16619,16600,16600,55
20180110,151000,16600,16600,16600,16600,3
20180110,151500,16600,16601,16600,16600,72
20180110,153500,16601,16610,16595,16595,26
20180110,155000,16616,16616,16616,16616,5
20180110,155500,16596,16596,16595,16595,5
20180110,160000,16595,16595,16591,16591,10
20180110,160500,16613,16648,16613,16648,20
20180110,161000,16636,16636,16636,16636,8
20180110,161500,16608,16608,16593,16593,25
20180110,163000,16591,16591,16590,16590,30
20180110,164000,16630,16631,16626,16626,4
20180110,165500,16615,16615,16599,16599,5
20180110,170000,16590,16590,16590,16590,5
20180110,170500,16623,16623,16623,16623,1
20180110,171500,16600,16600,16600,16600,10
20180110,172000,16600,16600,16600,16600,1
20180110,172500,16592,16592,16592,16592,4
20180110,173500,16642,16642,16642,16642,1
20180110,174000,16646,16646,16590,16590,75
20180110,174500,16649,16650,16626,16650,49
20180110,175000,16644,16644,16641,16641,3
20180110,175500,16650,16650,16650,16650,3
20180110,180000,16665,16670,16665,16670,2
20180110,181000,16670,16676,16670,16676,6
20180110,181500,16687,16687,16670,16683,60
20180110,182000,16693,16694,16685,16685,7
20180110,182500,16680,16697,16679,16694,61
20180110,183000,16700,16700,16694,16694,78
20180110,183500,16699,16699,16665,16688,26
20180110,231500,16728,16728,16728,16728,1
20180111,100000,16691,16711,16688,16688,28
20180111,100500,16690,16690,16656,16657,37
20180111,101000,16684,16686,16681,16683,11
20180111,101500,16683,16683,16683,16683,5
20180111,102500,16699,16700,16693,16698,23
20180111,103000,16693,16706,16693,16706,23
20180111,104500,16710,16710,16710,16710,1
20180111,105500,16722,16733,16719,16719,5
20180111,111500,16735,16770,16735,16770,3
20180111,112000,16780,16800,16780,16800,39
20180111,112500,16799,16810,16791,16810,89
20180111,113000,16810,16810,16805,16805,7
20180111,113500,16792,16792,16792,16792,3
20180111,114000,16796,16796,16772,16795,24
20180111,114500,16796,16796,16796,16796,3
20180111,115500,16796,16800,16796,16800,5
20180111,120000,16803,16805,16803,16805,20
20180111,120500,16809,16809,16809,16809,5
20180111,121500,16823,16823,16823,16823,1
20180111,122500,16825,16844,16825,16835,57
20180111,123000,16834,16835,16834,16835,9
20180111,123500,16845,16866,16845,16866,71
20180111,124000,16855,16865,16855,16865,23
20180111,124500,16865,16875,16865,16870,97
20180111,125000,16871,16871,16871,16871,1
20180111,125500,16876,16876,16828,16828,17
20180111,131500,16825,16825,16825,16825,25
20180111,133500,16823,16823,16823,16823,6
20180111,134500,16805,16805,16800,16800,44
20180111,135500,16800,16800,16800,16800,4
20180111,140500,16800,16800,16800,16800,8
20180111,141000,16778,16778,16778,16778,5
20180111,141500,16790,16791,16790,16791,13
20180111,144000,16792,16792,16792,16792,5
20180111,144500,16798,16798,16798,16798,1
20180111,151000,16841,16862,16841,16862,51
20180111,151500,16872,16872,16870,16870,56
20180111,152500,16861,16861,16861,16861,2
20180111,153000,16850,16850,16831,16831,25
20180111,153500,16880,16880,16880,16880,10
20180111,154000,16877,16877,16870,16870,4
20180111,154500,16879,16880,16870,16870,17
20180111,155000,16880,16880,16875,16880,68
20180111,155500,16880,16889,16875,16876,32
20180111,160000,16889,16889,16874,16875,64
20180111,160500,16854,16872,16854,16872,25
20180111,161500,16838,16838,16750,16783,156
20180111,162000,16760,16760,16746,16748,104
20180111,162500,16763,16782,16761,16782,18
20180111,163000,16765,16768,16736,16736,26
20180111,163500,16777,16777,16738,16756,13
20180111,164000,16772,16772,16772,16772,1
20180111,170500,16774,16776,16774,16776,7
20180111,172500,16791,16792,16791,16792,3
20180111,174500,16780,16780,16779,16779,8
20180111,175500,16805,16805,16805,16805,8
20180111,180500,16813,16813,16813,16813,5
20180111,181000,16801,16801,16779,16779,115
20180111,181500,16799,16813,16776,16813,33
20180111,182000,16794,16795,16794,16794,11
20180111,182500,16788,16788,16725,16768,82
20180111,183000,16775,16781,16730,16740,51
20180111,183500,16768,16781,16738,16781,20
20180111,210000,16834,16834,16834,16834,1
20180111,212000,16835,16835,16835,16835,2
20180111,231500,16830,16830,16830,16830,1
20180112,100000,16780,16790,16760,16761,23
20180112,100500,16761,16794,16741,16785,25
20180112,101000,16743,16743,16704,16725,16
20180112,101500,16763,16808,16763,16803,19
20180112,102000,16782,16782,16782,16782,3
20180112,102500,16799,16799,16799,16799,2
20180112,103000,16820,16820,16817,16817,11
20180112,104000,16783,16783,16783,16783,1
20180112,105000,16775,16775,16775,16775,5
20180112,105500,16767,16767,16767,16767,1
20180112,110000,16734,16734,16734,16734,1
20180112,110500,16753,16753,16752,16753,6
20180112,111000,16753,16755,16753,16755,3
20180112,111500,16750,16760,16750,16760,14
20180112,112000,16768,16770,16768,16770,5
20180112,113000,16760,16761,16760,16760,13
20180112,113500,16750,16750,16748,16748,3
20180112,114000,16740,16740,16725,16725,12
20180112,115000,16726,16726,16725,16725,13
20180112,115500,16725,16725,16725,16725,46
20180112,120000,16730,16730,16730,16730,9
20180112,121000,16754,16768,16754,16768,6
20180112,121500,16767,16767,16767,16767,10
20180112,122500,16734,16734,16734,16734,4
20180112,123000,16721,16721,16720,16720,24
20180112,124000,16715,16733,16715,16733,41
20180112,125000,16724,16724,16724,16724,1
20180112,125500,16713,16713,16700,16700,15
20180112,130000,16693,16693,16680,16682,27
20180112,130500,16675,16675,16675,16675,50
20180112,131000,16685,16698,16685,16698,40
20180112,131500,16691,16691,16691,16691,1
20180112,132000,16706,16715,16702,16715,34
20180112,133000,16675,16680,16659,16659,86
20180112,133500,16668,16668,16668,16668,3
20180112,134000,16674,16684,16674,16684,10
20180112,134500,16665,16675,16665,16675,7
20180112,135000,16670,16670,16670,16670,2
20180112,135500,16680,16680,16680,16680,3
20180112,140500,16675,16675,16675,16675,5
20180112,141000,16665,16665,16664,16664,8
20180112,142000,16660,16660,16660,16660,8
20180112,142500,16651,16651,16642,16648,52
20180112,143000,16645,16650,16642,16650,22
20180112,143500,16650,16650,16650,16650,59
20180112,144000,16642,16642,16642,16642,14
20180112,144500,16630,16640,16630,16640,61
20180112,145000,16622,16622,16622,16622,1
20180112,145500,16620,16620,16620,16620,1
20180112,151500,16618,16618,16618,16618,6
20180112,153000,16611,16611,16611,16611,1
20180112,153500,16613,16613,16613,16613,1
20180112,154000,16639,16649,16621,16649,3
20180112,154500,16635,16639,16630,16630,31
20180112,155000,16624,16624,16620,16620,4
20180112,155500,16635,16635,16635,16635,27
20180112,160000,16635,16649,16635,16649,7
20180112,160500,16662,16664,16662,16664,3
20180112,163000,16704,16704,16704,16704,10
20180112,163500,16705,16705,16690,16690,6
20180112,164500,16667,16667,16666,16666,10
20180112,165500,16683,16684,16683,16684,2
20180112,170000,16680,16690,16680,16690,39
20180112,170500,16672,16673,16672,16673,4
20180112,172000,16695,16695,16695,16695,3
20180112,173000,16675,16675,16675,16675,1
20180112,173500,16667,16667,16667,16667,1
20180112,174000,16661,16689,16661,16680,4
20180112,174500,16677,16677,16677,16677,4
20180112,175000,16660,16660,16650,16651,24
20180112,175500,16692,16694,16661,16661,10
20180112,180000,16653,16683,16653,16675,12
20180112,180500,16680,16680,16665,16665,12
20180112,182000,16670,16677,16670,16676,15
20180112,182500,16680,16680,16678,16678,6
20180112,183000,16686,16718,16684,16697,60
20180112,183500,16683,16715,16683,16686,15
20180112,192000,16674,16674,16674,16674,1
20180112,193500,16723,16764,16723,16734,5
20180112,215500,16747,16747,16747,16747,8
20180115,100000,16704,16704,16704,16704,1
20180115,100500,16732,16750,16732,16746,24
20180115,101000,16719,16719,16712,16712,11
20180115,101500,16709,16709,16681,16685,13
20180115,102000,16702,16702,16702,16702,9
20180115,102500,16702,16728,16702,16728,70
20180115,103000,16747,16748,16724,16724,11
20180115,104000,16726,16726,16726,16726,3
20180115,104500,16726,16749,16726,16730,23
20180115,105000,16734,16734,16716,16719,17
20180115,105500,16713,16713,16706,16709,9
20180115,110000,16695,16695,16684,16691,6
20180115,110500,16684,16692,16671,16692,8
20180115,112000,16694,16694,16689,16689,5
20180115,112500,16691,16691,16606,16676,211
20180115,113000,16674,16674,16521,16577,342
20180115,113500,16619,16619,16528,16528,69
20180115,114000,16580,16618,16580,16618,6
20180115,114500,16605,16605,16500,16596,225
20180115,115000,16587,16588,16587,16588,11
20180115,120000,16595,16598,16595,16598,3
20180115,120500,16599,16599,16549,16575,56
20180115,122000,16600,16600,16600,16600,3
20180115,122500,16600,16600,16600,16600,1
20180115,123000,16599,16599,16599,16599,1
20180115,124000,16614,16614,16614,16614,4
20180115,124500,16599,16600,16599,16600,7
20180115,125000,16606,16606,16606,16606,1
20180115,125500,16600,16600,16600,16600,3
20180115,130000,16596,16596,16595,16595,5
20180115,130500,16595,16620,16594,16620,6
20180115,131000,16588,16588,16588,16588,3
20180115,132000,16619,16619,16619,16619,1
20180115,132500,16594,16594,16580,16580,4
20180115,133500,16589,16589,16581,16581,2
20180115,134500,16581,16581,16581,16581,5
20180115,135000,16580,16590,16556,16590,19
20180115,135500,16585,16595,16566,16566,26
20180115,141000,16597,16597,16597,16597,1
20180115,141500,16597,16604,16597,16604,7
20180115,142500,16600,16600,16588,16588,12
20180115,143000,16585,16585,16582,16582,2
20180115,144000,16599,16605,16599,16605,10
20180115,144500,16605,16619,16605,16619,16
20180115,145000,16620,16637,16619,16637,30
20180115,145500,16638,16645,16630,16630,8
20180115,150000,16624,16624,16624,16624,1
20180115,151500,16624,16624,16619,16619,6
20180115,153000,16634,16634,16624,16624,17
20180115,153500,16640,16651,16640,16651,4
20180115,155000,16623,16626,16621,16626,3
20180115,155500,16634,16634,16610,16610,6
20180115,160500,16604,16604,16604,16604,1
20180115,162000,16611,16611,16611,16611,5
20180115,163500,16609,16609,16609,16609,1
20180115,164500,16620,16644,16620,16643,9
20180115,165000,16644,16649,16644,16649,2
20180115,170000,16652,16652,16652,16652,1
20180115,170500,16632,16632,16632,16632,15
20180115,171000,16630,16630,16630,16630,5
20180115,172000,16631,16631,16631,16631,1
20180115,174500,16624,16624,16622,16622,5
20180115,175500,16604,16604,16599,16603,11
20180115,182000,16593,16609,16585,16609,25
20180115,182500,16612,16612,16585,16587,6
20180115,183500,16567,16567,16552,16552,6
20180115,184000,16544,16602,16540,16602,7
20180115,192500,16535,16535,16525,16525,5
20180115,225500,16570,16580,16570,16574,5
20180115,230000,16584,16590,16584,16590,3
20180116,100000,16545,16569,16532,16569,19
20180116,100500,16570,16570,16570,16570,1
20180116,101000,16551,16551,16551,16551,2
20180116,101500,16574,16592,16574,16592,10
20180116,102000,16595,16602,16595,16599,14
20180116,103000,16605,16605,16605,16605,1
20180116,111500,16571,16571,16571,16571,2
20180116,112500,16574,16574,16574,16574,2
20180116,114500,16556,16556,16555,16555,5
20180116,115000,16551,16551,16550,16550,5
20180116,120500,16554,16554,16554,16554,2
20180116,121000,16550,16550,16545,16545,10
20180116,121500,16560,16560,16560,16560,1
20180116,122000,16550,16559,16550,16559,4
20180116,122500,16563,16563,16563,16563,1
20180116,123500,16554,16554,16554,16554,5
20180116,125500,16542,16542,16542,16542,10
20180116,132000,16550,16550,16545,16545,2
20180116,133000,16543,16557,16543,16557,2
20180116,134500,16537,16550,16537,16550,12
20180116,141000,16557,16559,16557,16559,3
20180116,141500,16559,16591,16559,16591,13
20180116,142000,16574,16574,16574,16574,1
20180116,144000,16556,16556,16556,16556,1
20180116,144500,16556,16560,16540,16540,11
20180116,150500,16550,16550,16550,16550,2
20180116,155000,16531,16531,16529,16529,46
20180116,155500,16530,16530,16529,16529,7
20180116,160000,16529,16529,16529,16529,42
20180116,161000,16529,16529,16529,16529,15
20180116,162000,16529,16529,16529,16529,10
20180116,162500,16529,16529,16529,16529,8
20180116,163000,16529,16530,16529,16530,3
20180116,163500,16529,16530,16529,16530,2
20180116,164000,16530,16530,16530,16530,1
20180116,165000,16529,16529,16529,16529,5
20180116,165500,16546,16578,16546,16563,30
20180116,172000,16547,16547,16547,16547,5
20180116,173000,16542,16542,16537,16538,6
20180116,173500,16527,16543,16526,16526,7
20180116,174500,16527,16527,16478,16478,58
20180116,175000,16514,16514,16511,16511,7
20180116,182000,16512,16512,16512,16512,13
20180116,183500,16522,16525,16504,16515,19
20180116,184000,16502,16502,16450,16450,7
20180116,193500,16522,16522,16522,16522,1
20180116,231500,16461,16461,16460,16460,2
20180117,100000,16468,16468,16428,16428,15
20180117,101000,16440,16440,16440,16440,1
20180117,102000,16445,16445,16445,16445,2
20180117,102500,16445,16472,16445,16472,12
20180117,103000,16462,16462,16462,16462,1
20180117,103500,16462,16462,16462,16462,1
20180117,104500,16482,16482,16482,16482,1
20180117,105000,16492,16500,16492,16500,50
20180117,110000,16490,16514,16490,16514,5
20180117,111000,16472,16472,16465,16465,16
20180117,112500,16496,16501,16496,16501,38
20180117,113000,16501,16501,16500,16500,24
20180117,113500,16510,16518,16510,16513,33
20180117,114000,16513,16513,16513,16513,1
20180117,114500,16508,16511,16505,16505,8
20180117,115000,16491,16507,16488,16491,12
20180117,115500,16492,16492,16492,16492,1
20180117,123000,16525,16529,16525,16529,2
20180117,123500,16528,16528,16528,16528,3
20180117,131000,16512,16512,16491,16491,33
20180117,132500,16536,16539,16528,16528,14
20180117,133000,16547,16547,16547,16547,4
20180117,134000,16513,16513,16513,16513,2
20180117,134500,16511,16511,16511,16511,1
20180117,135000,16523,16531,16511,16515,22
20180117,140500,16510,16510,16510,16510,1
20180117,141000,16522,16522,16520,16520,6
20180117,142500,16549,16549,16549,16549,1
20180117,143000,16509,16511,16507,16511,6
20180117,145000,16517,16520,16501,16501,20
20180117,145500,16500,16500,16500,16500,4
20180117,150000,16507,16507,16507,16507,5
20180117,150500,16512,16520,16512,16520,6
20180117,155000,16507,16507,16507,16507,1
20180117,161000,16540,16540,16520,16527,9
20180117,162000,16526,16526,16526,16526,3
20180117,162500,16548,16553,16525,16551,28
20180117,163500,16553,16553,16553,16553,2
20180117,164000,16542,16542,16542,16542,2
20180117,164500,16543,16553,16542,16553,9
20180117,170000,16550,16553,16550,16553,9
20180117,170500,16552,16553,16552,16553,7
20180117,171000,16553,16553,16553,16553,16
20180117,171500,16552,16552,16542,16542,3
20180117,172000,16552,16567,16552,16561,95
20180117,172500,16585,16585,16585,16585,1
20180117,173500,16592,16592,16592,16592,5
20180117,174000,16585,16585,16582,16582,3
20180117,174500,16582,16582,16582,16582,1
20180117,175500,16583,16588,16583,16588,6
20180117,180500,16593,16600,16593,16600,14
20180117,181000,16600,16600,16600,16600,18
20180117,183000,16613,16620,16610,16620,23
20180117,183500,16626,16626,16626,16626,9
20180117,191500,16600,16600,16600,16600,1
20180118,100000,16645,16650,16645,16649,13
20180118,100500,16649,16649,16649,16649,2
20180118,101000,16648,16649,16637,16649,7
20180118,102500,16621,16621,16600,16600,12
20180118,103500,16627,16627,16627,16627,1
20180118,105500,16607,16607,16600,16600,10
20180118,110000,16600,16600,16600,16600,25
20180118,111000,16596,16596,16596,16596,5
20180118,111500,16627,16627,16627,16627,2
20180118,114000,16640,16640,16640,16640,1
20180118,120500,16621,16621,16620,16620,3
20180118,124500,16637,16637,16625,16625,9
20180118,125000,16623,16623,16618,16618,6
20180118,125500,16619,16648,16618,16648,13
20180118,130000,16623,16627,16623,16627,8
20180118,131500,16639,16650,16639,16650,13
20180118,132500,16654,16654,16641,16641,17
20180118,134000,16650,16650,16650,16650,1
20180118,134500,16650,16671,16650,16671,33
20180118,135000,16673,16673,16673,16673,3
20180118,135500,16673,16675,16673,16675,4
20180118,140500,16674,16674,16674,16674,1
20180118,141000,16674,16695,16674,16680,30
20180118,141500,16680,16680,16679,16680,8
20180118,142000,16689,16695,16677,16695,101
20180118,143000,16685,16685,16679,16679,8
20180118,144500,16683,16685,16675,16677,16
20180118,150500,16690,16690,16690,16690,2
20180118,151000,16678,16725,16675,16720,184
20180118,151500,16720,16720,16711,16720,18
20180118,152500,16728,16739,16722,16738,11
20180118,153000,16735,16748,16734,16740,22
20180118,153500,16740,16780,16740,16780,129
20180118,154000,16780,16780,16776,16776,45
20180118,154500,16776,16780,16775,16780,20
20180118,155000,16772,16772,16772,16772,15
20180118,155500,16780,16795,16772,16787,46
20180118,160000,16797,16798,16784,16798,98
20180118,160500,16798,16800,16798,16800,21
20180118,161000,16800,16800,16798,16798,8
20180118,161500,16800,16817,16799,16817,138
20180118,162000,16823,16823,16812,16812,8
20180118,162500,16820,16825,16820,16825,110
20180118,163000,16826,16835,16825,16825,14
20180118,163500,16829,16829,16829,16829,1
20180118,164500,16812,16812,16812,16812,2
20180118,165000,16812,16812,16811,16811,5
20180118,165500,16811,16811,16811,16811,1
20180118,170000,16799,16799,16798,16798,5
20180118,170500,16799,16799,16799,16799,1
20180118,171000,16799,16799,16799,16799,2
20180118,172000,16799,16799,16798,16798,35
20180118,172500,16814,16814,16800,16800,16
20180118,173000,16798,16815,16798,16802,27
20180118,173500,16805,16809,16805,16809,10
20180118,174000,16799,16799,16799,16799,4
20180118,174500,16810,16810,16810,16810,3
20180118,175000,16810,16812,16800,16812,24
20180118,175500,16809,16815,16809,16815,8
20180118,180000,16798,16810,16788,16810,53
20180118,180500,16810,16810,16798,16799,31
20180118,181000,16800,16810,16800,16805,8
20180118,181500,16805,16807,16804,16805,8
20180118,182000,16803,16807,16803,16804,24
20180118,183000,16810,16810,16810,16810,4
20180118,183500,16810,16810,16800,16810,35
20180118,184000,16810,16815,16810,16815,11
20180118,201000,16810,16810,16810,16810,2
20180118,204500,16811,16825,16811,16825,26
20180118,211000,16825,16825,16825,16825,43
20180118,223500,16825,16825,16825,16825,35
20180119,100000,16830,16835,16778,16780,24
20180119,101000,16818,16846,16817,16827,48
20180119,101500,16844,16876,16844,16876,24
20180119,102000,16846,16879,16846,16846,16
20180119,102500,16856,16856,16856,16856,9
20180119,103000,16912,17070,16912,17048,233
20180119,103500,17049,17049,16977,17002,73
20180119,104000,17050,17161,17050,17161,25
20180119,104500,17116,17298,17116,17290,357
20180119,105000,17289,17400,17226,17306,490
20180119,105500,17300,17397,17300,17397,127
20180119,110000,17394,17446,17387,17410,238
20180119,110500,17437,17441,17317,17329,122
20180119,111000,17315,17340,17311,17311,60
20180119,111500,17337,17337,17305,17305,31
20180119,112000,17307,17307,17300,17300,6
20180119,112500,17301,17304,17292,17303,74
20180119,113000,17292,17300,17292,17300,19
20180119,113500,17294,17294,17291,17292,36
20180119,114500,17301,17325,17301,17325,9
20180119,115000,17320,17346,17320,17346,5
20180119,115500,17340,17359,17340,17359,12
20180119,120000,17371,17372,17371,17371,16
20180119,120500,17375,17587,17375,17587,249
20180119,121000,17575,17772,17575,17754,361
20180119,121500,17766,17770,17714,17721,185
20180119,122000,17722,17757,17706,17749,176
20180119,122500,17720,17720,17705,17716,19
20180119,123000,17718,17718,17666,17718,78
20180119,123500,17702,17730,17697,17701,113
20180119,124000,17701,17702,17701,17702,5
20180119,124500,17703,17832,17703,17746,342
20180119,125000,17779,17820,17779,17810,137
20180119,125500,17817,17865,17817,17856,217
20180119,130000,17860,17950,17860,17950,297
20180119,130500,17950,17950,17907,17907,247
20180119,131000,17912,18069,17912,18069,227
20180119,131500,18068,18074,17999,18040,108
20180119,132000,18049,18072,18003,18003,147
20180119,132500,18008,18024,17986,18000,133
20180119,133000,17999,17999,17907,17927,316
20180119,133500,17919,18079,17919,18066,231
20180119,134000,18018,18018,17994,18005,20
20180119,134500,18004,18005,17989,17989,16
20180119,135000,17982,17982,17966,17982,144
20180119,135500,17982,17995,17982,17989,57
20180119,140500,17995,18043,17995,18012,197
20180119,141000,18036,18046,18021,18021,18
20180119,141500,18013,18013,17963,17963,51
20180119,142000,17968,17981,17968,17981,15
20180119,142500,17976,17986,17976,17986,21
20180119,143000,18000,18042,18000,18038,30
20180119,143500,18030,18074,18030,18050,53
20180119,144000,18091,18091,18005,18005,13
20180119,144500,18001,18001,17994,17994,6
20180119,145000,18029,18030,18029,18030,5
20180119,145500,18000,18000,18000,18000,6
20180119,150000,17982,17982,17969,17978,54
20180119,150500,17979,17979,17969,17969,21
20180119,151000,17980,17992,17969,17969,33
20180119,151500,17969,17975,17969,17975,12
20180119,152000,17972,17972,17970,17970,50
20180119,152500,17974,17975,17973,17973,12
20180119,153500,17972,17980,17972,17980,3
20180119,155000,18010,18010,18010,18010,17
20180119,155500,18029,18031,18029,18031,26
20180119,160500,18041,18079,18041,18068,118
20180119,161000,18083,18094,18061,18065,32
20180119,161500,18090,18111,18067,18092,69
20180119,162000,18064,18064,18064,18064,2
20180119,162500,18065,18085,18065,18085,4
20180119,163000,18090,18090,18086,18086,8
20180119,163500,18088,18090,18088,18090,4
20180119,164000,18071,18071,18070,18070,2
20180119,164500,18081,18081,18081,18081,1
20180119,165000,18068,18068,18005,18005,33
20180119,165500,18008,18064,17971,18064,359
20180119,170000,18066,18089,18050,18060,48
20180119,170500,18068,18095,18068,18095,35
20180119,171000,18077,18077,18068,18068,17
20180119,171500,18060,18060,18053,18053,4
20180119,172000,18051,18051,18035,18035,24
20180119,172500,18018,18087,18017,18087,36
20180119,173000,18095,18294,18095,18171,524
20180119,173500,18175,18222,18173,18222,32
20180119,174000,18238,18238,18166,18180,24
20180119,174500,18201,18209,18197,18197,16
20180119,175000,18186,18187,18154,18154,20
20180119,175500,18213,18213,18213,18213,2
20180119,180000,18199,18229,18199,18229,25
20180119,180500,18250,18300,18245,18276,44
20180119,181000,18286,18300,18285,18300,26
20180119,181500,18319,18319,18318,18318,61
20180119,182000,18292,18292,18141,18273,181
20180119,182500,18279,18329,18195,18319,132
20180119,183000,18305,18446,18303,18372,419
20180119,183500,18392,18555,18360,18555,197
20180119,184000,18428,18528,18428,18500,10
20180119,190000,18500,18500,18289,18300,69
20180119,190500,18284,18369,18265,18350,35
20180119,191000,18350,18350,18286,18286,3
20180119,191500,18285,18285,18285,18285,2
20180119,192000,18289,18320,18289,18320,5
20180119,193500,18364,18369,18364,18369,6
20180119,194500,18322,18322,18322,18322,1
20180119,204000,18368,18369,18368,18369,2
20180119,204500,18369,18420,18369,18420,75
20180119,205000,18430,18430,18430,18430,1
20180119,205500,18439,18445,18420,18444,54
20180119,210000,18402,18402,18381,18381,8
20180119,210500,18440,18440,18440,18440,1
20180119,214000,18383,18383,18383,18383,2
20180119,214500,18383,18383,18383,18383,3
20180119,215000,18427,18427,18382,18382,4
20180119,215500,18400,18400,18346,18346,4
20180119,221000,18402,18402,18402,18402,1
20180119,224500,18428,18428,18428,18428,1
20180119,225000,18381,18381,18381,18381,1
20180119,233000,18381,18381,18351,18352,6
20180119,233500,18370,18370,18370,18370,5
20180119,234500,18362,18380,18362,18380,3
20180122,100000,18319,18319,18016,18058,902
20180122,100500,18058,18169,18056,18086,379
20180122,101000,18062,18435,18062,18401,335
20180122,101500,18410,18410,18176,18266,160
20180122,102000,18263,18300,18177,18213,148
20180122,102500,18190,18191,18139,18150,199
20180122,103000,18148,18148,18088,18139,70
20180122,103500,18130,18190,18130,18175,47
20180122,104000,18182,18207,18150,18193,57
20180122,104500,18162,18269,18155,18269,67
20180122,105000,18275,18371,18275,18337,122
20180122,105500,18331,18331,18270,18270,51
20180122,110000,18268,18283,18150,18167,140
20180122,110500,18199,18250,18199,18245,43
20180122,111000,18240,18240,18226,18233,31
20180122,111500,18226,18288,18226,18276,39
20180122,112000,18266,18338,18253,18327,42
20180122,112500,18330,18449,18330,18411,260
20180122,113000,18423,18438,18398,18414,42
20180122,113500,18409,18420,18355,18355,90
20180122,114000,18384,18428,18362,18428,43
20180122,114500,18433,18433,18398,18398,27
20180122,115000,18418,18434,18418,18434,19
20180122,115500,18434,18632,18419,18617,431
20180122,120000,18613,18746,18589,18746,485
20180122,120500,18724,18992,18723,18951,521
20180122,121000,18955,18987,18873,18987,120
20180122,121500,18989,19124,18968,18968,663
20180122,122000,19002,19019,18897,18925,195
20180122,122500,18940,19035,18940,18990,171
20180122,123000,19011,19060,19006,19052,169
20180122,123500,19045,19050,19000,19005,47
20180122,124000,19015,19015,18900,18900,43
20180122,124500,18900,18960,18879,18902,103
20180122,125500,18931,18959,18931,18955,27
20180122,130000,18982,18982,18913,18925,44
20180122,130500,18912,18912,18781,18851,151
20180122,131000,18856,18870,18815,18851,74
20180122,131500,18851,18851,18791,18799,15
20180122,132000,18802,18950,18802,18950,26
20180122,132500,18920,18920,18802,18802,75
20180122,133000,18826,18900,18826,18862,40
20180122,133500,18860,18890,18860,18889,41
20180122,134000,18943,18944,18876,18876,20
20180122,134500,18877,18899,18876,18899,9
20180122,135000,18872,18888,18872,18888,19
20180122,135500,18889,18889,18889,18889,7
20180122,140500,18929,18999,18914,18914,83
20180122,141000,18874,18890,18827,18886,31
20180122,141500,18900,18930,18900,18929,14
20180122,142000,18940,18989,18914,18914,27
20180122,142500,18914,18950,18914,18950,12
20180122,143000,18939,18939,18806,18821,79
20180122,143500,18809,18809,18676,18731,303
20180122,144000,18694,18694,18694,18694,5
20180122,144500,18702,18702,18562,18599,724
20180122,145000,18598,18604,18461,18604,253
20180122,145500,18613,18675,18613,18615,54
20180122,150000,18600,18620,18600,18620,65
20180122,150500,18669,18699,18660,18699,37
20180122,151000,18699,18710,18696,18696,34
20180122,151500,18680,18681,18659,18659,12
20180122,152000,18688,18729,18688,18729,24
20180122,152500,18693,18694,18680,18694,101
20180122,153000,18696,18705,18694,18705,6
20180122,153500,18689,18700,18651,18651,23
20180122,154000,18634,18634,18588,18588,49
20180122,154500,18594,18594,18444,18514,167
20180122,155000,18545,18579,18545,18578,33
20180122,155500,18560,18560,18499,18499,42
20180122,160000,18494,18505,18394,18400,135
20180122,160500,18400,18408,18360,18395,91
20180122,161000,18400,18488,18372,18488,72
20180122,161500,18475,18475,18470,18470,4
20180122,162000,18462,18474,18409,18473,21
20180122,162500,18479,18559,18479,18549,65
20180122,163000,18566,18652,18566,18652,54
20180122,163500,18639,18649,18600,18629,42
20180122,164000,18635,18644,18624,18643,35
20180122,164500,18649,18663,18649,18663,22
20180122,165000,18662,18665,18639,18657,41
20180122,165500,18635,18635,18593,18593,7
20180122,170000,18610,18610,18610,18610,2
20180122,170500,18603,18603,18603,18603,1
20180122,171000,18648,18648,18648,18648,5
20180122,171500,18648,18662,18648,18662,6
20180122,172000,18661,18666,18661,18666,14
20180122,172500,18680,18685,18680,18685,6
20180122,173500,18700,18700,18674,18674,22
20180122,174500,18701,18706,18700,18706,9
20180122,175000,18718,18720,18714,18714,18
20180122,175500,18695,18695,18694,18694,41
20180122,180000,18689,18689,18678,18678,16
20180122,180500,18696,18696,18684,18684,37
20180122,181000,18695,18699,18689,18699,13
20180122,181500,18699,18705,18690,18690,11
20180122,182000,18680,18690,18680,18680,57
20180122,182500,18675,18675,18630,18630,30
20180122,183000,18645,18653,18645,18651,13
20180122,183500,18630,18645,18630,18645,14
20180122,184000,18659,18659,18659,18659,1
20180122,190000,18711,18711,18711,18711,1
20180122,193500,18711,18711,18711,18711,1
20180122,200000,18710,18710,18710,18710,1
20180122,200500,18689,18689,18689,18689,1
20180122,215000,18647,18647,18647,18647,1
20180122,221500,18737,18740,18737,18740,4
20180122,223000,18647,18647,18647,18647,1
20180122,223500,18646,18646,18646,18646,1
20180122,224500,18650,18650,18650,18650,4
20180122,225000,18650,18650,18650,18650,2
20180122,232000,18727,18740,18727,18740,6
20180122,233500,18664,18722,18650,18722,66
20180123,100000,18838,18838,18641,18694,43
20180123,100500,18685,18702,18533,18538,67
20180123,101000,18505,18505,18427,18484,99
20180123,101500,18503,18536,18503,18505,33
20180123,102000,18523,18605,18510,18599,60
20180123,102500,18571,18601,18571,18601,11
20180123,103000,18531,18540,18530,18540,38
20180123,103500,18540,18540,18458,18463,48
20180123,104000,18470,18498,18470,18498,63
20180123,104500,18486,18502,18465,18465,21
20180123,105000,18457,18549,18452,18531,51
20180123,105500,18550,18590,18550,18577,24
20180123,110000,18557,18557,18501,18501,9
20180123,110500,18473,18473,18460,18460,7
20180123,111000,18460,18460,18452,18452,10
20180123,111500,18444,18449,18440,18449,19
20180123,112000,18483,18483,18453,18453,15
20180123,112500,18448,18448,18400,18410,71
20180123,113000,18407,18414,18393,18393,110
20180123,113500,18384,18390,18200,18215,413
20180123,114000,18214,18286,18205,18221,149
20180123,114500,18222,18238,18214,18238,173
20180123,115000,18232,18232,18208,18222,10
20180123,115500,18222,18222,18085,18106,189
20180123,120000,18085,18182,18081,18153,118
20180123,120500,18153,18200,18153,18200,54
20180123,121000,18202,18219,18202,18218,18
