20170320,100000,14511,14511,14511,14511,2
20170320,130000,13833,13833,13833,13833,1
20170322,100000,13456,13456,13456,13456,1
20170322,110000,13454,13454,13454,13454,1
20170322,173000,13446,13879,13446,13879,2
20170322,200000,14000,14000,14000,14000,1
20170322,203000,14095,14095,14095,14095,1
20170323,103000,13425,14844,13425,14844,20
20170324,120000,13989,13989,13989,13989,4
20170327,140000,13794,13794,13782,13782,3
20170328,103000,13193,13193,13192,13192,3
20170330,110000,13527,13850,13527,13850,3
20170412,133000,13050,13050,13050,13050,1
20170418,233000,12800,12800,12800,12800,1
20170419,100000,12777,12777,12777,12777,1
20170419,173000,12750,12750,12750,12750,1
20170419,203000,12700,12700,12700,12700,1
20170425,210000,13529,13529,13529,13529,1
20170426,143000,13791,13791,13791,13791,2
20170427,200000,13890,13890,13890,13890,1
20170503,100000,13770,13770,13770,13770,1
20170503,123000,14012,14012,14012,14012,1
20170504,193000,13363,13363,13363,13363,1
20170518,150000,13367,13367,13367,13367,1
20170522,163000,12661,12661,12661,12661,1
20170522,213000,12620,12620,12620,12620,3
20170524,143000,12583,12583,12583,12583,1
20170530,150000,12500,12500,12500,12500,1
20170531,203000,12205,12205,12205,12205,1
20170601,110000,12204,12204,12204,12204,1
20170605,170000,12275,12275,12275,12275,1
20170606,220000,12294,12294,12294,12294,1
20170609,143000,12160,12160,12160,12160,2
20170614,123000,11977,11977,11977,11977,2
20170614,150000,11900,11900,11900,11900,1
20170615,110000,11523,11523,11523,11523,1
20170615,150000,11529,11529,11529,11529,1
20170615,160000,11570,11570,11570,11570,1
20170616,100000,11856,11857,11856,11857,2
20170619,113000,11813,11826,11813,11826,20
20170619,140000,11817,11817,11817,11817,1
20170621,113000,11933,11933,11933,11933,1
20170621,153000,11950,11950,11950,11950,5
20170621,160000,11950,11950,11950,11950,1
20170621,200000,11999,11999,11999,11999,1
20170627,150000,12080,12080,12080,12080,2
20170703,140000,12000,12000,12000,12000,1
20170703,183000,12000,12000,12000,12000,1
20170705,210000,12403,12403,12403,12403,1
20170711,143000,12471,12471,12471,12471,1
20170714,160000,12620,12680,12620,12680,14
20170714,163000,12680,12680,12680,12680,2
20170718,113000,12500,12500,12500,12500,3
20170718,130000,12400,12400,12400,12400,2
20170719,153000,12729,12729,12729,12729,2
20170727,130000,12537,12537,12537,12537,1
20170727,200000,12450,12450,12450,12450,1
20170728,100000,12450,12450,12450,12450,2
20170728,110000,12450,12450,12450,12450,1
20170728,113000,12450,12450,12450,12450,1
20170728,123000,12333,12333,12333,12333,1
20170728,133000,12367,12367,12367,12367,8
20170731,163000,12368,12368,12368,12368,1
20170731,220000,12518,12518,12518,12518,1
20170803,120000,12725,12725,12725,12725,4
20170803,163000,12738,12738,12738,12738,6
20170803,170000,12633,12633,12633,12633,2
20170803,173000,12633,12633,12630,12630,2
20170803,233000,12623,12623,12623,12623,1
20170804,150000,12661,12661,12661,12661,1
20170804,163000,12697,12697,12697,12697,1
20170804,173000,12697,12697,12697,12697,1
20170807,110000,12710,12710,12710,12710,7
20170807,113000,12676,12676,12676,12676,2
20170807,130000,12660,12660,12660,12660,2
20170809,123000,12547,12547,12547,12547,14
20170809,170000,12490,12490,12490,12490,2
20170810,170000,12755,12755,12755,12755,1
20170810,233000,12259,12259,11975,11975,33
20170811,120000,12245,12245,12245,12245,1
20170811,180000,12379,12379,12379,12379,2
20170814,113000,12400,12400,12400,12400,1
20170818,100000,12210,12210,12210,12210,2
20170818,140000,12066,12066,12057,12057,7
20170824,120000,12068,12068,12068,12068,1
20170825,180000,12191,12191,12191,12191,1
20170825,193000,12417,12418,12416,12418,6
20170828,103000,12418,12418,12418,12418,6
20170901,103000,12300,12300,12300,12300,2
20170901,120000,12310,12310,12310,12310,2
20170901,173000,12396,12396,12396,12396,3
20170904,100000,12300,12300,12300,12300,2
20170905,113000,12288,12288,12288,12288,3
20170905,133000,12288,12288,12288,12288,17
20170905,150000,12281,12281,12261,12266,6
20170905,153000,12245,12245,12245,12245,1
20170905,180000,12266,12266,12266,12266,3
20170905,233000,12171,12171,12131,12131,7
20170906,103000,12210,12210,12210,12210,1
20170906,173000,12287,12287,12287,12287,1
20170906,183000,12310,12310,12310,12310,1
20170906,193000,12318,12327,12318,12327,2
20170906,200000,12335,12335,12335,12335,1
20170906,230000,12348,12348,12348,12348,1
20170907,103000,12368,12368,12368,12368,1
20170908,110000,12426,12437,12426,12437,3
20170908,113000,12455,12455,12455,12455,1
20170908,120000,12473,12538,12473,12538,7
20170908,123000,12550,12550,12550,12550,1
20170908,140000,12503,12503,12503,12503,1
20170908,150000,12569,12569,12569,12569,1
20170908,153000,12534,12534,12534,12534,1
20170908,160000,12624,12628,12624,12628,3
20170911,150000,12682,12682,12682,12682,1
20170911,213000,12700,12700,12700,12700,2
20170912,100000,12666,12666,12630,12630,2
20170912,130000,12675,12675,12675,12675,1
20170912,163000,12678,12678,12678,12678,1
20170912,180000,12724,12724,12724,12724,1
20170913,100000,12802,12802,12802,12802,1
20170913,110000,12820,12820,12820,12820,1
20170913,120000,12870,12890,12870,12890,2
20170913,123000,12890,12890,12890,12890,3
20170913,140000,12926,12994,12926,12994,4
20170913,143000,12943,12943,12943,12943,1
20170913,153000,12947,12947,12947,12947,1
20170913,160000,12950,12950,12943,12943,7
20170913,163000,12943,12943,12943,12943,2
20170913,190000,12974,12974,12974,12974,3
20170914,113000,12915,12924,12891,12924,8
20170914,123000,12944,12944,12944,12944,1
20170914,133000,12946,12946,12946,12946,1
20170914,150000,12946,12946,12946,12946,1
20170915,100000,12888,12888,12842,12842,4
20170915,103000,12812,12812,12789,12789,3
20170915,110000,12774,12774,12774,12774,1
20170915,143000,12790,12790,12790,12790,1
20170915,160000,12790,12790,12790,12790,1
20170915,163000,12790,12790,12790,12790,1
20170915,173000,12760,12760,12728,12728,3
20170918,130000,12785,12785,12785,12785,1
20170918,143000,12750,12750,12750,12750,1
20170918,160000,12790,12805,12790,12805,3
20170918,163000,12829,12829,12829,12829,2
20170918,170000,12841,12841,12841,12841,1
20170918,233000,12766,12766,12766,12766,1
20170919,110000,12744,12744,12730,12730,26
20170919,130000,12713,12713,12700,12700,47
20170919,133000,12686,12686,12686,12686,1
20170919,183000,12740,12740,12740,12740,2
20170919,200000,12694,12694,12694,12694,1
20170920,103000,12760,12760,12760,12760,24
20170920,110000,12776,12776,12776,12776,1
20170920,133000,12720,12720,12720,12720,1
20170920,173000,12783,12809,12783,12809,3
20170921,100000,12750,12750,12750,12750,19
20170921,103000,12756,12757,12756,12757,8
20170921,110000,12755,12755,12755,12755,100
20170921,130000,12817,12836,12817,12836,2
20170921,133000,12853,12853,12853,12853,1
20170921,150000,12860,12870,12860,12870,2
20170921,153000,12888,12891,12888,12891,9
20170921,163000,12813,12813,12804,12804,2
20170921,170000,12825,12828,12825,12828,3
20170921,173000,12828,12828,12828,12828,10
20170921,183000,12802,12804,12767,12804,43
20170921,190000,12761,12761,12761,12761,1
20170921,210000,12790,12790,12790,12790,1
20170922,100000,12746,12752,12711,12711,9
20170922,103000,12675,12707,12675,12707,11
20170922,110000,12686,12695,12677,12679,187
20170922,113000,12699,12699,12699,12699,20
20170922,120000,12702,12758,12678,12758,173
20170922,123000,12699,12732,12699,12732,5
20170922,130000,12721,12755,12721,12755,2
20170922,140000,12774,12774,12731,12731,3
20170922,143000,12760,12760,12760,12760,1
20170922,150000,12747,12748,12713,12738,65
20170922,160000,12712,12720,12712,12720,17
20170922,163000,12705,12705,12703,12703,42
20170922,173000,12709,12709,12709,12709,17
20170922,183000,12678,12678,12672,12672,21
20170922,233000,12732,12732,12732,12732,1
20170925,100000,12695,12744,12695,12744,14
20170925,103000,12750,12750,12750,12750,1
20170925,113000,12723,12723,12723,12723,1
20170925,130000,12763,12763,12763,12763,1
20170925,140000,12770,12824,12770,12824,11
20170925,143000,12795,12869,12777,12869,60
20170925,150000,12841,12841,12832,12832,23
20170925,160000,12882,12882,12857,12859,16
20170925,173000,12836,12836,12817,12817,217
20170925,180000,12812,12812,12810,12810,2
20170925,203000,12781,12781,12781,12781,4
20170925,210000,12814,12814,12814,12814,2
20170925,220000,12815,12815,12815,12815,1
20170925,230000,12837,12837,12837,12837,1
20170925,233000,12848,12870,12848,12870,15
20170926,100000,12877,12890,12877,12890,5
20170926,103000,12897,12914,12897,12914,3
20170926,113000,12892,12892,12892,12892,1
20170926,130000,12880,12880,12880,12880,2
20170926,140000,12880,12880,12880,12880,1
20170926,143000,12880,12880,12870,12870,9
20170926,160000,12891,12891,12891,12891,1
20170926,163000,12859,12894,12856,12894,4
20170926,170000,12897,12897,12897,12897,1
20170926,173000,12859,12859,12814,12814,7
20170926,180000,12845,12845,12845,12845,1
20170926,183000,12820,12820,12799,12799,9
20170926,223000,12826,12837,12826,12837,3
20170927,100000,12853,12867,12845,12845,5
20170927,103000,12829,12829,12788,12788,6
20170927,110000,12781,12794,12727,12794,16
20170927,113000,12777,12791,12777,12791,2
20170927,123000,12807,12807,12807,12807,1
20170927,133000,12812,12829,12812,12829,3
20170927,140000,12837,12837,12837,12837,1
20170927,143000,12842,12849,12842,12849,3
20170927,150000,12845,12845,12845,12845,1
20170927,153000,12855,12867,12855,12867,3
20170927,160000,12873,12879,12841,12852,12
20170927,163000,12841,12841,12811,12811,5
20170927,173000,12849,12849,12801,12801,5
20170927,180000,12801,12801,12801,12801,1
20170928,100000,12799,12802,12791,12802,3
20170928,113000,12837,12837,12837,12837,1
20170928,120000,12849,12855,12849,12855,2
20170928,140000,12811,12811,12799,12799,3
20170928,160000,12782,12782,12782,12782,1
20170928,163000,12781,12808,12781,12808,3
20170928,170000,12769,12769,12762,12762,2
20170928,173000,12752,12752,12720,12720,4
20170928,180000,12735,12735,12716,12716,3
20170928,190000,12710,12738,12709,12709,8
20170928,230000,12742,12742,12742,12742,1
20170929,100000,12747,12774,12733,12733,5
20170929,130000,12710,12710,12696,12696,35
20170929,150000,12694,12694,12694,12694,1
20170929,153000,12688,12688,12679,12679,2
20170929,160000,12671,12671,12671,12671,25
20170929,163000,12717,12724,12717,12724,2
20170929,170000,12686,12686,12679,12679,2
20170929,190000,12717,12717,12717,12717,1
20170929,210000,12714,12714,12714,12714,1
20171002,103000,12732,12732,12732,12732,1
20171002,110000,12735,12735,12735,12735,1
20171002,133000,12724,12724,12724,12724,2
20171002,143000,12725,12725,12689,12689,2
20171002,150000,12725,12725,12725,12725,1
20171002,163000,12683,12683,12657,12657,3
20171002,170000,12652,12652,12642,12642,3
20171002,173000,12626,12626,12626,12626,1
20171002,190000,12685,12685,12685,12685,1
20171002,203000,12688,12688,12688,12688,1
20171003,103000,12649,12649,12649,12649,1
20171003,120000,12630,12630,12622,12622,2
20171003,140000,12664,12668,12637,12637,8
20171003,163000,12681,12687,12681,12687,2
20171003,170000,12647,12647,12647,12647,1
20171003,173000,12617,12617,12601,12601,3
20171003,180000,12600,12600,12526,12554,29
20171003,183000,12551,12562,12551,12562,6
20171003,190000,12525,12525,12525,12525,1
20171003,203000,12587,12589,12587,12589,22
20171003,210000,12590,12593,12590,12593,27
20171004,100000,12550,12550,12550,12550,3
20171004,103000,12550,12550,12538,12538,10
20171004,110000,12522,12522,12457,12457,73
20171004,113000,12470,12516,12470,12500,21
20171004,120000,12511,12511,12511,12511,5
20171004,123000,12522,12522,12522,12522,1
20171004,130000,12520,12520,12520,12520,2
20171004,133000,12528,12532,12528,12531,3
20171004,140000,12538,12609,12538,12609,24
20171004,143000,12615,12627,12615,12627,2
20171004,150000,12618,12618,12618,12618,1
20171004,153000,12610,12632,12610,12632,2
20171004,160000,12636,12649,12636,12649,4
20171004,170000,12655,12667,12655,12667,2
20171004,173000,12673,12673,12673,12673,1
20171004,180000,12678,12678,12678,12678,5
20171004,190000,12683,12683,12683,12683,1
20171004,193000,12673,12673,12673,12673,1
20171005,100000,12699,12712,12699,12712,4
20171005,103000,12710,12710,12664,12664,9
20171005,110000,12658,12658,12642,12642,2
20171005,113000,12684,12705,12673,12673,5
20171005,120000,12705,12730,12705,12724,6
20171005,123000,12730,12745,12730,12745,3
20171005,130000,12756,12777,12756,12777,4
20171005,133000,12790,12792,12790,12792,2
20171005,140000,12775,12775,12740,12742,6
20171005,143000,12735,12735,12734,12734,2
20171005,150000,12773,12773,12773,12773,1
20171005,153000,12740,12740,12720,12720,4
20171005,163000,12759,12805,12759,12805,7
20171005,170000,12800,12865,12800,12865,6
20171005,180000,12824,12824,12819,12819,2
20171005,183000,12812,12812,12812,12812,1
20171005,200000,12828,12828,12828,12828,1
20171005,210000,12828,12828,12828,12828,1
20171006,100000,12851,12878,12832,12847,9
20171006,103000,12867,12908,12854,12888,48
20171006,110000,12917,12917,12917,12917,1
20171006,120000,12909,12909,12909,12909,21
20171006,143000,12883,12883,12862,12862,3
20171006,150000,12845,12845,12826,12826,11
20171006,153000,12840,12840,12840,12840,3
20171006,160000,12840,12850,12840,12850,10
20171006,163000,12838,12838,12838,12838,5
20171006,180000,12801,12801,12801,12801,1
20171006,190000,12798,12798,12798,12798,1
20171009,100000,12836,12888,12788,12888,125
20171009,103000,12850,12850,12850,12850,1
20171009,120000,12845,12845,12845,12845,1
20171009,123000,12849,12849,12847,12847,2
20171009,130000,12867,12882,12867,12882,2
20171009,133000,12865,12884,12865,12884,2
20171009,140000,12880,12880,12875,12875,2
20171009,163000,12894,12894,12894,12894,1
20171009,170000,12903,12916,12903,12916,2
20171009,173000,12918,12953,12918,12953,5
20171009,180000,12950,12950,12950,12950,1
20171009,183000,12943,12943,12937,12937,2
20171009,193000,12973,12973,12973,12973,5
20171009,203000,12974,12974,12962,12962,7
20171009,233000,12978,12988,12978,12988,9
20171010,100000,12959,12959,12935,12935,4
20171010,113000,12935,12935,12935,12935,5
20171010,130000,12957,12957,12957,12957,5
20171010,133000,12950,12950,12950,12950,1
20171010,140000,12939,12939,12939,12939,10
20171010,173000,12940,12940,12912,12912,20
20171010,183000,12900,12900,12888,12888,3
20171010,223000,12879,12879,12879,12879,2
20171010,233000,12899,12899,12899,12899,1
20171011,103000,12928,12975,12928,12975,203
20171011,120000,12957,12957,12957,12957,5
20171011,130000,12957,12957,12957,12957,3
20171011,133000,12979,12990,12979,12990,6
20171011,140000,13000,13025,13000,13025,12
20171011,153000,13040,13044,13040,13044,20
20171011,160000,13046,13046,13046,13046,1
20171011,163000,13019,13019,13019,13019,2
20171011,190000,13066,13078,13066,13075,3
20171011,193000,13037,13042,13021,13037,6
20171011,200000,13045,13056,13045,13056,11
20171011,213000,13042,13042,13037,13037,40
20171011,230000,13081,13099,13081,13086,9
20171012,100000,13100,13123,13082,13082,6
20171012,103000,13061,13061,13061,13061,1
20171012,110000,13041,13041,13015,13015,3
20171012,120000,13012,13012,13012,13012,14
20171012,153000,13055,13055,13055,13055,1
20171012,180000,13068,13068,13068,13068,1
20171012,190000,13071,13071,13071,13071,1
20171012,193000,13053,13053,13045,13045,2
20171013,100000,13054,13080,13049,13049,5
20171013,103000,13085,13106,13085,13106,5
20171013,110000,13119,13134,13119,13134,2
20171013,140000,13146,13146,13146,13146,2
20171013,143000,13147,13175,13146,13175,44
20171013,150000,13171,13185,13171,13185,2
20171013,163000,13125,13125,13105,13105,10
20171013,170000,13101,13101,13095,13095,2
20171013,173000,13124,13130,13124,13129,210
20171013,180000,13127,13128,13108,13108,11
20171013,183000,13093,13093,13093,13093,9
20171013,190000,13147,13147,13147,13147,80
20171016,100000,13143,13150,13143,13150,28
20171016,110000,13132,13132,13132,13132,2
20171016,113000,13141,13200,13124,13124,83
20171016,120000,13125,13125,13125,13125,5
20171016,123000,13141,13183,13141,13183,44
20171016,130000,13180,13219,13180,13219,87
20171016,140000,13214,13214,13205,13205,3
20171016,143000,13200,13205,13193,13205,42
20171016,150000,13205,13205,13205,13205,40
20171016,153000,13200,13200,13187,13187,7
20171016,160000,13181,13181,13162,13162,4
20171016,170000,13155,13179,13140,13179,63
20171016,173000,13177,13177,13173,13173,40
20171016,200000,13161,13201,13161,13192,14
20171016,210000,13161,13161,13146,13146,5
20171017,100000,13153,13153,13098,13098,529
20171017,103000,13101,13117,13064,13064,98
20171017,113000,13067,13089,13067,13082,107
20171017,120000,13062,13067,13055,13067,7
20171017,123000,13040,13056,13040,13056,126
20171017,130000,13054,13054,13026,13029,48
20171017,133000,13064,13077,13064,13077,25
20171017,150000,13097,13097,13082,13082,2
20171017,153000,13071,13093,13071,13093,11
20171017,160000,13067,13067,13063,13063,2
20171017,163000,13003,13003,13002,13002,5
20171017,170000,12987,12987,12987,12987,1
20171017,173000,12963,12963,12941,12962,20
20171017,180000,12950,12950,12950,12950,1
20171017,220000,12982,12982,12982,12982,1
20171018,100000,12999,13065,12970,13065,470
20171018,103000,13057,13072,13057,13072,56
20171018,110000,13034,13043,13028,13028,71
20171018,113000,13000,13001,13000,13001,16
20171018,123000,13043,13043,13043,13043,1
20171018,130000,13045,13045,13045,13045,5
20171018,133000,13048,13048,13035,13035,2
20171018,140000,13085,13085,13085,13085,1
20171018,143000,13098,13115,13098,13115,19
20171018,150000,13131,13131,13131,13131,1
20171018,160000,13131,13131,13131,13131,5
20171018,173000,13119,13119,13119,13119,12
20171018,200000,13148,13148,13148,13148,1
20171019,103000,13111,13111,13021,13021,9
20171019,110000,13002,13002,12987,12987,4
20171019,113000,13019,13028,13008,13020,305
20171019,120000,13016,13031,13010,13031,14
20171019,123000,13033,13033,13033,13033,1
20171019,130000,13036,13036,13036,13036,1
20171019,133000,13049,13062,13036,13036,3
20171019,140000,13026,13026,13026,13026,1
20171019,150000,13049,13049,13022,13022,3
20171019,153000,13038,13038,13038,13038,1
20171019,160000,13025,13025,13025,13025,1
20171019,170000,13000,13000,13000,13000,1
20171019,173000,12985,12985,12947,12947,3
20171019,190000,12940,12940,12940,12940,2
20171019,213000,12961,12961,12961,12961,6
20171020,100000,12997,13050,12997,13050,5
20171020,103000,13037,13037,13037,13037,1
20171020,110000,13061,13074,13061,13074,2
20171020,130000,13090,13100,13090,13100,3
20171020,133000,13104,13104,13104,13104,1
20171020,143000,13083,13083,13057,13057,4
20171020,150000,13084,13084,13069,13069,6
20171020,153000,13095,13095,13095,13095,1
20171020,160000,13069,13069,13063,13063,6
20171020,170000,13097,13097,13083,13083,2
20171020,173000,13099,13099,13099,13099,1
20171020,200000,13105,13111,13105,13111,2
20171023,100000,13115,13139,13115,13139,4
20171023,103000,13111,13111,13111,13111,20
20171023,110000,13111,13111,13111,13111,10
20171023,113000,13096,13096,13068,13068,5
20171023,123000,13109,13122,13109,13122,12
20171023,130000,13100,13100,13100,13100,1
20171023,140000,13095,13095,13095,13095,1
20171023,143000,13085,13085,13085,13085,5
20171023,160000,13069,13069,13069,13069,1
20171023,170000,13065,13065,13046,13046,6
20171023,180000,13097,13097,13097,13097,1
20171023,183000,13088,13088,13088,13088,1
20171023,193000,13102,13102,13083,13083,2
20171023,200000,13116,13116,13116,13116,1
20171024,100000,13063,13063,13063,13063,1
20171024,110000,13036,13036,13002,13002,4
20171024,113000,13001,13001,13000,13000,4
20171024,120000,13006,13006,12969,12969,32
20171024,133000,13047,13074,13047,13074,3
20171024,140000,13035,13035,13035,13035,1
20171024,143000,13026,13026,13026,13026,1
20171024,153000,13020,13020,13020,13020,1
20171024,200000,13050,13050,13050,13050,1
20171024,220000,13065,13065,13065,13065,1
20171025,100000,13027,13027,13014,13014,5
20171025,103000,13037,13037,12992,13005,7
20171025,113000,12964,12964,12901,12901,5
20171025,123000,12960,12960,12960,12960,20
20171025,143000,12973,12973,12973,12973,1
20171025,163000,12904,12907,12899,12907,35
20171025,170000,12898,12950,12898,12950,40
20171025,173000,12925,12949,12925,12949,4
20171025,180000,12915,12915,12821,12882,27
20171025,190000,12892,12892,12892,12892,2
20171025,193000,12869,12870,12869,12870,2
20171025,210000,12909,12912,12909,12912,2
20171025,213000,12915,12915,12915,12915,2
20171026,100000,12900,12900,12869,12869,7
20171026,103000,12811,12811,12800,12810,5
20171026,110000,12828,12859,12828,12859,3
20171026,120000,12874,12874,12874,12874,1
20171026,140000,12856,12856,12856,12856,1
20171026,150000,12873,12873,12873,12873,1
20171026,153000,12866,12866,12866,12866,1
20171026,160000,12843,12846,12805,12805,7
20171026,163000,12823,12823,12815,12815,2
20171026,170000,12828,12857,12828,12857,3
20171026,173000,12829,12829,12829,12829,1
20171026,180000,12848,12848,12848,12848,1
20171026,183000,12860,12860,12832,12832,4
20171026,193000,12815,12815,12815,12815,1
20171026,200000,12840,12853,12840,12853,3
20171026,210000,12865,12875,12865,12875,4
20171026,213000,12866,12866,12866,12866,1
20171027,100000,12883,12894,12870,12894,18
20171027,103000,12860,12860,12768,12787,109
20171027,110000,12798,12798,12798,12798,1
20171027,120000,12827,12857,12827,12857,3
20171027,123000,12838,12838,12838,12838,1
20171027,133000,12847,12858,12847,12850,10
20171027,143000,12854,12875,12854,12875,3
20171027,150000,12886,12910,12886,12910,12
20171027,153000,12923,12937,12915,12937,41
20171027,160000,12921,12921,12921,12921,1
20171027,163000,12927,12938,12927,12938,9
20171027,170000,12950,12950,12913,12913,3
20171027,180000,12960,12960,12960,12960,1
20171027,190000,12977,13003,12977,13003,4
20171027,210000,12973,12973,12973,12973,1
20171027,220000,12999,12999,12999,12999,1
20171027,230000,12987,12987,12976,12976,2
20171027,233000,12961,12961,12961,12961,1
20171030,100000,12952,13020,12935,13020,13
20171030,103000,13000,13000,13000,13000,1
20171030,113000,13019,13033,13019,13033,3
20171030,123000,13020,13070,13020,13067,71
20171030,130000,13080,13080,13080,13080,1
20171030,133000,13060,13060,13060,13060,1
20171030,140000,13042,13042,13042,13042,1
20171030,143000,13040,13040,13040,13040,1
20171030,150000,13060,13060,13060,13060,1
20171030,160000,13040,13040,13040,13040,1
20171030,163000,13051,13051,13033,13033,2
20171030,170000,13030,13030,13020,13020,2
20171030,173000,13040,13040,13040,13040,1
20171030,180000,13020,13020,13006,13006,5
20171030,183000,13000,13000,12993,12993,2
20171030,190000,12975,12980,12975,12980,2
20171030,200000,12998,13000,12998,13000,2
20171030,203000,12998,13013,12998,13013,2
20171030,210000,13014,13014,13000,13000,2
20171031,100000,12990,13006,12959,13006,29
20171031,103000,13018,13020,13018,13020,2
20171031,110000,13019,13040,13019,13040,3
20171031,113000,13020,13020,13020,13020,1
20171031,123000,13011,13011,13011,13011,1
20171031,143000,13000,13000,12991,12991,2
20171031,150000,12987,13000,12980,13000,3
20171031,160000,12985,12985,12980,12980,41
20171031,163000,12962,12962,12956,12956,3
20171031,173000,12980,13000,12980,13000,3
20171031,180000,13014,13014,13014,13014,1
20171031,183000,13020,13020,13020,13020,2
20171031,210000,13021,13021,13021,13021,10
20171031,230000,13003,13003,12997,12997,3
20171031,233000,12980,12980,12960,12960,3
20171101,100000,12995,13020,12988,13020,3
20171101,103000,13022,13022,13022,13022,1
20171101,110000,13026,13065,13026,13055,47
20171101,120000,13040,13040,13020,13020,2
20171101,130000,13015,13015,13007,13007,2
20171101,133000,13000,13000,13000,13000,2
20171101,143000,13020,13020,13020,13020,1
20171101,150000,13040,13049,13040,13049,2
20171101,163000,13040,13040,13040,13040,1
20171101,170000,13020,13020,13000,13000,2
20171101,173000,12990,12990,12981,12981,2
20171101,180000,13009,13013,12995,12995,9
20171101,183000,12995,13000,12995,13000,2
20171101,193000,13003,13003,12960,12960,7
20171101,200000,12942,12942,12890,12907,31
20171101,203000,12920,12920,12920,12920,1
20171102,100000,12940,12960,12940,12960,2
20171102,110000,12931,12931,12901,12901,3
20171102,113000,12944,12944,12944,12944,2
20171102,143000,12901,12901,12901,12901,1
20171102,150000,12894,12897,12894,12897,2
20171102,160000,12921,12949,12921,12949,2
20171102,163000,12915,12915,12915,12915,1
20171102,170000,12881,12889,12840,12868,12
20171102,173000,12890,12911,12890,12911,2
20171102,180000,12914,12927,12883,12883,8
20171102,190000,12911,12911,12911,12911,1
20171102,210000,12921,12921,12921,12921,1
20171102,230000,12931,12931,12931,12931,1
20171102,233000,12945,12958,12945,12958,3
20171103,110000,12975,13010,12975,13010,10
20171103,113000,13005,13035,13005,13035,4
20171103,120000,13036,13037,13032,13037,3
20171103,130000,13000,13000,13000,13000,1
20171103,153000,12990,13026,12971,13026,4
20171103,170000,12996,12996,12996,12996,1
20171103,173000,12999,12999,12999,12999,1
20171103,180000,12982,12982,12982,12982,1
20171103,190000,13007,13007,13007,13007,1
20171103,193000,13011,13011,13011,13011,1
20171103,203000,13006,13006,13006,13006,1
20171103,210000,13023,13023,13023,13023,1
20171103,220000,13038,13049,13038,13049,2
20171107,100000,13062,13120,13062,13093,10
20171107,110000,13135,13299,13135,13289,79
20171107,113000,13300,13342,13300,13342,42
20171107,120000,13340,13340,13340,13340,1
20171107,123000,13314,13314,13314,13314,5
20171107,133000,13367,13375,13367,13375,3
20171107,140000,13397,13500,13397,13500,27
20171107,143000,13550,13570,13490,13490,23
20171107,150000,13529,13555,13529,13555,2
20171107,153000,13550,13575,13525,13575,12
20171107,160000,13595,13604,13585,13599,65
20171107,163000,13584,13584,13562,13562,2
20171107,170000,13549,13549,13516,13516,46
20171107,180000,13552,13576,13536,13566,23
20171107,183000,13551,13551,13551,13551,75
20171107,190000,13579,13579,13579,13579,1
20171107,200000,13566,13566,13566,13566,40
20171107,210000,13553,13553,13553,13553,25
20171107,213000,13591,13591,13591,13591,1
20171107,223000,13590,13590,13590,13590,1
20171107,233000,13566,13566,13566,13566,1
20171108,100000,13545,13546,13535,13546,14
20171108,103000,13640,13668,13640,13668,3
20171108,110000,13692,13700,13692,13700,14
20171108,113000,13719,13720,13719,13720,6
20171108,120000,13720,13720,13720,13720,5
20171108,130000,13719,13719,13704,13704,76
20171108,140000,13733,13740,13733,13740,27
20171108,143000,13696,13696,13649,13650,45
20171108,150000,13646,13646,13641,13641,16
20171108,160000,13642,13642,13641,13641,25
20171108,173000,13650,13650,13602,13602,38
20171108,180000,13651,13651,13651,13651,2
20171108,190000,13601,13999,13600,13600,88
20171108,200000,13638,13638,13638,13638,1
20171109,100000,13594,13594,13525,13525,19
20171109,103000,13540,13540,13516,13516,6
20171109,110000,13552,13575,13552,13575,21
20171109,120000,13547,13547,13547,13547,1
20171109,123000,13593,13593,13577,13577,2
20171109,130000,13604,13604,13598,13598,2
20171109,140000,13610,13610,13610,13610,1
20171109,143000,13585,13585,13585,13585,1
20171109,153000,13600,13600,13580,13580,3
20171109,160000,13556,13556,13556,13556,1
20171109,163000,13590,13590,13590,13590,1
20171109,170000,13607,13624,13451,13550,275
20171109,173000,13560,13560,13521,13521,45
20171109,180000,13531,13531,13490,13490,26
20171109,183000,13495,13495,13495,13495,1
20171109,193000,13477,13477,13477,13477,1
20171109,203000,13430,13430,13351,13351,62
20171109,210000,13382,13382,13382,13382,1
20171109,213000,13378,13394,13370,13394,22
20171109,220000,13419,13419,13419,13419,1
20171110,100000,13438,13504,13438,13504,103
20171110,103000,13457,13550,13418,13550,121
20171110,110000,13466,13466,13416,13416,5
20171110,113000,13460,13467,13460,13467,25
20171110,130000,13453,13486,13453,13486,3
20171110,133000,13486,13595,13486,13595,60
20171110,140000,13609,13745,13609,13745,56
20171110,143000,13620,13620,13620,13620,5
20171110,153000,13661,13661,13661,13661,1
20171110,160000,13642,13642,13642,13642,12
20171110,173000,13595,13595,13571,13571,5
20171110,180000,13555,13555,13555,13555,1
20171110,183000,13628,13628,13628,13628,1
20171110,190000,13615,13615,13593,13593,2
20171113,100000,13638,13692,13527,13655,275
20171113,103000,13674,13681,13674,13681,41
20171113,110000,13620,13620,13611,13611,2
20171113,113000,13668,13700,13668,13700,18
20171113,120000,13717,13725,13705,13715,77
20171113,130000,13625,13625,13620,13620,46
20171113,150000,13683,13685,13683,13685,4
20171113,170000,13709,13777,13709,13777,9
20171113,180000,13720,13732,13720,13732,2
20171113,193000,13712,13717,13712,13717,2
20171113,210000,13736,13736,13736,13736,28
20171114,100000,13698,13748,13681,13739,35
20171114,103000,13756,13773,13756,13773,5
20171114,110000,13774,13790,13774,13790,2
20171114,113000,13730,13730,13725,13725,2
20171114,120000,13722,13722,13722,13722,1
20171114,130000,13740,13745,13740,13745,210
20171114,140000,13726,13726,13726,13726,1
20171114,143000,13726,13726,13665,13665,58
20171114,150000,13693,13693,13620,13620,24
20171114,153000,13652,13652,13615,13615,10
20171114,160000,13622,13622,13622,13622,3
20171114,163000,13654,13668,13654,13668,2
20171114,180000,13650,13704,13650,13675,30
20171114,183000,13661,13661,13661,13661,1
20171114,190000,13665,13665,13665,13665,14
20171114,210000,13650,13650,13650,13650,5
20171115,100000,13644,13644,13502,13502,51
20171115,103000,13536,13560,13536,13560,3
20171115,110000,13585,13620,13585,13620,227
20171115,113000,13610,13610,13556,13556,60
20171115,120000,13556,13556,13556,13556,152
20171115,123000,13515,13535,13505,13535,19
20171115,130000,13537,13537,13537,13537,1
20171115,140000,13547,13550,13547,13550,20
20171115,143000,13538,13538,13538,13538,11
20171115,150000,13559,13586,13559,13568,608
20171115,153000,13563,13563,13549,13549,1033
20171115,160000,13549,13549,13531,13531,39
20171115,163000,13521,13522,13521,13522,67
20171115,170000,13567,13587,13567,13587,4
20171115,173000,13554,13554,13526,13526,55
20171115,183000,13505,13529,13505,13529,37
20171115,193000,13547,13547,13547,13547,140
20171115,233000,13530,13530,13530,13530,10
20171116,100000,13530,13530,13521,13521,12
20171116,103000,13535,13619,13534,13619,8
20171116,110000,13583,13584,13549,13549,525
20171116,113000,13549,13549,13520,13520,23
20171116,120000,13512,13512,13486,13487,60
20171116,123000,13472,13472,13434,13434,57
20171116,130000,13468,13468,13463,13463,9
20171116,133000,13424,13424,13424,13424,1
20171116,150000,13443,13447,13443,13443,3
20171116,153000,13410,13410,13155,13232,526
20171116,160000,13232,13232,13158,13176,137
20171116,163000,13263,13283,13247,13283,10
20171116,170000,13300,13390,13300,13390,20
20171116,173000,13340,13340,13323,13323,2
20171116,183000,13330,13330,13330,13330,1
20171116,190000,13320,13320,13320,13320,2
20171116,193000,13377,13377,13377,13377,1
20171116,203000,13347,13347,13347,13347,5
20171116,213000,13357,13357,13357,13357,4
20171117,100000,13322,13375,13295,13295,29
20171117,103000,13340,13340,13330,13330,2
20171117,110000,13341,13430,13341,13386,331
20171117,113000,13385,13385,13385,13385,192
20171117,120000,13353,13353,13351,13351,6
20171117,123000,13351,13351,13351,13351,1
20171117,130000,13350,13350,13341,13341,11
20171117,133000,13330,13330,13330,13330,1
20171117,143000,13375,13375,13375,13375,10
20171117,170000,13349,13354,13344,13354,22
20171117,173000,13360,13382,13360,13382,3
20171117,180000,13337,13337,13337,13337,1
20171117,183000,13321,13321,13310,13310,3
20171117,210000,13350,13350,13350,13350,5
20171117,213000,13339,13344,13339,13344,3
20171117,220000,13344,13344,13344,13344,1
20171117,223000,13283,13283,13283,13283,1
20171120,100000,13289,13291,13240,13291,28
20171120,103000,13320,13380,13320,13380,19
20171120,110000,13320,13320,13280,13280,6
20171120,113000,13276,13276,13210,13235,134
20171120,120000,13300,13300,13300,13300,2
20171120,123000,13301,13301,13301,13301,1
20171120,143000,13327,13367,13327,13367,4
20171120,150000,13328,13328,13328,13328,16
20171120,163000,13300,13300,13300,13300,1
20171120,170000,13285,13285,13285,13285,1
20171120,173000,13293,13293,13293,13293,2
20171120,180000,13310,13310,13310,13310,1
20171120,183000,13337,13352,13337,13352,2
20171120,190000,13356,13357,13356,13357,2
20171120,193000,13370,13370,13370,13370,1
20171120,200000,13380,13383,13380,13383,3
20171120,210000,13379,13379,13379,13379,2
20171120,213000,13380,13380,13377,13378,6
20171121,100000,13399,13430,13387,13430,22
20171121,103000,13435,13497,13435,13480,6
20171121,113000,13515,13530,13515,13530,11
20171121,123000,13520,13520,13520,13520,5
20171121,130000,13535,13571,13534,13571,4
20171121,133000,13590,13604,13582,13604,7
20171121,140000,13586,13600,13586,13600,4
20171121,143000,13613,13634,13613,13634,3
20171121,160000,13586,13586,13547,13547,4
20171121,163000,13545,13545,13530,13530,15
20171121,170000,13524,13524,13524,13524,1
20171121,173000,13508,13508,13508,13508,1
20171121,180000,13500,13505,13489,13505,3
20171121,183000,13539,13539,13539,13539,1
20171121,190000,13553,13553,13553,13553,1
20171121,230000,13573,13600,13573,13600,3
20171122,100000,13609,13650,13609,13650,5
20171122,103000,13662,13662,13648,13654,48
20171122,110000,13629,13667,13629,13667,39
20171122,120000,13681,13700,13681,13700,7
20171122,140000,13661,13661,13637,13647,6
20171122,143000,13657,13657,13657,13657,1
20171122,150000,13658,13658,13658,13658,3
20171122,153000,13637,13637,13637,13637,1
20171122,160000,13608,13608,13606,13606,7
20171122,163000,13637,13637,13637,13637,1
20171122,170000,13619,13619,13619,13619,1
20171122,180000,13601,13601,13569,13569,8
20171122,190000,13590,13590,13590,13590,1
20171122,213000,13607,13607,13607,13607,1
20171123,100000,13566,13577,13530,13530,12
20171123,103000,13525,13525,13500,13500,2
20171123,110000,13502,13502,13502,13502,8
20171123,113000,13571,13630,13571,13630,11
20171123,123000,13572,13572,13536,13536,5
20171123,130000,13554,13554,13554,13554,1
20171123,140000,13574,13579,13573,13579,1017
20171123,143000,13551,13551,13551,13551,20
20171123,150000,13570,13570,13570,13570,1
20171123,160000,13540,13545,13530,13545,306
20171123,163000,13539,13564,13539,13545,121
20171123,170000,13549,13558,13549,13558,70
20171123,173000,13526,13526,13500,13500,64
20171123,180000,13508,13518,13480,13480,115
20171123,190000,13500,13500,13500,13500,35
20171123,193000,13489,13489,13487,13487,15
20171123,200000,13491,13491,13491,13491,1
20171123,203000,13510,13510,13510,13510,1
20171124,100000,13510,13530,13466,13525,80
20171124,103000,13530,13530,13530,13530,2
20171124,110000,13526,13617,13526,13617,9
20171124,113000,13613,13668,13613,13633,42
20171124,120000,13660,13714,13659,13662,35
20171124,123000,13668,13668,13668,13668,1
20171124,133000,13686,13686,13667,13671,46
20171124,140000,13680,13680,13680,13680,1
20171124,143000,13695,13744,13686,13744,112
20171124,150000,13740,13740,13740,13740,1
20171124,153000,13706,13706,13698,13698,21
20171124,160000,13725,13725,13725,13725,1
20171124,163000,13688,13688,13687,13687,38
20171124,173000,13656,13656,13656,13656,1
20171124,180000,13655,13655,13650,13650,7
20171124,203000,13645,13645,13644,13644,5
20171124,220000,13684,13684,13684,13684,1
20171127,100000,13680,13838,13680,13802,107
20171127,103000,13845,13845,13845,13845,1
20171127,110000,13808,13836,13720,13784,1235
20171127,113000,13785,13785,13729,13765,426
20171127,130000,13750,13750,13750,13750,1
20171127,133000,13721,13739,13715,13738,70
20171127,140000,13721,13721,13711,13711,2
20171127,143000,13747,13749,13747,13749,6
20171127,150000,13715,13715,13675,13678,37
20171127,153000,13665,13668,13611,13626,10
20171127,160000,13628,13641,13607,13641,9
20171127,173000,13689,13703,13689,13690,6
20171127,180000,13681,13720,13680,13690,12
20171128,100000,13666,13666,13588,13631,102
20171128,103000,13651,13651,13645,13645,6
20171128,110000,13698,13730,13698,13730,10
20171128,113000,13682,13682,13682,13682,1
20171128,120000,13660,13664,13629,13652,81
20171128,123000,13643,13643,13643,13643,1
20171128,130000,13625,13635,13625,13635,62
20171128,133000,13612,13628,13612,13625,9
20171128,140000,13620,13620,13620,13620,1
20171128,143000,13649,13705,13649,13705,252
20171128,150000,13674,13696,13674,13696,75
20171128,153000,13695,13741,13691,13691,520
20171128,160000,13705,13732,13705,13732,76
20171128,163000,13730,13765,13730,13765,6
20171128,170000,13772,13819,13764,13819,985
20171128,173000,13801,13820,13782,13820,18
20171128,180000,13810,13832,13786,13810,69
20171128,183000,13806,13811,13785,13811,8
20171128,190000,13818,13821,13818,13821,4
20171128,193000,13817,13839,13816,13839,20
20171128,200000,13839,13839,13839,13839,10
20171128,203000,13839,13850,13839,13846,8
20171128,210000,13832,13832,13828,13828,12
20171128,220000,13801,13814,13789,13814,30
20171128,223000,13814,13828,13802,13805,12
20171128,230000,13800,13800,13800,13800,9
20171128,233000,13795,13795,13795,13795,2
20171129,100000,13787,13790,13660,13685,453
20171129,103000,13692,13763,13692,13751,245
20171129,110000,13758,13763,13702,13745,183
20171129,113000,13737,13751,13729,13729,74
20171129,120000,13725,13725,13718,13718,86
20171129,123000,13727,13727,13707,13707,4
20171129,130000,13725,13732,13725,13732,34
20171129,133000,13732,13732,13687,13687,5
20171129,140000,13689,13698,13650,13656,304
20171129,143000,13664,13686,13662,13680,46
20171129,150000,13693,13714,13691,13691,58
20171129,153000,13681,13681,13651,13660,18
20171129,160000,13680,13689,13680,13688,41
20171129,163000,13692,13699,13635,13635,50
20171129,173000,13650,13650,13650,13650,3
20171129,180000,13672,13672,13672,13672,1
20171129,183000,13650,13650,13639,13639,3
20171129,190000,13630,13630,13630,13630,1
20171129,193000,13619,13619,13600,13600,3
20171129,200000,13590,13590,13552,13585,14
20171129,203000,13577,13577,13577,13577,1
20171129,210000,13594,13597,13594,13597,2
20171129,223000,13602,13602,13602,13602,6
20171129,230000,13610,13610,13610,13610,1
20171130,100000,13592,13597,13540,13579,84
20171130,110000,13560,13651,13560,13621,72
20171130,113000,13635,13649,13630,13630,7
20171130,120000,13624,13683,13624,13683,37
20171130,123000,13672,13700,13672,13698,20
20171130,130000,13701,13709,13701,13709,2
20171130,133000,13695,13750,13685,13750,15
20171130,140000,13725,13725,13708,13708,6
20171130,143000,13730,13743,13730,13743,3
20171130,150000,13708,13708,13670,13670,109
20171130,153000,13661,13661,13652,13652,21
20171130,160000,13656,13656,13656,13656,1
20171130,163000,13688,13710,13688,13710,13
20171130,170000,13701,13718,13699,13705,221
20171130,173000,13691,13691,13650,13650,108
20171130,180000,13630,13630,13580,13580,319
20171130,183000,13563,13574,13520,13531,614
20171130,190000,13550,13570,13550,13570,2
20171130,193000,13548,13552,13520,13520,13
20171130,200000,13521,13521,13521,13521,2
20171130,203000,13540,13542,13540,13542,2
20171130,210000,13525,13525,13525,13525,1
20171130,213000,13515,13532,13500,13504,538
20171130,220000,13505,13529,13505,13529,15
20171130,230000,13520,13530,13520,13530,2
20171201,100000,13557,13614,13549,13559,33
20171201,103000,13555,13600,13543,13597,35
20171201,110000,13597,13650,13550,13550,605
20171201,113000,13550,13587,13550,13587,1797
20171201,120000,13578,13588,13560,13588,1458
20171201,123000,13574,13577,13570,13577,75
20171201,130000,13579,13579,13579,13579,20
20171201,133000,13550,13550,13520,13520,106
20171201,140000,13535,13546,13500,13540,459
20171201,143000,13554,13565,13510,13535,36
20171201,150000,13543,13560,13543,13560,16
20171201,153000,13548,13575,13548,13566,26
20171201,160000,13582,13585,13545,13552,66
20171201,163000,13570,13592,13565,13592,33
20171201,170000,13599,13645,13588,13645,72
20171201,173000,13605,13633,13605,13605,9
20171201,180000,13619,13635,13619,13625,6
20171201,183000,13650,13650,13650,13650,2
20171201,190000,13628,13636,13550,13550,32
20171201,193000,13532,13591,13521,13521,117
20171201,200000,13555,13562,13555,13562,141
20171201,203000,13550,13580,13550,13580,42
20171201,210000,13581,13581,13565,13565,3
20171201,213000,13570,13583,13570,13583,2
20171201,220000,13560,13560,13557,13557,3
20171201,230000,13582,13582,13582,13582,44
20171204,100000,13587,13635,13525,13536,722
20171204,103000,13546,13588,13500,13550,94
20171204,110000,13569,13635,13540,13575,172
20171204,113000,13560,13610,13550,13562,322
20171204,120000,13590,13605,13575,13575,10
20171204,123000,13565,13604,13540,13604,23
20171204,130000,13619,13646,13619,13646,646
20171204,133000,13645,13645,13604,13629,24
20171204,140000,13630,13646,13600,13620,254
20171204,143000,13619,13660,13601,13655,256
20171204,150000,13640,13640,13640,13640,1
20171204,153000,13666,13698,13665,13685,107
20171204,160000,13700,13720,13700,13720,6
20171204,163000,13707,13710,13701,13710,34
20171204,170000,13710,13710,13662,13680,52
20171204,173000,13714,13720,13714,13720,2
20171204,180000,13704,13704,13704,13704,1
20171204,190000,13700,13700,13681,13681,5
20171204,203000,13684,13684,13684,13684,1
20171204,210000,13691,13691,13690,13690,2
20171204,220000,13680,13688,13675,13688,3
20171204,230000,13670,13670,13660,13660,3
20171204,233000,13652,13652,13652,13652,1
20171205,100000,13641,13650,13611,13650,10
20171205,103000,13660,13710,13660,13707,69
20171205,110000,13675,13683,13630,13637,157
20171205,113000,13625,13626,13622,13626,18
20171205,120000,13635,13643,13616,13616,40
20171205,123000,13620,13640,13610,13640,129
20171205,133000,13615,13625,13610,13610,23
20171205,143000,13642,13660,13638,13638,124
20171205,150000,13659,13667,13650,13650,28
20171205,153000,13660,13673,13645,13645,9
20171205,160000,13647,13698,13647,13698,1012
20171205,163000,13692,13709,13685,13689,1168
20171205,170000,13685,13687,13681,13683,158
20171205,173000,13669,13684,13663,13684,157
20171205,180000,13668,13674,13645,13660,231
20171205,183000,13659,13681,13658,13676,305
20171205,190000,13667,13667,13667,13667,2
20171205,193000,13691,13691,13691,13691,2
20171205,200000,13658,13704,13658,13704,1001
20171205,223000,13691,13695,13691,13695,5
20171205,230000,13690,13690,13657,13657,2
20171205,233000,13650,13650,13639,13641,29
20171206,100000,13619,13657,13611,13657,53
20171206,110000,13615,13730,13614,13721,89
20171206,113000,13700,13710,13686,13710,7
20171206,120000,13703,13703,13680,13690,40
20171206,130000,13710,13710,13708,13708,4
20171206,133000,13719,13732,13710,13732,93
20171206,140000,13708,13725,13707,13718,41
20171206,143000,13721,13728,13707,13728,353
20171206,150000,13707,13718,13694,13700,142
20171206,153000,13718,13718,13706,13706,12
20171206,160000,13696,13711,13691,13711,14
20171206,163000,13690,13708,13690,13694,1223
20171206,170000,13720,13744,13719,13723,21
20171206,173000,13715,13715,13715,13715,1
20171206,180000,13708,13708,13667,13667,277
20171206,183000,13655,13679,13648,13679,80
20171206,190000,13693,13693,13654,13654,3
20171206,193000,13645,13659,13638,13657,25
20171206,203000,13645,13645,13645,13645,15
20171206,210000,13645,13648,13645,13648,3
20171206,213000,13656,13656,13645,13645,10
20171206,220000,13641,13641,13641,13641,4
20171206,223000,13636,13658,13631,13658,18
20171206,233000,13632,13632,13632,13632,1
20171207,100000,13666,13681,13638,13661,1366
20171207,103000,13655,13671,13647,13665,272
20171207,110000,13655,13681,13633,13649,729
20171207,113000,13647,13692,13642,13652,2651
20171207,120000,13650,13674,13644,13652,1816
20171207,123000,13653,13661,13631,13631,713
20171207,130000,13633,13659,13632,13654,2771
20171207,133000,13651,13651,13650,13650,78
20171207,140000,13631,13651,13631,13651,36
20171207,143000,13634,13634,13634,13634,20
20171207,150000,13632,13647,13632,13647,12
20171207,153000,13630,13639,13621,13621,616
20171207,160000,13624,13673,13593,13672,274
20171207,163000,13647,13650,13615,13615,120
20171207,170000,13630,13638,13616,13638,25
20171207,173000,13631,13660,13620,13620,2015
20171207,180000,13639,13663,13639,13648,4
20171207,183000,13645,13645,13644,13644,2
20171207,190000,13659,13660,13620,13620,118
20171207,193000,13630,13630,13630,13630,1
20171207,203000,13656,13670,13656,13670,13
20171207,220000,13667,13668,13647,13647,167
20171207,223000,13663,13675,13663,13665,119
20171207,230000,13682,13820,13677,13700,90
20171207,233000,13673,13673,13670,13670,7
20171208,100000,13664,13693,13655,13655,343
20171208,103000,13655,13658,13653,13653,32
20171208,110000,13688,13693,13662,13663,580
20171208,113000,13664,13664,13596,13596,3006
20171208,120000,13602,13605,13588,13588,1344
20171208,123000,13591,13604,13591,13592,124
20171208,130000,13588,13591,13562,13584,181
20171208,133000,13591,13607,13591,13607,106
20171208,140000,13564,13564,13534,13562,73
20171208,143000,13564,13585,13564,13583,121
20171208,150000,13578,13578,13565,13565,3
20171208,153000,13545,13552,13536,13544,32
20171208,160000,13567,13597,13567,13570,814
20171208,163000,13580,13581,13566,13566,1156
20171208,170000,13575,13578,13570,13574,43
20171208,173000,13565,13565,13516,13525,101
20171208,180000,13512,13519,13502,13519,318
20171208,183000,13506,13533,13506,13533,26
20171208,193000,13559,13559,13559,13559,1
20171208,200000,13542,13542,13540,13540,6
20171211,100000,13557,13629,13556,13598,201
20171211,103000,13584,13634,13580,13625,88
20171211,110000,13642,13679,13625,13650,136
20171211,113000,13640,13646,13627,13639,52
20171211,120000,13630,13690,13630,13671,2275
20171211,123000,13673,13675,13654,13663,203
20171211,130000,13675,13675,13663,13675,26
20171211,140000,13691,13691,13685,13685,3
20171211,143000,13673,13673,13671,13671,8
20171211,150000,13683,13683,13673,13683,11
20171211,153000,13683,13686,13683,13686,6
20171211,160000,13700,13728,13700,13708,110
20171211,163000,13718,13719,13700,13700,292
20171211,170000,13700,13703,13698,13703,96
20171211,173000,13710,13726,13691,13700,270
20171211,180000,13703,13728,13703,13719,1253
20171211,183000,13711,13711,13703,13708,7
20171211,190000,13735,13735,13705,13726,10
20171211,200000,13725,13735,13725,13735,6
20171211,203000,13735,13735,13735,13735,1
20171211,210000,13735,13735,13721,13721,8
20171211,213000,13721,13738,13720,13723,12
20171211,220000,13735,13735,13735,13735,6
20171211,223000,13734,13747,13730,13741,19
20171211,230000,13726,13726,13720,13726,32
20171211,233000,13722,13748,13720,13720,33
20171212,100000,13750,13774,13721,13732,269
20171212,103000,13732,13739,13661,13710,2931
20171212,110000,13694,13740,13694,13720,1196
20171212,113000,13721,13786,13720,13770,2745
20171212,120000,13766,13768,13738,13746,44
20171212,123000,13759,13774,13750,13771,109
20171212,130000,13768,13791,13768,13773,619
20171212,133000,13783,13824,13783,13824,1289
20171212,140000,13825,13872,13825,13845,364
20171212,143000,13834,13850,13834,13846,636
20171212,150000,13834,13846,13815,13838,3164
20171212,153000,13825,13826,13820,13820,44
20171212,160000,13819,13823,13770,13791,2386
20171212,163000,13789,13825,13789,13793,92
20171212,170000,13807,13827,13807,13827,2121
20171212,173000,13819,13831,13770,13830,221
20171212,180000,13830,13838,13785,13791,1250
20171212,183000,13787,13823,13787,13823,41
20171212,190000,13824,13852,13824,13835,32
20171212,193000,13824,13852,13810,13821,542
20171212,200000,13804,13811,13770,13794,274
20171212,203000,13831,13900,13831,13870,150
20171212,210000,13888,13902,13870,13870,124
20171212,213000,13881,13881,13866,13866,4
20171212,220000,13847,13847,13813,13830,711
20171212,223000,13837,13837,13836,13836,5
20171212,230000,13829,13836,13820,13821,7
20171212,233000,13815,13828,13808,13828,23
20171213,100000,13836,13942,13809,13941,2562
20171213,103000,13922,13930,13892,13911,2053
20171213,110000,13910,13918,13867,13884,4718
20171213,113000,13892,13905,13877,13888,1400
20171213,120000,13899,13907,13894,13899,897
20171213,123000,13900,13908,13895,13904,4090
20171213,130000,13904,13904,13856,13856,4790
20171213,133000,13878,13894,13871,13890,600
20171213,140000,13871,13889,13871,13882,21
20171213,143000,13887,13890,13884,13884,64
20171213,150000,13890,13900,13845,13851,439
20171213,153000,13852,13855,13832,13832,473
20171213,160000,13832,13832,13764,13799,1214
20171213,163000,13794,13825,13789,13810,779
20171213,170000,13810,13838,13809,13826,746
20171213,173000,13820,13820,13790,13790,125
20171213,180000,13784,13811,13773,13805,1984
20171213,183000,13806,13852,13806,13849,348
20171213,190000,13855,13894,13846,13846,38
20171213,193000,13845,13846,13845,13846,10
20171213,200000,13841,13841,13766,13818,412
20171213,203000,13793,13818,13793,13818,95
20171213,210000,13818,13826,13802,13823,49
20171213,213000,13811,13819,13811,13819,4
20171213,220000,13829,13853,13829,13850,14
20171213,223000,13838,13841,13827,13841,16
20171213,230000,13845,13845,13845,13845,1
20171214,100000,13850,13920,13850,13890,639
20171214,103000,13889,13895,13869,13883,1720
20171214,110000,13872,13872,13800,13809,1814
20171214,113000,13809,13837,13796,13814,1032
20171214,120000,13808,13833,13785,13833,225
20171214,123000,13835,13853,13799,13810,3024
20171214,130000,13818,13818,13779,13800,222
20171214,133000,13801,13810,13799,13803,611
20171214,140000,13812,13826,13806,13821,246
20171214,143000,13830,13830,13790,13799,2372
20171214,150000,13797,13809,13797,13809,334
20171214,153000,13804,13833,13797,13833,292
20171214,160000,13826,13843,13808,13823,383
20171214,163000,13835,13835,13800,13800,668
20171214,170000,13800,13806,13789,13806,722
20171214,173000,13808,13842,13803,13821,313
20171214,180000,13828,13880,13828,13853,1016
20171214,183000,13861,13889,13860,13877,669
20171214,190000,13877,13880,13868,13870,411
20171214,193000,13868,13870,13862,13869,20
20171214,200000,13862,13869,13853,13867,45
20171214,203000,13867,13870,13861,13861,22
20171214,210000,13870,13870,13870,13870,3
20171214,213000,13869,13869,13869,13869,1
20171214,220000,13870,13870,13856,13856,38
20171214,223000,13856,13856,13840,13854,140
20171214,230000,13862,13862,13837,13837,20
20171215,100000,13852,13866,13820,13858,463
20171215,103000,13858,13885,13855,13863,741
20171215,110000,13865,13880,13810,13873,1959
20171215,113000,13865,13884,13843,13850,710
20171215,120000,13850,13855,13842,13851,1212
20171215,123000,13854,13858,13830,13858,2680
20171215,130000,13845,13867,13845,13860,167
20171215,133000,13865,13874,13855,13855,328
20171215,140000,13858,13869,13845,13845,142
20171215,143000,13844,13853,13835,13835,307
20171215,150000,13840,13848,13836,13848,1416
20171215,153000,13844,13860,13844,13860,109
20171215,160000,13847,13857,13845,13847,234
20171215,163000,13846,13853,13843,13853,274
20171215,170000,13850,13850,13850,13850,10
20171215,173000,13855,13855,13810,13827,1398
20171215,180000,13827,13831,13810,13811,731
20171215,183000,13813,13814,13783,13791,943
20171215,190000,13798,13816,13796,13816,62
20171215,193000,13811,13811,13808,13808,4
20171215,200000,13800,13800,13798,13800,97
20171215,203000,13800,13805,13799,13805,29
20171215,210000,13801,13801,13800,13800,29
20171215,213000,13794,13801,13789,13789,11
20171215,220000,13789,13808,13789,13808,50
20171215,223000,13808,13808,13789,13790,16
20171215,230000,13796,13799,13788,13788,13
20171218,100000,13803,13860,13803,13859,787
20171218,103000,13860,13861,13844,13854,487
20171218,110000,13852,13884,13840,13881,1532
20171218,113000,13877,13907,13868,13874,922
20171218,120000,13866,13871,13850,13850,268
20171218,123000,13853,13861,13825,13831,1405
20171218,130000,13832,13834,13818,13820,1097
20171218,133000,13823,13825,13815,13815,1362
20171218,140000,13819,13836,13810,13829,667
20171218,143000,13830,13831,13816,13822,1006
20171218,150000,13819,13823,13809,13809,123
20171218,153000,13809,13811,13741,13743,5896
20171218,160000,13741,13755,13720,13722,2399
20171218,163000,13722,13732,13632,13639,6307
20171218,170000,13636,13636,13573,13612,3024
20171218,173000,13606,13687,13600,13686,4366
20171218,180000,13693,13700,13666,13686,1227
20171218,183000,13680,13680,13647,13661,118
20171218,190000,13662,13683,13662,13665,78
20171218,193000,13673,13682,13673,13681,22
20171218,200000,13682,13682,13670,13670,59
20171218,203000,13670,13683,13665,13683,29
20171218,210000,13683,13685,13680,13685,41
20171218,213000,13679,13679,13679,13679,1
20171218,220000,13679,13692,13676,13677,50
20171218,223000,13677,13695,13675,13677,44
20171218,230000,13678,13682,13677,13682,29
20171218,233000,13677,13686,13665,13686,122
20171219,100000,13682,13747,13678,13694,1377
20171219,103000,13691,13695,13660,13667,710
20171219,110000,13663,13692,13636,13671,2514
20171219,113000,13670,13679,13669,13675,2581
20171219,120000,13675,13724,13670,13724,3085
20171219,123000,13725,13735,13687,13709,2839
20171219,130000,13709,13710,13682,13687,1657
20171219,133000,13686,13707,13678,13694,1722
20171219,140000,13694,13703,13670,13686,3410
20171219,143000,13676,13680,13654,13670,1790
20171219,150000,13670,13681,13624,13650,4159
20171219,153000,13650,13693,13650,13690,1105
20171219,160000,13687,13704,13674,13687,1852
20171219,163000,13689,13703,13674,13702,674
20171219,170000,13700,13710,13679,13691,1478
20171219,173000,13690,13700,13654,13690,2952
20171219,180000,13690,13700,13678,13685,1312
20171219,183000,13691,13700,13686,13694,221
20171219,190000,13667,13690,13658,13664,346
20171219,193000,13671,13673,13664,13673,21
20171219,200000,13672,13673,13664,13666,54
20171219,203000,13666,13674,13663,13673,74
20171219,210000,13665,13672,13662,13665,62
20171219,213000,13669,13679,13664,13668,270
20171219,220000,13675,13675,13666,13671,37
20171219,223000,13671,13683,13671,13679,25
20171219,230000,13679,13691,13679,13686,65
20171219,233000,13688,13700,13686,13688,214
20171220,100000,13686,13710,13634,13635,3012
20171220,103000,13638,13678,13621,13630,3093
20171220,110000,13630,13654,13605,13613,3871
20171220,113000,13613,13667,13600,13631,6767
20171220,120000,13631,13671,13620,13623,2084
20171220,123000,13623,13625,13542,13545,5019
20171220,130000,13542,13584,13525,13578,3312
20171220,133000,13583,13590,13544,13568,1032
20171220,140000,13561,13567,13503,13543,3988
20171220,143000,13542,13609,13540,13598,5483
20171220,150000,13605,13625,13574,13580,4185
20171220,153000,13577,13584,13555,13566,1467
20171220,160000,13566,13590,13556,13590,1366
20171220,163000,13589,13611,13565,13569,9133
20171220,170000,13566,13585,13541,13578,6563
20171220,173000,13579,13585,13536,13578,2116
20171220,180000,13578,13583,13554,13575,7154
20171220,183000,13575,13584,13570,13570,2556
20171220,190000,13579,13599,13570,13599,480
20171220,193000,13599,13600,13585,13596,431
20171220,200000,13596,13597,13588,13589,174
20171220,203000,13590,13600,13585,13592,257
20171220,210000,13590,13599,13588,13597,555
20171220,213000,13597,13600,13593,13600,915
20171220,220000,13597,13600,13589,13594,365
20171220,223000,13595,13599,13593,13599,137
20171220,230000,13596,13600,13588,13590,302
20171220,233000,13591,13592,13584,13590,212
20171221,100000,13585,13597,13540,13553,11085
20171221,103000,13554,13595,13544,13578,9863
20171221,110000,13578,13585,13547,13549,13295
20171221,113000,13548,13561,13528,13531,13029
20171221,120000,13533,13554,13530,13547,5165
20171221,123000,13544,13549,13506,13513,5269
20171221,130000,13513,13523,13490,13511,6452
20171221,133000,13513,13518,13391,13451,20636
20171221,140000,13442,13442,13400,13432,5411
20171221,143000,13434,13450,13424,13434,2902
20171221,150000,13428,13465,13416,13457,3892
20171221,153000,13461,13462,13413,13421,4587
20171221,160000,13426,13449,13426,13440,1791
20171221,163000,13440,13442,13266,13309,29196
20171221,170000,13305,13359,13296,13335,9066
20171221,173000,13335,13346,13305,13341,3434
20171221,180000,13337,13390,13335,13389,9714
20171221,183000,13386,13408,13381,13398,9813
20171221,190000,13378,13420,13370,13406,1256
20171221,193000,13405,13440,13405,13429,980
20171221,200000,13435,13673,13435,13501,18276
20171221,203000,13503,13530,13486,13524,1274
20171221,210000,13525,13630,13519,13527,6262
20171221,213000,13527,13548,13525,13543,273
20171221,220000,13543,13543,13524,13526,478
20171221,223000,13526,13532,13521,13529,339
20171221,230000,13525,13532,13520,13525,320
20171221,233000,13524,13534,13510,13513,802
20171222,100000,13507,13524,13446,13450,12205
20171222,103000,13450,13476,13427,13435,2911
20171222,110000,13437,13474,13408,13459,10374
20171222,113000,13462,13474,13441,13469,6948
20171222,120000,13471,13579,13461,13563,17327
20171222,123000,13565,13610,13548,13552,10283
20171222,130000,13552,13572,13537,13538,5251
20171222,133000,13538,13543,13498,13504,5620
20171222,140000,13507,13514,13484,13513,3835
20171222,143000,13514,13526,13500,13506,2398
20171222,150000,13505,13508,13424,13431,7889
20171222,153000,13427,13436,13372,13418,9562
20171222,160000,13420,13447,13409,13446,2526
20171222,163000,13446,13466,13427,13433,1911
20171222,170000,13434,13476,13433,13455,4151
20171222,173000,13453,13494,13443,13486,2283
20171222,180000,13490,13493,13454,13465,3665
20171222,183000,13463,13466,13431,13451,2633
20171222,190000,13449,13493,13437,13491,984
20171222,193000,13492,13519,13487,13491,903
20171222,200000,13496,13504,13490,13493,124
20171222,203000,13493,13499,13493,13498,47
20171222,210000,13497,13513,13487,13512,386
20171222,213000,13507,13514,13496,13499,153
20171222,220000,13498,13517,13495,13503,292
20171222,223000,13502,13522,13495,13508,386
20171222,230000,13509,13525,13509,13523,1170
20171222,233000,13524,13529,13513,13520,538
20171225,100000,13527,13548,13480,13483,5656
20171225,103000,13480,13531,13475,13521,5391
20171225,110000,13521,13562,13519,13559,7887
20171225,113000,13560,13570,13507,13520,2077
20171225,120000,13520,13538,13499,13520,1915
20171225,123000,13520,13523,13482,13500,3010
20171225,130000,13499,13508,13492,13507,1034
20171225,133000,13507,13512,13460,13470,2685
20171225,140000,13471,13493,13469,13485,784
20171225,143000,13487,13488,13450,13455,2419
20171225,150000,13453,13457,13434,13436,2643
20171225,153000,13438,13457,13433,13438,1017
20171225,160000,13438,13469,13435,13463,1655
20171225,163000,13463,13469,13451,13456,470
20171225,170000,13457,13460,13428,13428,1938
20171225,173000,13428,13452,13425,13449,2364
20171225,180000,13449,13453,13443,13446,618
20171225,183000,13445,13480,13443,13465,2473
20171225,190000,13465,13491,13462,13478,797
20171225,193000,13478,13478,13455,13456,210
20171225,200000,13456,13465,13448,13454,253
20171225,203000,13458,13465,13449,13449,152
20171225,210000,13455,13464,13453,13463,80
20171225,213000,13463,13464,13457,13461,30
20171225,220000,13459,13463,13451,13462,118
20171225,223000,13463,13463,13457,13463,49
20171225,230000,13463,13485,13455,13474,569
20171225,233000,13480,13485,13471,13471,232
20171226,100000,13478,13486,13381,13387,7962
20171226,103000,13391,13429,13363,13367,3855
20171226,110000,13366,13380,13353,13368,2087
20171226,113000,13366,13375,13350,13370,3748
20171226,120000,13366,13370,13305,13325,5072
20171226,123000,13325,13329,13309,13326,3491
20171226,130000,13325,13352,13321,13324,2884
20171226,133000,13325,13338,13280,13291,8205
20171226,140000,13284,13284,13204,13259,9520
20171226,143000,13256,13263,13231,13259,3018
20171226,150000,13256,13263,13239,13251,3311
20171226,153000,13249,13283,13245,13280,2916
20171226,160000,13281,13287,13270,13278,2855
20171226,163000,13278,13348,13270,13331,5127
20171226,170000,13334,13350,13311,13329,5128
20171226,173000,13329,13333,13311,13318,1523
20171226,180000,13319,13378,13319,13369,4195
20171226,183000,13368,13406,13368,13380,5947
20171226,190000,13389,13406,13369,13402,1640
20171226,193000,13399,13418,13383,13414,691
20171226,200000,13416,13418,13400,13415,364
20171226,203000,13414,13415,13402,13411,117
20171226,210000,13412,13419,13401,13411,232
20171226,213000,13410,13424,13410,13423,201
20171226,220000,13423,13425,13405,13416,327
20171226,223000,13415,13419,13407,13407,74
20171226,230000,13406,13415,13402,13415,205
20171226,233000,13409,13415,13401,13407,214
20171227,100000,13402,13402,13323,13343,6894
20171227,103000,13342,13356,13300,13302,3210
20171227,110000,13304,13392,13286,13355,7972
20171227,113000,13357,13431,13332,13427,6172
20171227,120000,13430,13444,13378,13395,3579
20171227,123000,13397,13418,13385,13404,1463
20171227,130000,13401,13434,13388,13426,3531
20171227,133000,13430,13464,13427,13428,3358
20171227,140000,13433,13436,13396,13410,1828
20171227,143000,13411,13412,13372,13390,2284
20171227,150000,13393,13416,13383,13398,1455
20171227,153000,13399,13419,13374,13375,1460
20171227,160000,13376,13385,13342,13350,5422
20171227,163000,13349,13369,13333,13361,4088
20171227,170000,13361,13369,13312,13354,4582
20171227,173000,13351,13371,13327,13360,4885
20171227,180000,13362,13375,13340,13347,6030
20171227,183000,13344,13355,13307,13339,3070
20171227,190000,13334,13353,13326,13326,1021
20171227,193000,13326,13329,13290,13312,1309
20171227,200000,13314,13322,13279,13303,1010
20171227,203000,13302,13321,13297,13319,248
20171227,210000,13319,13333,13306,13307,707
20171227,213000,13307,13310,13307,13307,67
20171227,220000,13308,13323,13297,13303,293
20171227,223000,13307,13311,13299,13300,92
20171227,230000,13300,13314,13300,13307,206
20171227,233000,13304,13319,13299,13300,182
20171228,100000,13307,13342,13251,13295,8571
20171228,103000,13297,13303,13273,13280,1643
20171228,110000,13283,13301,13256,13264,3968
20171228,113000,13262,13310,13261,13283,3045
20171228,120000,13280,13289,13260,13264,5265
20171228,123000,13263,13284,13251,13261,2128
20171228,130000,13261,13298,13252,13275,2634
20171228,133000,13279,13290,13266,13270,1889
20171228,140000,13270,13309,13259,13303,2043
20171228,143000,13303,13317,13289,13299,2856
20171228,150000,13296,13337,13278,13335,4884
20171228,153000,13335,13337,13299,13303,2228
20171228,160000,13304,13329,13265,13268,2060
20171228,163000,13269,13279,13218,13223,7268
20171228,170000,13221,13242,13209,13240,3952
20171228,173000,13242,13262,13212,13253,4380
20171228,180000,13257,13270,13245,13260,2323
20171228,183000,13260,13276,13235,13267,2076
20171228,190000,13267,13295,13258,13295,1037
20171228,193000,13294,13294,13270,13278,206
20171228,200000,13283,13285,13271,13278,67
20171228,203000,13275,13275,13262,13262,200
20171228,210000,13261,13264,13256,13262,1103
20171228,213000,13262,13262,13257,13262,52
20171228,220000,13262,13262,13253,13258,149
20171228,223000,13259,13259,13217,13229,821
20171228,230000,13227,13255,13221,13247,456
20171228,233000,13246,13253,13240,13247,95
20171229,100000,13249,13292,13200,13273,7238
20171229,103000,13271,13314,13270,13291,4613
20171229,110000,13290,13300,13209,13222,4676
20171229,113000,13224,13244,13180,13184,6884
20171229,120000,13183,13219,13180,13183,2674
20171229,123000,13184,13207,13184,13190,971
20171229,130000,13197,13206,13173,13192,2987
20171229,133000,13190,13193,13150,13159,3659
20171229,140000,13163,13192,13160,13177,2246
20171229,143000,13179,13197,13152,13152,3499
20171229,150000,13152,13155,13105,13137,9040
20171229,153000,13141,13148,13123,13131,2434
20171229,160000,13131,13155,13123,13131,1901
20171229,163000,13124,13233,13124,13200,5383
20171229,170000,13204,13262,13199,13246,13559
20171229,173000,13251,13280,13207,13216,6066
20171229,180000,13223,13233,13192,13222,2147
20171229,183000,13220,13264,13193,13225,2876
20180103,100000,13258,13345,13258,13286,9444
20180103,103000,13288,13387,13287,13354,7269
20180103,110000,13349,13392,13330,13336,8649
20180103,113000,13338,13368,13325,13333,4168
20180103,120000,13335,13344,13321,13325,1784
20180103,123000,13325,13380,13325,13359,2536
20180103,130000,13359,13371,13350,13352,1060
20180103,133000,13356,13366,13336,13347,1241
20180103,140000,13350,13370,13328,13330,1451
20180103,143000,13331,13333,13298,13307,3579
20180103,150000,13303,13329,13277,13303,4222
20180103,153000,13308,13318,13288,13312,3547
20180103,160000,13314,13384,13306,13383,3959
20180103,163000,13384,13384,13352,13370,3000
20180103,170000,13370,13388,13351,13367,2623
20180103,173000,13368,13383,13353,13369,2531
20180103,180000,13369,13404,13364,13403,3855
20180103,183000,13398,13410,13368,13395,4016
20180103,190000,13395,13418,13370,13413,713
20180103,193000,13412,13424,13397,13417,635
20180103,200000,13418,13427,13409,13425,1221
20180103,203000,13425,13446,13425,13444,1617
20180103,210000,13443,13467,13439,13440,2088
20180103,213000,13440,13447,13427,13437,554
20180103,220000,13436,13438,13425,13438,724
20180103,223000,13437,13440,13427,13427,162
20180103,230000,13426,13433,13425,13433,144
20180103,233000,13431,13438,13425,13426,273
20180104,100000,13433,13523,13433,13510,8724
20180104,103000,13510,13514,13470,13472,5110
20180104,110000,13476,13570,13471,13549,7812
20180104,113000,13546,13656,13536,13647,13132
20180104,120000,13652,13693,13623,13668,14490
20180104,123000,13671,13740,13649,13722,9347
20180104,130000,13721,13785,13706,13759,7632
20180104,133000,13763,13775,13703,13735,6421
20180104,140000,13740,13743,13708,13714,3481
20180104,143000,13710,13753,13707,13741,6102
20180104,150000,13743,13777,13739,13775,4634
20180104,153000,13775,13791,13765,13791,2533
20180104,160000,13790,13805,13721,13750,9046
20180104,163000,13747,13801,13729,13766,15618
20180104,170000,13768,13794,13762,13781,2733
20180104,173000,13782,13825,13782,13793,8192
20180104,180000,13797,13809,13748,13749,3534
20180104,183000,13752,13850,13742,13794,4242
20180104,190000,13800,13811,13783,13792,1574
20180104,193000,13792,13806,13785,13790,464
20180104,200000,13787,13806,13777,13799,430
20180104,203000,13795,13799,13766,13778,549
20180104,210000,13775,13782,13763,13765,159
20180104,213000,13766,13789,13765,13789,245
20180104,220000,13791,13803,13785,13789,244
20180104,223000,13787,13799,13783,13796,270
20180104,230000,13794,13800,13780,13793,278
20180104,233000,13794,13802,13768,13800,454
20180105,100000,13793,13826,13742,13814,6363
20180105,103000,13810,13814,13708,13712,7275
20180105,110000,13712,13839,13710,13817,10801
20180105,113000,13817,13889,13815,13860,9151
20180105,120000,13862,13896,13786,13809,6562
20180105,123000,13808,13853,13802,13817,5264
20180105,130000,13822,13843,13804,13810,1453
20180105,133000,13811,13837,13804,13823,2180
20180105,140000,13824,13848,13818,13824,893
20180105,143000,13823,13899,13818,13877,11206
20180105,150000,13879,13887,13863,13874,4429
20180105,153000,13875,13884,13856,13865,2701
20180105,160000,13863,13868,13847,13864,1242
20180105,163000,13863,13887,13837,13868,5135
20180105,170000,13873,13887,13863,13886,2748
20180105,173000,13884,13911,13880,13889,6335
20180105,180000,13887,13913,13849,13895,5165
20180105,183000,13895,13920,13891,13907,1524
20180105,190000,13920,13949,13912,13945,1440
20180105,193000,13944,13948,13921,13935,851
20180105,200000,13938,13938,13919,13923,351
20180105,203000,13923,13927,13914,13920,297
20180105,210000,13917,13930,13916,13922,220
20180105,213000,13923,13930,13919,13929,319
20180105,220000,13928,13935,13924,13930,238
20180105,223000,13930,13940,13923,13927,639
20180105,230000,13929,13931,13926,13929,96
20180105,233000,13931,13940,13906,13932,751
20180109,100000,13940,14048,13940,14037,18319
20180109,103000,14039,14058,14017,14025,6352
20180109,110000,14029,14239,14027,14208,27207
20180109,113000,14208,14316,14201,14275,19832
20180109,120000,14275,14337,14263,14300,9638
20180109,123000,14304,14312,14232,14279,14546
20180109,130000,14285,14310,14265,14300,5770
20180109,133000,14300,14310,14244,14268,3320
20180109,140000,14271,14291,14270,14278,4715
20180109,143000,14278,14281,14249,14255,3716
20180109,150000,14255,14292,14185,14196,9636
20180109,153000,14193,14213,14156,14166,6845
20180109,160000,14169,14207,14134,14193,7511
20180109,163000,14189,14199,14163,14184,4205
20180109,170000,14184,14193,14152,14191,4129
20180109,173000,14192,14277,14180,14184,11499
20180109,180000,14182,14198,14135,14180,14830
20180109,183000,14175,14224,14175,14211,1927
20180109,190000,14232,14277,14203,14238,4034
20180109,193000,14237,14256,14230,14243,5188
20180109,200000,14241,14265,14220,14237,2389
20180109,203000,14238,14264,14225,14239,1929
20180109,210000,14240,14278,14239,14278,1150
20180109,213000,14277,14288,14268,14271,718
20180109,220000,14274,14289,14253,14281,1888
20180109,223000,14274,14287,14272,14284,529
20180109,230000,14280,14300,14272,14279,864
20180109,233000,14279,14285,14271,14283,424
20180110,100000,14280,14331,14235,14251,17494
20180110,103000,14254,14279,14210,14247,10422
20180110,110000,14247,14291,14156,14284,16006
20180110,113000,14289,14307,14238,14290,9701
20180110,120000,14293,14381,14280,14348,13411
20180110,123000,14350,14403,14343,14396,7678
20180110,130000,14394,14432,14382,14410,9504
20180110,133000,14410,14435,14336,14388,14368
20180110,140000,14384,14397,14333,14351,6448
20180110,143000,14351,14396,14345,14391,2554
20180110,150000,14389,14404,14370,14394,4972
20180110,153000,14393,14410,14376,14392,3853
20180110,160000,14392,14423,14380,14396,6528
20180110,163000,14394,14457,14394,14449,11402
20180110,170000,14446,14479,14437,14455,8693
20180110,173000,14455,14512,14438,14490,13179
20180110,180000,14490,14546,14490,14533,13756
20180110,183000,14529,14544,14501,14539,4881
20180110,190000,14547,14572,14535,14572,2197
20180110,193000,14571,14580,14530,14559,2132
20180110,200000,14556,14557,14531,14543,640
20180110,203000,14541,14545,14533,14544,586
20180110,210000,14543,14557,14540,14548,297
20180110,213000,14549,14564,14544,14556,254
20180110,220000,14558,14590,14557,14579,1335
20180110,223000,14576,14580,14570,14576,370
20180110,230000,14579,14579,14544,14544,1056
20180110,233000,14547,14557,14531,14531,502
20180111,100000,14530,14573,14429,14450,17405
20180111,103000,14450,14486,14436,14449,5802
20180111,110000,14450,14579,14446,14548,18165
20180111,113000,14549,14652,14528,14623,15196
20180111,120000,14626,14676,14583,14590,14349
20180111,123000,14590,14638,14551,14577,10570
20180111,130000,14571,14600,14539,14574,5492
20180111,133000,14573,14611,14552,14590,6033
20180111,140000,14592,14603,14546,14579,3730
20180111,143000,14578,14609,14556,14596,3869
20180111,150000,14597,14655,14594,14624,6047
20180111,153000,14623,14640,14555,14613,10199
20180111,160000,14613,14647,14599,14632,9717
20180111,163000,14627,14659,14618,14635,4604
20180111,170000,14633,14640,14565,14591,13456
20180111,173000,14596,14615,14567,14604,4687
20180111,180000,14609,14655,14609,14640,9225
20180111,183000,14641,14647,14625,14631,2238
20180111,190000,14624,14720,14623,14672,3493
20180111,193000,14672,14684,14647,14653,1164
20180111,200000,14655,14656,14644,14649,648
20180111,203000,14647,14648,14600,14615,2511
20180111,210000,14612,14615,14474,14500,16941
20180111,213000,14501,14567,14490,14550,2466
20180111,220000,14550,14568,14538,14554,698
20180111,223000,14551,14559,14524,14535,1060
20180111,230000,14529,14556,14524,14552,388
20180111,233000,14552,14578,14552,14560,1776
20180112,100000,14577,14592,14541,14572,8172
20180112,103000,14571,14584,14503,14574,11154
20180112,110000,14573,14604,14548,14555,12799
20180112,113000,14558,14600,14541,14587,7146
20180112,120000,14586,14643,14572,14618,12294
20180112,123000,14618,14633,14564,14584,5789
20180112,130000,14585,14618,14559,14573,9167
20180112,133000,14575,14581,14546,14572,4992
20180112,140000,14570,14570,14476,14481,8429
20180112,143000,14483,14492,14351,14414,24186
20180112,150000,14415,14454,14400,14437,6580
20180112,153000,14438,14440,14393,14424,4172
20180112,160000,14428,14474,14419,14463,5778
20180112,163000,14465,14488,14453,14484,4381
20180112,170000,14480,14515,14473,14492,5860
20180112,173000,14491,14534,14481,14533,4312
20180112,180000,14533,14589,14510,14579,7183
20180112,183000,14579,14651,14518,14581,8112
20180112,190000,14561,14581,14527,14562,1674
20180112,193000,14561,14581,14560,14573,874
20180112,200000,14571,14605,14570,14595,2149
20180112,203000,14595,14601,14571,14590,1026
20180112,210000,14593,14610,14586,14593,388
20180112,213000,14595,14604,14589,14590,541
20180112,220000,14591,14610,14590,14606,279
20180112,223000,14605,14613,14590,14609,824
20180112,230000,14608,14627,14607,14611,590
20180112,233000,14613,14633,14600,14629,726
20180115,100000,14622,14727,14622,14685,18568
20180115,103000,14687,14693,14664,14684,2921
20180115,110000,14683,14697,14652,14692,5309
20180115,113000,14694,14716,14674,14680,6805
20180115,120000,14680,14702,14646,14650,5183
20180115,123000,14652,14671,14606,14626,8642
20180115,130000,14623,14630,14556,14563,10955
20180115,133000,14563,14608,14558,14595,5935
20180115,140000,14603,14628,14590,14622,3062
20180115,143000,14622,14643,14612,14638,2016
20180115,150000,14635,14638,14557,14580,4920
20180115,153000,14580,14582,14459,14470,20429
20180115,160000,14470,14564,14462,14542,5407
20180115,163000,14546,14552,14484,14508,4816
20180115,170000,14508,14519,14463,14480,3697
20180115,173000,14475,14489,14441,14441,6822
20180115,180000,14444,14490,14441,14480,3604
20180115,183000,14479,14487,14446,14468,2659
20180115,190000,14465,14479,14440,14465,930
20180115,193000,14467,14499,14456,14465,1605
20180115,200000,14474,14480,14468,14480,275
20180115,203000,14479,14497,14475,14496,632
20180115,210000,14496,14498,14482,14488,416
20180115,213000,14485,14490,14476,14477,232
20180115,220000,14476,14539,14470,14534,932
20180115,223000,14534,14544,14510,14525,498
20180115,230000,14528,14528,14510,14520,583
20180115,233000,14520,14522,14510,14510,278
20180116,100000,14507,14507,14451,14475,6467
20180116,103000,14473,14500,14455,14497,1977
20180116,110000,14496,14520,14457,14462,4818
20180116,113000,14462,14475,14443,14456,4890
20180116,120000,14458,14461,14362,14412,26007
20180116,123000,14414,14472,14410,14440,4671
20180116,130000,14443,14448,14385,14395,6049
20180116,133000,14400,14414,14372,14396,4143
20180116,140000,14391,14437,14376,14403,3846
20180116,143000,14405,14478,14397,14470,10412
20180116,150000,14468,14477,14422,14463,3477
20180116,153000,14468,14515,14456,14496,5993
20180116,160000,14500,14666,14478,14660,18860
20180116,163000,14660,14707,14624,14645,16589
20180116,170000,14645,14665,14624,14656,4497
20180116,173000,14656,14667,14613,14667,9767
20180116,180000,14667,14715,14648,14657,10131
20180116,183000,14655,14691,14606,14649,7321
20180116,190000,14650,14676,14630,14642,1784
20180116,193000,14650,14666,14630,14630,2480
20180116,200000,14636,14662,14626,14647,1371
20180116,203000,14656,14680,14646,14655,491
20180116,210000,14659,14700,14655,14700,962
20180116,213000,14698,14699,14664,14670,646
20180116,220000,14669,14678,14625,14652,2667
20180116,223000,14652,14656,14615,14631,1290
20180116,230000,14633,14642,14615,14630,710
20180116,233000,14630,14636,14615,14635,898
20180117,100000,14635,14638,14513,14567,16753
20180117,103000,14568,14624,14555,14615,7897
20180117,110000,14614,14632,14578,14599,6139
20180117,113000,14598,14618,14572,14615,3509
20180117,120000,14613,14818,14607,14813,21849
20180117,123000,14816,14894,14791,14846,29047
20180117,130000,14851,14869,14813,14826,9437
20180117,133000,14825,14839,14811,14835,3544
20180117,140000,14828,14878,14815,14870,5110
20180117,143000,14871,14937,14835,14907,17172
20180117,150000,14910,14975,14904,14972,13296
20180117,153000,14975,14987,14897,14916,8836
20180117,160000,14920,14952,14893,14945,8506
20180117,163000,14943,15064,14943,15033,15811
20180117,170000,15041,15110,15021,15068,18223
20180117,173000,15069,15085,15015,15017,10737
20180117,180000,15017,15059,15013,15027,7559
20180117,183000,15033,15042,15008,15012,4203
20180117,190000,15049,15086,15018,15066,2476
20180117,193000,15067,15087,15051,15073,1101
20180117,200000,15077,15094,15063,15087,731
20180117,203000,15086,15097,15071,15080,789
20180117,210000,15078,15080,15063,15064,662
20180117,213000,15064,15069,15043,15050,1037
20180117,220000,15046,15070,15041,15050,609
20180117,223000,15048,15085,15048,15076,379
20180117,230000,15072,15085,15030,15035,1409
20180117,233000,15035,15069,15029,15066,3050
20180118,100000,15084,15164,15037,15089,18759
20180118,103000,15089,15099,14994,15024,15402
20180118,110000,15032,15084,15005,15073,10286
20180118,113000,15069,15097,15068,15077,3776
20180118,120000,15076,15083,15038,15079,6027
20180118,123000,15071,15124,15066,15096,6252
20180118,130000,15100,15105,15070,15078,3952
20180118,133000,15079,15099,15065,15085,4026
20180118,140000,15088,15100,15070,15090,3244
20180118,143000,15086,15093,15051,15058,4618
20180118,150000,15062,15081,15053,15072,4607
20180118,153000,15073,15082,15054,15076,862
20180118,160000,15079,15089,15062,15084,2460
20180118,163000,15084,15193,15080,15180,14400
20180118,170000,15185,15213,15131,15169,9348
20180118,173000,15169,15210,15161,15188,5125
20180118,180000,15198,15200,15141,15162,13622
20180118,183000,15161,15184,15151,15163,3413
20180118,190000,15185,15292,15172,15196,6911
20180118,193000,15197,15208,15182,15197,849
20180118,200000,15197,15227,15189,15200,581
20180118,203000,15200,15249,15188,15237,1100
20180118,210000,15237,15245,15225,15235,670
20180118,213000,15239,15250,15225,15243,660
20180118,220000,15244,15273,15228,15268,921
20180118,223000,15268,15272,15238,15238,1139
20180118,230000,15240,15248,15220,15225,938
20180118,233000,15220,15258,15211,15251,1092
20180119,100000,15224,15282,15164,15229,21217
20180119,103000,15229,15242,15129,15149,13651
20180119,110000,15147,15180,15051,15148,23469
20180119,113000,15147,15168,15120,15137,6913
20180119,120000,15136,15177,15112,15139,6268
20180119,123000,15138,15153,15101,15117,4724
20180119,130000,15117,15120,15055,15065,4883
20180119,133000,15064,15125,15037,15102,7594
20180119,140000,15108,15146,15089,15130,3470
20180119,143000,15135,15150,15066,15083,5443
20180119,150000,15079,15093,15067,15077,4129
20180119,153000,15072,15084,15040,15047,7241
20180119,160000,15045,15090,15024,15070,6509
20180119,163000,15070,15076,15021,15051,8556
20180119,170000,15057,15138,15026,15125,9463
20180119,173000,15121,15198,15114,15171,13446
20180119,180000,15171,15183,15140,15160,6284
20180119,183000,15160,15176,15091,15116,5509
20180119,190000,15106,15147,15091,15125,1541
20180119,193000,15130,15137,15115,15119,207
20180119,200000,15128,15141,15128,15139,583
20180119,203000,15140,15145,15116,15121,936
20180119,210000,15122,15122,15094,15105,1053
20180119,213000,15104,15105,15090,15097,269
20180119,220000,15101,15105,15090,15098,600
20180119,223000,15095,15104,15086,15089,1186
20180119,230000,15091,15091,15016,15059,2691
20180119,233000,15056,15078,15045,15074,1275
20180122,100000,15074,15119,15060,15090,8053
20180122,103000,15080,15154,15064,15148,10897
20180122,110000,15143,15169,15104,15151,5797
20180122,113000,15156,15197,15150,15155,6075
20180122,120000,15151,15193,15144,15162,5545
20180122,123000,15169,15182,15150,15170,3768
20180122,130000,15167,15198,15162,15173,3219
20180122,133000,15177,15190,15150,15181,3924
20180122,140000,15176,15196,15161,15181,2677
20180122,143000,15181,15187,15160,15160,3593
20180122,150000,15160,15199,15144,15173,5251
20180122,153000,15177,15191,15170,15183,1235
20180122,160000,15177,15183,15092,15140,10092
20180122,163000,15137,15157,15131,15146,2264
20180122,170000,15145,15157,15115,15148,2258
20180122,173000,15152,15175,15134,15166,2675
20180122,180000,15166,15176,15143,15161,2797
20180122,183000,15162,15190,15148,15173,2786
20180122,190000,15169,15196,15163,15192,2887
20180122,193000,15191,15245,15180,15201,2126
20180122,200000,15203,15209,15180,15182,602
20180122,203000,15191,15194,15161,15170,946
20180122,210000,15173,15183,15161,15169,465
20180122,213000,15173,15185,15165,15185,227
20180122,220000,15181,15186,15173,15185,275
20180122,223000,15186,15194,15175,15189,198
20180122,230000,15188,15196,15170,15170,617
20180122,233000,15170,15199,15166,15186,926
20180123,100000,15198,15337,15198,15263,13973
20180123,103000,15266,15268,15224,15224,7312
20180123,110000,15225,15242,15168,15174,12458
20180123,113000,15174,15187,15134,15142,10396
20180123,120000,15143,15177,15105,15140,10338
20180123,123000,15133,15169,15114,15144,3444
20180123,130000,15141,15141,15074,15091,6922
20180123,133000,15092,15103,15029,15038,10185
20180123,140000,15037,15037,14960,15000,17159
20180123,143000,15000,15000,14957,14985,5680
20180123,150000,14985,15017,14976,14985,5655
20180123,153000,14985,15008,14938,14966,7012
20180123,160000,14968,15008,14961,14984,5527
20180123,163000,14985,15059,14976,14985,9062
20180123,170000,14990,15009,14974,15003,3179
20180123,173000,15006,15012,14970,14979,7892
20180123,180000,14979,15026,14963,14982,9231
20180123,183000,14987,15028,14981,15028,3135
20180123,190000,15044,15050,15010,15031,2248
20180123,193000,15031,15046,15014,15015,818
20180123,200000,15015,15028,14970,14984,1042
20180123,203000,14980,14994,14914,14957,3860
20180123,210000,14955,14997,14950,14996,1812
20180123,213000,14991,14999,14980,14997,394
20180123,220000,14990,14994,14982,14994,167
20180123,223000,14992,15017,14985,15001,442
20180123,230000,15007,15023,14968,15010,2410
