20170921,124500,6500,6500,6320,6400,60
20170921,134500,6420,6420,6420,6420,1
20170922,101500,6408,6427,6407,6427,3
20170922,113000,6407,6407,6407,6407,1
20170922,114500,6403,6403,6403,6403,1
20170922,133000,6424,6424,6424,6424,2
20170922,134500,6426,6441,6426,6441,6
20170922,143000,6421,6421,6419,6419,2
20170922,154500,6440,6440,6420,6420,36
20170922,160000,6405,6405,6405,6405,2
20170922,163000,6390,6390,6390,6390,2
20170922,170000,6375,6375,6375,6375,2
20170922,224500,6393,6393,6393,6393,1
20170925,100000,6397,6408,6397,6408,2
20170925,110000,6388,6388,6388,6388,1
20170925,114500,6377,6377,6377,6377,1
20170925,124500,6396,6396,6396,6396,1
20170925,160000,6408,6410,6408,6410,2
20170925,161500,6423,6468,6423,6468,8
20170925,163000,6470,6470,6450,6470,3
20170925,164500,6483,6486,6483,6486,4
20170925,170000,6498,6498,6498,6498,1
20170925,171500,6500,6500,6500,6500,1
20170925,173000,6513,6515,6493,6493,4
20170925,174500,6513,6515,6513,6515,2
20170925,180000,6495,6495,6493,6493,2
20170925,181500,6513,6513,6513,6513,1
20170925,191500,6515,6515,6515,6515,1
20170926,100000,6520,6520,6495,6495,4
20170926,101500,6483,6483,6480,6480,2
20170926,104500,6487,6500,6487,6500,11
20170926,110000,6505,6520,6505,6520,3
20170926,111500,6510,6510,6510,6510,9
20170926,113000,6502,6502,6495,6495,2
20170926,123000,6515,6515,6515,6515,1
20170926,124500,6527,6530,6527,6530,2
20170926,130000,6510,6510,6508,6508,2
20170926,131500,6495,6495,6494,6494,2
20170926,150000,6485,6485,6470,6470,3
20170926,171500,6490,6490,6490,6490,1
20170926,173000,6500,6505,6500,6505,2
20170926,180000,6487,6487,6472,6472,3
20170926,183000,6465,6465,6465,6465,1
20170927,100000,6485,6507,6485,6507,4
20170927,103000,6489,6489,6474,6474,3
20170927,110000,6465,6465,6465,6465,1
20170927,121500,6459,6459,6459,6459,1
20170927,130000,6479,6544,6476,6476,60
20170927,134500,6499,6499,6499,6499,2
20170927,144500,6475,6475,6475,6475,1
20170927,151500,6495,6499,6495,6499,2
20170927,154500,6475,6551,6433,6445,18
20170927,160000,6435,6540,6398,6415,76
20170927,173000,6435,6470,6429,6429,9
20170927,180000,6416,6485,6416,6425,7
20170927,230000,6415,6457,6415,6457,6
20170927,233000,6427,6427,6427,6427,1
20170928,101500,6447,6447,6447,6447,1
20170928,103000,6427,6427,6427,6427,1
20170928,114500,6447,6450,6447,6450,2
20170928,120000,6462,6521,6462,6521,30
20170928,123000,6460,6475,6460,6475,2
20170928,124500,6445,6445,6433,6435,20
20170928,130000,6445,6445,6445,6445,1
20170928,140000,6433,6433,6433,6433,2
20170928,141500,6462,6462,6462,6462,1
20170928,143000,6442,6482,6427,6482,72
20170928,144500,6451,6464,6445,6464,21
20170928,150000,6458,6458,6458,6458,2
20170928,151500,6463,6463,6463,6463,1
20170928,171500,6442,6442,6442,6442,1
20170928,173000,6430,6430,6427,6427,2
20170928,174500,6415,6435,6415,6435,12
20170928,180000,6447,6447,6427,6427,2
20170928,191500,6415,6415,6154,6154,17
20170928,194500,6410,6410,6410,6410,1
20170928,200000,6420,6420,6420,6420,1
20170928,203000,6426,6426,6426,6426,1
20170929,100000,6415,6415,6415,6415,1
20170929,101500,6430,6435,6430,6435,2
20170929,110000,6445,6460,6445,6460,6
20170929,111500,6441,6450,6368,6450,9
20170929,113000,6430,6452,6430,6450,13
20170929,120000,6430,6430,6419,6419,6
20170929,121500,6439,6440,6416,6438,10
20170929,124500,6445,6460,6445,6460,3
20170929,144500,6440,6440,6440,6440,1
20170929,153000,6430,6430,6425,6425,2
20170929,154500,6415,6434,6415,6434,6
20170929,164500,6435,6435,6435,6435,1
20170929,181500,6415,6415,6410,6410,2
20171002,100000,6430,6440,6430,6440,2
20171002,104500,6432,6448,6432,6448,12
20171002,110000,6449,6449,6449,6449,1
20171002,113000,6444,6444,6443,6443,5
20171002,123000,6457,6457,6457,6457,1
20171002,131500,6436,6436,6416,6416,13
20171002,133000,6436,6436,6436,6436,1
20171002,170000,6413,6413,6391,6391,5
20171002,171500,6381,6381,6381,6381,1
20171002,173000,6371,6371,6371,6371,1
20171002,174500,6361,6361,6361,6361,1
20171002,231500,6383,6383,6383,6383,1
20171002,234500,6392,6392,6392,6392,1
20171003,100000,6402,6422,6402,6402,12
20171003,130000,6388,6388,6388,6388,1
20171003,140000,6407,6417,6407,6417,2
20171003,151500,6415,6415,6415,6415,3
20171003,154500,6413,6413,6413,6413,7
20171003,164500,6423,6423,6423,6423,1
20171003,170000,6442,6446,6433,6433,16
20171003,171500,6432,6432,6432,6432,1
20171003,180000,6421,6421,6421,6421,1
20171003,181500,6412,6412,6411,6411,2
20171003,183000,6402,6402,6392,6392,3
20171004,100000,6384,6384,6374,6374,3
20171004,111500,6364,6364,6364,6364,1
20171004,113000,6362,6362,6362,6362,1
20171004,124500,6381,6382,6381,6382,2
20171004,130000,6390,6390,6390,6390,10
20171004,153000,6388,6397,6388,6397,2
20171004,164500,6376,6376,6376,6376,1
20171005,160000,6350,6350,6340,6340,3
20171005,161500,6338,6338,6328,6328,3
20171005,163000,6319,6319,6318,6318,2
20171005,170000,6308,6308,6307,6307,2
20171005,173000,6327,6328,6327,6328,2
20171005,174500,6329,6329,6329,6329,1
20171005,180000,6336,6337,6329,6329,3
20171005,181500,6346,6355,6346,6355,3
20171005,193000,6364,6364,6364,6364,1
20171005,203000,6362,6363,6362,6363,2
20171005,233000,6369,6369,6369,6369,1
20171006,100000,6378,6378,6378,6378,1
20171006,101500,6376,6376,6360,6360,10
20171006,103000,6380,6382,6380,6382,69
20171006,104500,6384,6502,6384,6411,13
20171006,130000,6428,6428,6428,6428,1
20171006,150000,6400,6438,6400,6400,12
20171006,171500,6441,6490,6423,6423,36
20171006,173000,6403,6420,6383,6383,25
20171009,120000,6387,6406,6356,6406,26
20171009,121500,6380,6380,6380,6380,2
20171010,143000,6368,6368,6368,6368,3
20171010,163000,6380,6380,6380,6380,1
20171011,100000,6388,6388,6388,6388,1
20171011,153000,6357,6357,6357,6357,60
20171011,161500,6357,6357,6357,6357,60
20171011,174500,6357,6357,6357,6357,180
20171011,200000,6358,6358,6358,6358,1
20171011,233000,6354,6354,6354,6354,1
20171012,190000,6364,6366,6364,6366,2
20171012,194500,6340,6340,6340,6340,1
20171013,164500,6340,6340,6340,6340,1
20171016,154500,6351,6351,6351,6351,5
20171016,203000,6340,6340,6340,6340,1
20171017,144500,6300,6300,6300,6300,1
20171017,160000,6300,6300,6300,6300,1
20171017,163000,6300,6300,6300,6300,199
20171018,123000,6279,6279,6279,6279,1
20171018,191500,6269,6270,6263,6263,14
20171018,193000,6265,6269,6265,6269,5
20171018,220000,6268,6270,6268,6270,3
20171019,104500,6258,6258,6257,6257,3
20171019,110000,6257,6257,6253,6253,5
20171019,140000,6255,6255,6255,6255,3
20171019,153000,6252,6252,6252,6252,1
20171019,163000,6240,6240,6234,6234,7
20171019,190000,6235,6235,6235,6235,1
20171020,100000,6270,6270,6270,6270,1
20171020,101500,6260,6260,6260,6260,1
20171020,114500,6250,6250,6250,6250,142
20171020,120000,6250,6250,6250,6250,58
20171020,164500,6245,6245,6245,6245,1
20171023,134500,6245,6245,6245,6245,3
20171023,171500,6244,6244,6244,6244,1
20171023,183000,6240,6240,6230,6230,2
20171023,190000,6253,6256,6253,6256,30
20171023,201500,6255,6256,6255,6256,20
20171024,103000,6243,6243,6243,6243,1
20171024,104500,6241,6241,6241,6241,1
20171024,231500,6296,6329,6296,6329,2
20171024,233000,6305,6333,6305,6333,2
20171025,103000,6328,6334,6328,6331,776
20171025,104500,6296,6306,6296,6306,15
20171025,110000,6286,6300,6286,6300,2
20171025,111500,6285,6285,6285,6285,20
20171025,120000,6300,6300,6300,6300,1
20171025,123000,6301,6306,6301,6306,9
20171025,130000,6304,6304,6304,6304,2
20171025,171500,6290,6290,6290,6290,1
20171025,173000,6285,6285,6280,6280,3
20171025,180000,6275,6275,6275,6275,1
20171025,181500,6270,6270,6270,6270,1
20171026,103000,6247,6247,6240,6240,8
20171026,120000,6238,6238,6238,6238,1
20171026,143000,6235,6235,6235,6235,30
20171026,144500,6235,6235,6235,6235,60
20171026,150000,6235,6235,6235,6235,10
20171026,164500,6230,6230,6230,6230,60
20171026,183000,6230,6230,6230,6230,1
20171026,193000,6230,6230,6230,6230,1
20171027,110000,6270,6270,6270,6270,5
20171027,133000,6255,6255,6255,6255,7
20171027,150000,6263,6263,6263,6263,1
20171027,163000,6275,6275,6260,6260,6
20171027,164500,6255,6260,6255,6260,2
20171027,170000,6255,6255,6255,6255,1
20171027,180000,6260,6260,6240,6240,5
20171027,181500,6245,6245,6245,6245,1
20171030,113000,6251,6251,6251,6251,10
20171030,120000,6247,6250,6247,6247,138
20171030,170000,6245,6245,6245,6245,1
20171030,181500,6228,6228,6228,6228,5
20171031,100000,6229,6229,6229,6229,5
20171031,110000,6237,6237,6237,6237,2
20171031,111500,6247,6247,6247,6247,1
20171031,141500,6224,6224,6224,6224,3
20171031,174500,6210,6210,6210,6210,1
20171101,110000,6250,6250,6250,6250,1
20171101,144500,6230,6230,6230,6230,1
20171101,164500,6228,6228,6228,6228,1
20171101,183000,6181,6181,6181,6181,1
20171101,190000,6200,6200,6200,6200,1
20171102,170000,6130,6130,6130,6130,1
20171102,171500,6185,6185,6185,6185,1
20171103,100000,6157,6157,6156,6156,5
20171103,114500,6181,6181,6181,6181,12
20171103,124500,6165,6165,6152,6152,22
20171103,163000,6173,6173,6173,6173,10
20171103,174500,6148,6148,6148,6148,10
20171107,114500,6169,6169,6169,6169,10
20171107,144500,6264,6264,6235,6235,11
20171108,131500,6255,6255,6255,6255,1
20171108,133000,6260,6262,6260,6262,2
20171108,161500,6268,6268,6251,6251,2
20171108,170000,6272,6272,6272,6272,24
20171108,213000,6196,6196,6196,6196,2
20171109,103000,6315,6404,6315,6404,62
20171109,104500,6352,6352,6352,6352,4
20171109,114500,6340,6340,6340,6340,10
20171109,130000,6341,6341,6341,6341,1
20171109,170000,6332,6332,6332,6332,10
20171110,103000,6250,6250,6250,6250,1
20171110,193000,6200,6200,6200,6200,1
20171113,124500,6233,6234,6233,6234,2
20171113,133000,6214,6214,6214,6214,12
20171113,173000,6219,6219,6219,6219,1
20171113,180000,6218,6218,6218,6218,1
20171113,181500,6194,6194,6194,6194,1
20171113,230000,6220,6235,6220,6235,5
20171114,100000,6174,6175,6174,6175,15
20171114,110000,6110,6110,6110,6110,10
20171114,124500,6155,6155,6155,6155,1
20171114,150000,6140,6140,6138,6138,9
20171114,163000,6135,6135,6135,6135,1
20171114,170000,6141,6141,6123,6123,3
20171114,171500,6100,6100,6099,6099,2
20171114,180000,6090,6090,6090,6090,1
20171114,181500,6075,6075,6075,6075,5
20171114,194500,6084,6084,6084,6084,1
20171114,213000,6090,6092,6090,6092,3
20171114,214500,6093,6093,6093,6093,1
20171114,220000,6094,6097,6094,6097,4
20171115,100000,6070,6070,5975,5975,556
20171115,101500,5975,6016,5975,5999,32
20171115,103000,5976,5976,5975,5975,133
20171115,104500,5975,5975,5975,5975,250
20171115,110000,5975,5975,5975,5975,120
20171115,111500,5970,5986,5970,5986,2
20171115,114500,5970,5970,5970,5970,9
20171115,120000,5970,5975,5960,5960,600
20171115,121500,5946,5947,5945,5946,617
20171115,123000,5946,5946,5855,5918,2997
20171115,124500,5910,5910,5910,5910,50
20171115,130000,5910,5910,5906,5906,105
20171115,131500,5902,5903,5901,5902,845
20171115,133000,5902,5902,5858,5858,1874
20171115,134500,5871,5871,5850,5859,45
20171115,141500,5846,5852,5846,5852,2
20171115,143000,5830,5838,5830,5838,201
20171115,144500,5847,5848,5790,5791,756
20171115,150000,5791,5829,5789,5829,915
20171115,151500,5830,5830,5830,5830,1
20171115,160000,5780,5780,5771,5771,226
20171115,161500,5768,5769,5768,5769,201
20171115,164500,5759,5760,5757,5760,1357
20171115,170000,5756,5757,5750,5757,736
20171115,171500,5755,5758,5755,5758,60
20171115,180000,5771,5771,5739,5739,273
20171115,181500,5729,5734,5720,5725,908
20171115,183000,5717,5741,5717,5731,194
20171115,190000,5746,5747,5700,5700,30
20171115,191500,5680,5680,5680,5680,1
20171115,193000,5680,5680,5680,5680,4
20171115,194500,5703,5703,5674,5674,402
20171115,200000,5676,5676,5666,5666,600
20171115,203000,5706,5706,5706,5706,5
20171115,204500,5707,5707,5707,5707,2
20171115,210000,5716,5716,5716,5716,1
20171115,211500,5688,5688,5680,5680,5
20171115,220000,5680,5680,5680,5680,4
20171116,100000,5666,5681,5628,5631,44
20171116,101500,5600,5611,5538,5571,115
20171116,104500,5574,5574,5574,5574,1
20171116,120000,5551,5551,5459,5459,475
20171116,121500,5454,5464,5454,5464,11
20171116,123000,5460,5460,5460,5460,1
20171116,124500,5427,5428,5360,5360,5
20171116,130000,5354,5354,5229,5233,3936
20171116,131500,5233,5276,5229,5276,60
20171116,133000,5253,5260,5230,5230,1017
20171116,134500,5230,5235,5218,5231,30
20171116,140000,5257,5280,5235,5235,18
20171116,141500,5235,5235,5180,5180,21
20171116,143000,5198,5198,5198,5198,3
20171116,144500,5225,5230,5201,5201,10
20171116,150000,5238,5238,5227,5227,9
20171116,151500,5239,5239,5211,5211,27
20171116,153000,5240,5247,5211,5247,12
20171116,154500,5247,5247,5247,5247,10
20171116,160000,5277,5280,5244,5277,26
20171116,161500,5277,5277,5277,5277,10
20171116,163000,5281,5281,5253,5280,537
20171116,164500,5275,5282,5270,5270,41
20171116,170000,5268,5268,5268,5268,1
20171116,173000,5260,5260,5260,5260,1
20171116,174500,5279,5285,5275,5275,30
20171116,180000,5282,5282,5252,5264,12
20171116,181500,5276,5371,5276,5341,287
20171116,183000,5342,5360,5342,5360,5
20171116,193000,5357,5357,5357,5357,2
20171116,201500,5360,5360,5360,5360,1
20171116,203000,5360,5360,5360,5360,4
20171116,223000,5377,5377,5377,5377,9
20171116,230000,5382,5400,5382,5400,6
20171117,100000,5399,5483,5399,5459,29
20171117,101500,5431,5431,5406,5406,14
20171117,103000,5418,5418,5418,5418,1
20171117,104500,5406,5406,5370,5370,29
20171117,110000,5421,5421,5421,5421,1
20171117,111500,5425,5425,5425,5425,2
20171117,113000,5420,5420,5378,5378,17
20171117,114500,5404,5425,5404,5425,79
20171117,120000,5430,5430,5413,5415,74
20171117,123000,5455,5469,5455,5469,30
20171117,124500,5472,5507,5472,5505,115
20171117,130000,5505,5514,5484,5496,152
20171117,131500,5496,5496,5477,5477,15
20171117,133000,5454,5454,5445,5445,61
20171117,140000,5423,5423,5422,5422,2
20171117,141500,5458,5458,5456,5456,2
20171117,143000,5456,5456,5456,5456,5
20171117,150000,5477,5518,5477,5505,45
20171117,151500,5515,5515,5493,5493,25
20171117,153000,5433,5433,5433,5433,1
20171117,160000,5451,5451,5451,5451,1
20171117,164500,5443,5443,5443,5443,2
20171117,171500,5453,5453,5416,5445,282
20171117,174500,5477,5477,5477,5477,40
20171117,180000,5455,5455,5455,5455,1
20171117,190000,5482,5482,5482,5482,2
20171117,194500,5462,5462,5462,5462,1
20171120,100000,5458,5502,5455,5502,5
20171120,103000,5515,5515,5515,5515,9
20171120,111500,5520,5520,5520,5520,20
20171120,120000,5498,5518,5491,5518,3
20171120,134500,5519,5519,5519,5519,1
20171120,143000,5560,5575,5560,5575,4
20171120,144500,5588,5622,5588,5622,3
20171120,150000,5620,5621,5620,5621,1205
20171120,153000,5577,5577,5577,5577,8
20171120,154500,5572,5577,5572,5577,11
20171120,161500,5577,5583,5577,5583,68
20171120,173000,5553,5553,5540,5540,80
20171120,174500,5566,5589,5566,5589,50
20171120,191500,5560,5571,5560,5571,3
20171120,193000,5570,5570,5570,5570,4
20171121,103000,5563,5563,5563,5563,7
20171121,104500,5553,5553,5493,5493,12
20171121,110000,5528,5528,5528,5528,1
20171121,111500,5517,5517,5517,5517,4
20171121,113000,5496,5496,5492,5492,113
20171121,114500,5472,5472,5415,5415,250
20171121,120000,5450,5450,5450,5450,1
20171121,123000,5453,5453,5450,5450,13
20171121,131500,5450,5450,5440,5440,8
20171121,133000,5420,5420,5420,5420,1
20171121,134500,5426,5426,5424,5424,20
20171121,140000,5440,5442,5440,5442,20
20171121,173000,5460,5460,5460,5460,5
20171121,174500,5462,5462,5461,5461,10
20171121,180000,5478,5478,5478,5478,5
20171121,213000,5489,5499,5489,5499,20
20171121,231500,5479,5479,5479,5479,1
20171121,233000,5479,5479,5479,5479,1
20171122,100000,5478,5478,5450,5450,14
20171122,101500,5449,5449,5445,5445,33
20171122,110000,5440,5440,5438,5438,2
20171122,111500,5426,5426,5426,5426,1
20171122,114500,5410,5410,5365,5381,281
20171122,120000,5398,5398,5396,5396,92
20171122,123000,5394,5394,5394,5394,55
20171122,130000,5419,5419,5419,5419,10
20171122,143000,5419,5419,5419,5419,140
20171122,144500,5419,5429,5417,5429,140
20171122,160000,5413,5413,5399,5399,46
20171122,163000,5415,5415,5415,5415,1
20171122,164500,5399,5399,5399,5399,60
20171122,171500,5413,5413,5413,5413,1
20171122,173000,5391,5391,5391,5391,1
20171122,180000,5410,5410,5410,5410,2
20171122,214500,5405,5405,5405,5405,1
20171122,220000,5405,5405,5405,5405,1
20171123,100000,5419,5419,5400,5400,27
20171123,101500,5400,5400,5400,5400,2
20171123,104500,5405,5405,5405,5405,1
20171123,123000,5393,5393,5393,5393,1
20171123,124500,5393,5393,5374,5378,299
20171123,131500,5390,5390,5390,5390,10
20171123,134500,5381,5381,5381,5381,50
20171123,151500,5377,5377,5330,5359,643
20171123,154500,5367,5367,5367,5367,20
20171123,163000,5355,5355,5355,5355,40
20171123,164500,5364,5365,5364,5365,95
20171123,170000,5366,5366,5363,5363,6
20171123,171500,5363,5363,5363,5363,1
20171123,173000,5366,5366,5366,5366,6
20171123,174500,5365,5365,5365,5365,1
20171124,100000,5365,5365,5365,5365,3
20171124,104500,5390,5434,5390,5434,9
20171124,124500,5423,5423,5423,5423,1
20171124,130000,5429,5429,5429,5429,15
20171124,133000,5437,5445,5437,5445,41
20171124,134500,5436,5436,5436,5436,10
20171124,143000,5414,5414,5414,5414,5
20171124,150000,5410,5410,5410,5410,2
20171124,163000,5430,5430,5430,5430,1
20171124,164500,5439,5466,5439,5465,95
20171124,170000,5470,5478,5470,5478,30
20171124,171500,5462,5462,5462,5462,1
20171124,173000,5474,5474,5474,5474,1
20171124,190000,5430,5511,5430,5511,35
20171127,103000,5467,5468,5422,5461,117
20171127,110000,5445,5445,5440,5440,45
20171127,111500,5434,5434,5434,5434,1
20171127,113000,5420,5420,5420,5420,10
20171127,114500,5414,5422,5414,5422,2
20171127,120000,5406,5406,5406,5406,45
20171127,140000,5409,5409,5409,5409,1
20171127,141500,5406,5406,5406,5406,5
20171127,150000,5424,5450,5396,5396,184
20171127,154500,5400,5400,5400,5400,1
20171127,163000,5410,5410,5410,5410,21
20171127,164500,5393,5393,5393,5393,2
20171127,170000,5385,5385,5385,5385,1
20171127,180000,5386,5386,5386,5386,1
20171127,190000,5402,5402,5402,5402,8
20171127,191500,5415,5415,5415,5415,7
20171128,100000,5419,5440,5419,5419,19
20171128,104500,5415,5415,5415,5415,60
20171128,110000,5422,5435,5422,5435,10
20171128,114500,5415,5419,5415,5419,58
20171128,120000,5408,5408,5400,5400,101
20171128,121500,5395,5395,5395,5395,10
20171128,124500,5395,5395,5393,5393,91
20171128,153000,5379,5379,5379,5379,40
20171128,160000,5386,5389,5386,5386,100
20171128,181500,5385,5385,5385,5385,2
20171128,203000,5417,5417,5416,5416,2
20171128,210000,5414,5414,5414,5414,5
20171129,100000,5395,5395,5395,5395,1
20171129,121500,5379,5379,5374,5377,497
20171129,123000,5377,5386,5377,5382,72
20171129,134500,5371,5371,5371,5371,1
20171129,141500,5371,5374,5371,5374,26
20171129,160000,5374,5375,5367,5375,15
20171129,161500,5385,5385,5385,5385,1
20171129,171500,5375,5375,5375,5375,1
20171129,173000,5362,5362,5362,5362,1
20171129,174500,5359,5359,5358,5358,2
20171129,181500,5358,5358,5355,5355,2
20171129,191500,5367,5367,5367,5367,1
20171129,193000,5351,5351,5350,5350,12
20171129,200000,5350,5350,5350,5350,45
20171129,201500,5350,5350,5350,5350,44
20171129,203000,5344,5344,5344,5344,10
20171129,210000,5362,5362,5362,5362,5
20171130,100000,5364,5364,5318,5318,11
20171130,101500,5307,5307,5300,5300,5
20171130,103000,5300,5300,5290,5290,81
20171130,114500,5307,5308,5290,5290,150
20171130,134500,5357,5357,5357,5357,1
20171130,141500,5293,5300,5278,5278,211
20171130,143000,5252,5252,5240,5240,3
20171130,150000,5250,5250,5215,5215,390
20171130,153000,5215,5264,5210,5264,63
20171130,154500,5210,5210,5210,5210,20
20171130,160000,5230,5230,5230,5230,1
20171130,161500,5230,5230,5230,5230,5
20171130,164500,5230,5230,5230,5230,22
20171130,170000,5260,5260,5260,5260,1
20171130,171500,5218,5218,5218,5218,1
20171130,173000,5220,5226,5220,5226,110
20171130,174500,5221,5250,5210,5210,277
20171130,180000,5218,5218,5218,5218,5
20171130,181500,5210,5210,5199,5200,1219
20171130,183000,5190,5190,5184,5187,31
20171130,190000,5221,5221,5221,5221,10
20171130,191500,5230,5235,5230,5235,6
20171130,193000,5226,5226,5226,5226,10
20171130,201500,5213,5213,5213,5213,1
20171130,204500,5219,5219,5219,5219,9
20171130,210000,5235,5237,5235,5237,3
20171130,214500,5216,5216,5216,5216,1
20171130,221500,5216,5216,5216,5216,3
20171130,224500,5237,5238,5237,5238,11
20171130,230000,5232,5232,5232,5232,1
20171201,100000,5258,5258,5258,5258,6
20171201,103000,5260,5260,5260,5260,10
20171201,110000,5227,5227,5227,5227,1
20171201,113000,5220,5220,5212,5212,3
20171201,114500,5211,5211,5176,5176,375
20171201,120000,5177,5177,5177,5177,10
20171201,130000,5162,5162,5161,5161,2
20171201,131500,5169,5181,5169,5181,11
20171201,133000,5181,5181,5181,5181,10
20171201,134500,5170,5170,5170,5170,1
20171201,140000,5166,5166,5166,5166,4
20171201,141500,5176,5201,5176,5201,21
20171201,143000,5172,5172,5170,5170,14
20171201,164500,5250,5264,5250,5264,61
20171201,170000,5264,5300,5264,5300,4
20171201,171500,5283,5310,5283,5310,14
20171201,173000,5300,5300,5300,5300,20
20171201,174500,5309,5309,5300,5300,2
20171201,180000,5318,5318,5299,5299,14
20171201,181500,5292,5292,5283,5283,20
20171201,191500,5278,5278,5278,5278,1
20171201,194500,5265,5265,5256,5256,2
20171201,210000,5257,5257,5250,5250,142
20171201,214500,5246,5246,5246,5246,1
20171201,233000,5274,5277,5245,5245,13
20171201,234500,5266,5266,5266,5266,1
20171204,100000,5278,5278,5276,5276,3
20171204,101500,5289,5289,5246,5246,9
20171204,103000,5268,5271,5268,5271,16
20171204,104500,5269,5269,5269,5269,1
20171204,111500,5264,5300,5264,5300,11
20171204,113000,5287,5287,5287,5287,1
20171204,121500,5276,5276,5250,5250,6
20171204,123000,5258,5259,5258,5259,3
20171204,160000,5291,5304,5289,5289,510
20171204,170000,5275,5275,5250,5251,16
20171204,171500,5253,5253,5253,5253,2
20171204,173000,5255,5255,5255,5255,3
20171204,174500,5251,5251,5251,5251,3
20171204,181500,5250,5263,5241,5246,69
20171204,183000,5242,5242,5242,5242,10
20171204,191500,5242,5242,5205,5205,51
20171204,203000,5224,5246,5224,5246,2
20171204,204500,5242,5242,5242,5242,10
20171204,221500,5250,5250,5242,5242,7
20171205,100000,5227,5234,5226,5234,7
20171205,101500,5245,5245,5240,5245,11
20171205,104500,5245,5257,5245,5257,12
20171205,110000,5263,5265,5263,5265,2
20171205,111500,5254,5254,5243,5243,20
20171205,113000,5247,5247,5247,5247,10
20171205,114500,5241,5241,5218,5237,45
20171205,120000,5224,5224,5224,5224,1
20171205,121500,5218,5218,5205,5205,75
20171205,123000,5202,5202,5201,5201,8
20171205,124500,5201,5201,5201,5201,20
20171205,130000,5221,5221,5221,5221,10
20171205,134500,5222,5222,5219,5219,3
20171205,160000,5227,5227,5227,5227,1
20171205,163000,5224,5224,5208,5212,766
20171205,164500,5215,5226,5214,5226,1217
20171205,170000,5223,5235,5223,5232,195
20171205,171500,5225,5225,5223,5223,2
20171205,173000,5221,5221,5212,5216,91
20171205,174500,5218,5218,5216,5216,6
20171205,180000,5210,5214,5209,5214,80
20171205,181500,5225,5225,5222,5222,4
20171205,183000,5220,5231,5215,5215,108
20171205,203000,5235,5249,5235,5249,540
20171205,220000,5240,5240,5240,5240,4
20171205,221500,5226,5226,5199,5200,207
20171205,223000,5215,5215,5215,5215,6
20171205,224500,5215,5215,5215,5215,6
20171206,100000,5208,5208,5190,5190,9
20171206,101500,5211,5212,5211,5211,503
20171206,110000,5213,5213,5213,5213,5
20171206,111500,5238,5238,5238,5238,1
20171206,114500,5222,5223,5222,5223,17
20171206,120000,5223,5223,5222,5222,35
20171206,123000,5247,5268,5247,5268,3
20171206,124500,5288,5294,5275,5294,59
20171206,130000,5296,5296,5271,5271,357
20171206,131500,5270,5270,5270,5270,5
20171206,133000,5267,5267,5267,5267,1
20171206,141500,5289,5294,5274,5274,262
20171206,143000,5275,5296,5273,5274,519
20171206,144500,5275,5275,5274,5274,51
20171206,150000,5266,5266,5266,5266,130
20171206,151500,5266,5270,5264,5264,203
20171206,153000,5264,5265,5263,5264,110
20171206,154500,5265,5269,5265,5269,85
20171206,170000,5294,5295,5294,5295,2
20171206,171500,5295,5300,5272,5272,125
20171206,173000,5272,5272,5268,5268,4
20171206,174500,5267,5268,5266,5266,4
20171206,180000,5269,5269,5265,5265,3
20171206,191500,5255,5255,5255,5255,1
20171206,193000,5252,5252,5247,5247,3
20171206,194500,5248,5250,5247,5250,3
20171206,200000,5261,5261,5261,5261,61
20171206,203000,5261,5261,5261,5261,14
20171206,210000,5261,5268,5261,5268,2
20171206,211500,5269,5269,5269,5269,1
20171206,221500,5263,5263,5261,5261,12
20171207,100000,5274,5274,5244,5251,493
20171207,101500,5271,5273,5261,5261,17
20171207,103000,5261,5261,5261,5261,5
20171207,111500,5262,5262,5262,5262,22
20171207,114500,5274,5274,5274,5274,5
20171207,121500,5292,5292,5292,5292,1
20171207,123000,5273,5273,5273,5273,3
20171207,124500,5272,5272,5264,5264,94
20171207,130000,5264,5277,5264,5277,2
20171207,134500,5277,5277,5277,5277,3
20171207,140000,5264,5274,5264,5265,76
20171207,141500,5265,5276,5250,5250,536
20171207,143000,5252,5275,5250,5251,385
20171207,144500,5263,5285,5245,5246,686
20171207,150000,5244,5244,5224,5226,2663
20171207,151500,5226,5242,5221,5222,352
20171207,153000,5227,5227,5227,5227,16
20171207,154500,5222,5271,5211,5211,268
20171207,160000,5218,5224,5218,5224,40
20171207,161500,5227,5252,5227,5252,31
20171207,163000,5240,5240,5240,5240,100
20171207,164500,5225,5225,5225,5225,50
20171207,170000,5240,5240,5240,5240,105
20171207,171500,5238,5238,5225,5225,2
20171207,173000,5230,5230,5230,5230,2
20171207,174500,5226,5226,5225,5225,9
20171207,180000,5228,5228,5228,5228,25
20171207,181500,5231,5231,5230,5230,7
20171207,183000,5230,5230,5220,5220,136
20171207,194500,5240,5240,5240,5240,1
20171207,220000,5233,5233,5233,5233,10
20171207,221500,5222,5222,5222,5222,21
20171207,223000,5232,5237,5232,5237,15
20171207,230000,5238,5238,5238,5238,1
20171207,231500,5225,5225,5219,5219,90
20171208,100000,5235,5280,5225,5236,204
20171208,101500,5243,5243,5230,5230,101
20171208,114500,5235,5235,5235,5235,50
20171208,120000,5230,5230,5218,5221,1217
20171208,121500,5213,5213,5213,5213,11
20171208,123000,5213,5217,5213,5217,5
20171208,124500,5223,5223,5223,5223,10
20171208,130000,5216,5216,5212,5213,112
20171208,140000,5213,5213,5201,5205,1017
20171208,141500,5204,5204,5204,5204,50
20171208,143000,5201,5203,5200,5200,221
20171208,144500,5202,5202,5200,5201,115
20171208,150000,5202,5203,5202,5203,26
20171208,151500,5205,5206,5205,5206,75
20171208,154500,5202,5211,5202,5211,51
20171208,171500,5210,5210,5210,5210,63
20171208,173000,5210,5210,5202,5202,194
20171208,174500,5204,5204,5198,5200,287
20171208,180000,5200,5200,5200,5200,2
20171208,181500,5195,5195,5189,5189,4
20171208,183000,5193,5193,5191,5191,80
20171208,190000,5181,5191,5177,5190,10
20171208,191500,5193,5196,5180,5193,39
20171208,201500,5203,5204,5203,5204,4
20171208,211500,5189,5189,5189,5189,1
20171208,230000,5195,5195,5195,5195,1
20171211,100000,5195,5238,5194,5203,101
20171211,101500,5204,5205,5195,5205,38
20171211,103000,5211,5218,5211,5217,152
20171211,104500,5218,5235,5218,5222,101
20171211,110000,5223,5241,5223,5230,129
20171211,111500,5240,5240,5240,5240,2
20171211,113000,5240,5240,5222,5222,331
20171211,114500,5224,5224,5215,5215,162
20171211,120000,5215,5215,5204,5214,456
20171211,121500,5209,5210,5209,5210,10
20171211,123000,5210,5210,5210,5210,52
20171211,124500,5210,5210,5210,5210,6
20171211,130000,5212,5212,5212,5212,50
20171211,131500,5213,5213,5213,5213,100
20171211,133000,5237,5237,5235,5235,403
20171211,134500,5235,5238,5235,5238,231
20171211,141500,5241,5242,5240,5242,118
20171211,143000,5235,5241,5235,5241,304
20171211,144500,5241,5241,5241,5241,50
20171211,150000,5235,5235,5235,5235,175
20171211,154500,5221,5221,5220,5220,151
20171211,160000,5212,5215,5198,5198,599
20171211,161500,5198,5198,5198,5198,2
20171211,164500,5211,5234,5203,5213,39
20171211,170000,5205,5205,5201,5201,6
20171211,171500,5211,5211,5211,5211,10
20171211,174500,5217,5237,5202,5237,30
20171211,180000,5229,5237,5229,5235,8
20171211,181500,5236,5242,5236,5238,17
20171211,183000,5225,5225,5225,5225,1
20171211,191500,5225,5225,5221,5221,21
20171211,193000,5220,5220,5220,5220,1
20171211,194500,5229,5229,5229,5229,5
20171211,201500,5227,5230,5227,5230,3
20171211,210000,5230,5233,5230,5231,20
20171211,211500,5235,5241,5235,5240,5
20171211,220000,5238,5238,5238,5238,1
20171211,221500,5237,5241,5237,5241,11
20171211,231500,5229,5229,5229,5229,2
20171211,233000,5239,5242,5239,5242,4
20171211,234500,5244,5249,5244,5249,5
20171212,100000,5250,5260,5226,5240,245
20171212,101500,5230,5233,5230,5230,14
20171212,103000,5228,5235,5228,5235,103
20171212,104500,5228,5228,5228,5228,2
20171212,110000,5226,5226,5214,5220,65
20171212,111500,5236,5249,5220,5247,10
20171212,113000,5249,5249,5241,5242,17
20171212,114500,5242,5245,5242,5243,31
20171212,120000,5246,5249,5246,5249,64
20171212,121500,5245,5245,5236,5241,34
20171212,140000,5241,5241,5241,5241,3
20171212,141500,5248,5248,5248,5248,420
20171212,143000,5248,5255,5248,5255,430
20171212,150000,5248,5248,5248,5248,73
20171212,151500,5248,5248,5248,5248,91
20171212,153000,5238,5238,5230,5230,45
20171212,154500,5226,5226,5225,5225,2
20171212,160000,5226,5226,5211,5211,263
20171212,164500,5220,5220,5219,5220,130
20171212,173000,5219,5219,5209,5213,933
20171212,174500,5216,5216,5216,5216,4
20171212,180000,5208,5208,5207,5207,5
20171212,181500,5220,5220,5220,5220,15
20171212,183000,5209,5209,5205,5205,35
20171212,191500,5234,5239,5216,5217,14
20171212,204500,5230,5230,5230,5230,6
20171212,210000,5230,5238,5230,5238,55
20171212,221500,5230,5230,5229,5229,18
20171212,224500,5230,5234,5230,5234,2
20171212,231500,5234,5234,5234,5234,3
20171212,233000,5234,5236,5223,5223,30
20171213,100000,5236,5237,5220,5220,1430
20171213,101500,5217,5229,5214,5229,200
20171213,103000,5214,5224,5214,5220,19
20171213,104500,5217,5224,5212,5222,19
20171213,110000,5220,5225,5215,5225,28
20171213,111500,5228,5241,5225,5241,248
20171213,113000,5223,5232,5220,5232,22
20171213,114500,5232,5232,5228,5228,4
20171213,120000,5227,5227,5227,5227,107
20171213,121500,5227,5235,5226,5235,117
20171213,123000,5235,5235,5235,5235,2
20171213,131500,5227,5227,5211,5211,102
20171213,133000,5211,5211,5205,5206,161
20171213,134500,5205,5205,5197,5200,119
20171213,141500,5206,5207,5201,5205,11
20171213,143000,5209,5209,5202,5202,28
20171213,144500,5201,5201,5200,5200,211
20171213,150000,5200,5200,5200,5200,20
20171213,151500,5201,5201,5198,5198,12
20171213,153000,5195,5201,5190,5201,369
20171213,154500,5202,5204,5201,5204,220
20171213,160000,5201,5201,5190,5190,790
20171213,161500,5190,5192,5190,5192,150
20171213,163000,5192,5192,5191,5191,90
20171213,164500,5187,5187,5185,5185,181
20171213,170000,5187,5187,5177,5177,399
20171213,171500,5176,5188,5160,5165,398
20171213,173000,5160,5167,5159,5165,319
20171213,174500,5168,5168,5167,5168,80
20171213,180000,5168,5170,5166,5168,316
20171213,181500,5169,5187,5166,5166,1137
20171213,183000,5166,5166,5140,5145,286
20171213,193000,5136,5136,5117,5117,34
20171213,194500,5132,5145,5132,5145,15
20171213,203000,5134,5134,5134,5134,3
20171213,204500,5115,5115,5114,5114,10
20171213,210000,5134,5135,5134,5135,3
20171213,211500,5134,5149,5134,5149,19
20171213,213000,5121,5121,5114,5114,102
20171213,221500,5134,5134,5120,5120,3
20171213,230000,5134,5137,5134,5137,10
20171214,100000,5120,5120,5025,5073,2858
20171214,101500,5072,5083,5028,5054,2385
20171214,103000,5055,5059,5031,5056,209
20171214,104500,5057,5070,5057,5059,185
20171214,110000,5072,5078,5050,5063,13
20171214,111500,5064,5070,5052,5053,28
20171214,113000,5054,5058,5050,5058,11
20171214,114500,5058,5063,5056,5061,44
20171214,120000,5063,5063,5057,5062,62
20171214,121500,5056,5138,5055,5138,271
20171214,123000,5138,5153,5106,5130,296
20171214,124500,5125,5140,5120,5131,52
20171214,130000,5134,5150,5134,5150,49
20171214,131500,5143,5150,5128,5150,187
20171214,133000,5146,5178,5146,5178,254
20171214,134500,5175,5188,5164,5188,118
20171214,140000,5190,5191,5156,5183,68
20171214,141500,5175,5185,5172,5172,7
20171214,143000,5166,5166,5125,5125,119
20171214,144500,5139,5150,5130,5130,9
20171214,150000,5150,5158,5144,5158,3
20171214,151500,5150,5150,5143,5150,9
20171214,153000,5150,5150,5140,5140,11
20171214,154500,5154,5154,5142,5142,16
20171214,160000,5140,5152,5128,5134,33
20171214,161500,5134,5134,5125,5128,15
20171214,164500,5156,5156,5138,5142,189
20171214,170000,5143,5143,5137,5140,10
20171214,171500,5133,5137,5127,5137,15
20171214,173000,5140,5140,5114,5122,42
20171214,174500,5113,5115,5099,5099,128
20171214,180000,5121,5121,5103,5107,82
20171214,181500,5109,5144,5109,5138,326
20171214,183000,5145,5156,5129,5129,65
20171214,191500,5142,5142,5142,5142,1
20171214,200000,5145,5145,5145,5145,10
20171214,201500,5150,5155,5150,5155,2
20171214,210000,5152,5152,5152,5152,4
20171214,213000,5157,5157,5157,5157,6
20171214,220000,5157,5157,5157,5157,25
20171214,230000,5136,5136,5136,5136,1
20171214,233000,5150,5150,5150,5150,1
20171214,234500,5150,5152,5150,5152,2
20171215,100000,5142,5158,5117,5119,1683
20171215,101500,5117,5157,5117,5157,269
20171215,103000,5150,5150,5136,5136,68
20171215,104500,5136,5136,5111,5115,268
20171215,110000,5117,5124,5116,5120,195
20171215,111500,5119,5120,5119,5120,20
20171215,113000,5133,5148,5133,5143,172
20171215,114500,5145,5147,5140,5140,195
20171215,120000,5133,5151,5133,5143,178
20171215,121500,5141,5141,5132,5132,6
20171215,123000,5137,5137,5114,5125,120
20171215,124500,5125,5139,5125,5139,35
20171215,130000,5132,5140,5132,5140,251
20171215,131500,5140,5140,5140,5140,10
20171215,133000,5140,5145,5128,5130,67
20171215,134500,5130,5144,5128,5128,281
20171215,140000,5128,5130,5125,5125,141
20171215,141500,5130,5136,5130,5135,925
20171215,143000,5135,5135,5126,5130,316
20171215,144500,5129,5129,5116,5121,284
20171215,150000,5116,5120,5116,5120,121
20171215,151500,5121,5121,5120,5121,425
20171215,153000,5124,5129,5121,5121,10
20171215,154500,5135,5135,5101,5108,259
20171215,160000,5115,5119,5115,5119,101
20171215,161500,5116,5117,5116,5117,4
20171215,163000,5117,5117,5107,5108,167
20171215,164500,5108,5114,5107,5114,270
20171215,170000,5111,5116,5109,5115,20
20171215,171500,5115,5120,5112,5113,163
20171215,173000,5114,5115,5108,5108,129
20171215,174500,5107,5115,5107,5111,36
20171215,180000,5110,5114,5101,5114,152
20171215,181500,5110,5121,5104,5114,51
20171215,183000,5111,5111,5104,5105,78
20171215,190000,5110,5110,5110,5110,1
20171215,191500,5102,5102,5100,5100,126
20171215,193000,5099,5099,5092,5093,12
20171215,194500,5093,5093,5090,5090,30
20171215,200000,5090,5090,5090,5090,3
20171215,204500,5098,5098,5098,5098,2
20171215,210000,5090,5090,5090,5090,10
20171215,211500,5090,5090,5080,5089,20
20171215,213000,5091,5092,5091,5091,26
20171215,214500,5089,5095,5089,5095,48
20171215,220000,5091,5098,5090,5098,13
20171215,221500,5103,5103,5098,5098,10
20171215,223000,5105,5105,5105,5105,20
20171215,224500,5098,5098,5098,5098,5
20171215,230000,5098,5098,5098,5098,2
20171215,231500,5106,5106,5106,5106,1
20171215,233000,5107,5107,5107,5107,2
20171218,100000,5100,5140,5100,5125,264
20171218,101500,5125,5140,5125,5136,102
20171218,103000,5140,5143,5135,5135,61
20171218,104500,5131,5131,5125,5130,134
20171218,110000,5135,5150,5135,5140,160
20171218,111500,5140,5150,5135,5150,96
20171218,113000,5147,5147,5140,5140,112
20171218,114500,5143,5143,5140,5140,35
20171218,120000,5140,5141,5130,5130,260
20171218,121500,5131,5133,5125,5131,113
20171218,123000,5130,5131,5124,5124,73
20171218,124500,5124,5124,5114,5121,700
20171218,131500,5127,5127,5127,5127,4
20171218,133000,5122,5125,5121,5121,55
20171218,134500,5115,5115,5105,5105,164
20171218,140000,5109,5112,5109,5112,21
20171218,141500,5109,5109,5106,5108,88
20171218,143000,5109,5110,5107,5110,11
20171218,144500,5109,5114,5109,5109,234
20171218,150000,5109,5109,5106,5106,68
20171218,151500,5107,5107,5102,5102,95
20171218,153000,5103,5111,5090,5107,822
20171218,154500,5101,5101,5096,5096,66
20171218,160000,5095,5109,5095,5109,1123
20171218,161500,5103,5107,5103,5107,5
20171218,163000,5106,5106,5106,5106,3
20171218,164500,5103,5105,5100,5101,141
20171218,170000,5101,5101,5081,5082,1691
20171218,171500,5082,5109,5079,5101,365
20171218,173000,5096,5108,5095,5105,113
20171218,174500,5111,5112,5100,5107,62
20171218,180000,5104,5104,5098,5101,20
20171218,181500,5101,5101,5090,5090,31
20171218,183000,5086,5093,5078,5084,119
20171218,190000,5090,5090,5090,5090,10
20171218,191500,5091,5096,5091,5095,11
20171218,193000,5095,5095,5090,5090,8
20171218,194500,5091,5106,5090,5090,27
20171218,200000,5095,5095,5095,5095,5
20171218,201500,5090,5090,5090,5090,1
20171218,203000,5090,5095,5088,5095,17
20171218,204500,5094,5095,5085,5085,7
20171218,210000,5095,5104,5095,5100,90
20171218,211500,5100,5100,5097,5097,10
20171218,213000,5096,5096,5092,5092,59
20171218,214500,5091,5095,5090,5095,192
20171218,220000,5095,5095,5095,5095,21
20171218,221500,5095,5095,5095,5095,7
20171218,223000,5095,5102,5095,5102,29
20171218,224500,5095,5095,5092,5092,2
20171218,230000,5093,5120,5093,5109,62
20171218,231500,5093,5103,5093,5103,9
20171218,233000,5093,5106,5088,5088,81
20171218,234500,5093,5114,5093,5107,357
20171219,100000,5107,5119,5092,5106,1998
20171219,101500,5107,5111,5104,5105,488
20171219,103000,5104,5107,5100,5100,178
20171219,104500,5099,5102,5086,5094,1677
20171219,110000,5094,5104,5087,5088,223
20171219,111500,5087,5089,5065,5065,901
20171219,113000,5066,5084,5064,5080,725
20171219,114500,5080,5082,5072,5076,233
20171219,120000,5071,5079,5064,5078,304
20171219,121500,5077,5079,5072,5072,147
20171219,123000,5075,5075,5063,5064,1083
20171219,124500,5064,5064,5024,5040,3908
20171219,130000,5042,5045,5036,5043,92
20171219,131500,5040,5040,5016,5029,1762
20171219,133000,5026,5030,5015,5018,571
20171219,134500,5016,5021,5015,5021,300
20171219,140000,5019,5024,5010,5015,798
20171219,141500,5015,5020,4996,5011,674
20171219,143000,5006,5007,4984,4993,1287
20171219,144500,4990,4997,4987,4987,1002
20171219,150000,4993,4996,4989,4995,612
20171219,151500,4994,4997,4987,4993,647
20171219,153000,4992,5009,4991,5009,352
20171219,154500,5006,5011,4995,5010,3533
20171219,160000,5005,5005,4999,5004,415
20171219,161500,5009,5015,4993,4993,1606
20171219,163000,4994,4998,4984,4985,3102
20171219,164500,4989,4989,4965,4966,1077
20171219,170000,4967,4985,4961,4981,863
20171219,171500,4983,4983,4961,4962,819
20171219,173000,4963,4969,4950,4952,1356
20171219,174500,4951,4969,4940,4958,1658
20171219,180000,4954,4970,4954,4967,500
20171219,181500,4964,4964,4955,4956,1405
20171219,183000,4960,4960,4945,4945,890
20171219,190000,4946,4957,4945,4953,300
20171219,191500,4946,4948,4922,4936,328
20171219,193000,4936,4942,4928,4933,68
20171219,194500,4935,4937,4929,4937,122
20171219,200000,4931,4936,4931,4935,37
20171219,201500,4938,4940,4934,4936,100
20171219,203000,4935,4940,4935,4935,189
20171219,204500,4935,4935,4930,4935,161
20171219,210000,4935,4937,4933,4933,97
20171219,211500,4935,4938,4933,4938,41
20171219,213000,4938,4946,4930,4938,330
20171219,214500,4938,4944,4931,4932,367
20171219,220000,4931,4944,4928,4943,596
20171219,221500,4937,4944,4936,4938,280
20171219,223000,4944,4947,4938,4940,190
20171219,224500,4941,4945,4939,4940,334
20171219,230000,4940,4946,4938,4940,192
20171219,231500,4943,4947,4933,4945,178
20171219,233000,4942,4946,4940,4945,109
20171219,234500,4940,4941,4940,4940,55
20171220,100000,4936,4938,4792,4811,7360
20171220,101500,4808,4811,4711,4715,9089
20171220,103000,4715,4786,4708,4780,7953
20171220,104500,4786,4798,4766,4774,2274
20171220,110000,4771,4776,4675,4682,9373
20171220,111500,4683,4722,4670,4713,6897
20171220,113000,4707,4710,4672,4685,2135
20171220,114500,4683,4704,4675,4685,1824
20171220,120000,4689,4729,4668,4716,3682
20171220,121500,4716,4725,4695,4699,3661
20171220,123000,4695,4763,4695,4746,4491
20171220,124500,4746,4756,4718,4744,2106
20171220,130000,4740,4755,4736,4754,1014
20171220,131500,4752,4762,4743,4752,936
20171220,133000,4750,4757,4740,4742,2818
20171220,134500,4746,4748,4729,4742,5619
20171220,140000,4742,4742,4730,4741,651
20171220,141500,4740,4744,4737,4740,509
20171220,143000,4740,4745,4735,4740,810
20171220,144500,4740,4743,4731,4742,5454
20171220,150000,4742,4751,4735,4736,2544
20171220,151500,4737,4741,4719,4720,1641
20171220,153000,4718,4718,4700,4707,8550
20171220,154500,4705,4722,4700,4715,2162
20171220,160000,4715,4723,4711,4719,557
20171220,161500,4715,4715,4700,4706,3997
20171220,163000,4710,4714,4699,4714,3098
20171220,164500,4715,4730,4703,4711,1166
20171220,170000,4707,4717,4704,4711,307
20171220,171500,4711,4728,4708,4725,546
20171220,173000,4728,4732,4717,4717,324
20171220,174500,4717,4734,4715,4732,602
20171220,180000,4732,4737,4707,4709,1169
20171220,181500,4711,4721,4701,4711,1514
20171220,183000,4706,4711,4685,4686,5610
20171220,190000,4690,4705,4684,4700,413
20171220,191500,4698,4698,4690,4696,154
20171220,193000,4698,4712,4694,4700,227
20171220,194500,4702,4705,4697,4700,216
20171220,200000,4699,4702,4697,4700,110
20171220,201500,4701,4707,4700,4701,58
20171220,203000,4702,4705,4696,4702,639
20171220,204500,4703,4704,4687,4692,226
20171220,210000,4696,4699,4687,4695,345
20171220,211500,4694,4705,4694,4698,396
20171220,213000,4698,4705,4697,4703,101
20171220,214500,4703,4704,4699,4699,188
20171220,220000,4700,4702,4695,4701,373
20171220,221500,4698,4702,4695,4702,62
20171220,223000,4701,4701,4695,4695,316
20171220,224500,4692,4699,4685,4698,189
20171220,230000,4695,4697,4690,4693,270
20171220,231500,4693,4693,4670,4675,959
20171220,233000,4680,4684,4676,4683,71
20171220,234500,4683,4685,4676,4676,151
20171221,100000,4677,4695,4591,4595,15525
20171221,101500,4593,4614,4570,4592,17074
20171221,103000,4593,4597,4542,4590,14177
20171221,104500,4590,4603,4566,4600,7960
20171221,110000,4600,4605,4586,4593,4573
20171221,111500,4590,4608,4585,4589,9226
20171221,113000,4589,4595,4580,4586,5439
20171221,114500,4582,4589,4572,4579,2817
20171221,120000,4580,4586,4576,4584,945
20171221,121500,4583,4593,4548,4552,15181
20171221,123000,4552,4560,4532,4540,15723
20171221,124500,4541,4555,4537,4546,3410
20171221,130000,4543,4551,4509,4551,11050
20171221,131500,4550,4570,4547,4565,5251
20171221,133000,4565,4580,4555,4567,4218
20171221,134500,4563,4570,4554,4559,3460
20171221,140000,4555,4570,4551,4556,1670
20171221,141500,4555,4564,4550,4560,2285
20171221,143000,4561,4606,4560,4596,10364
20171221,144500,4599,4610,4586,4603,5883
20171221,150000,4603,4613,4586,4605,4130
20171221,151500,4606,4608,4576,4590,3350
20171221,153000,4591,4597,4584,4584,3498
20171221,154500,4588,4589,4571,4578,4653
20171221,160000,4578,4590,4578,4590,1366
20171221,161500,4590,4590,4582,4585,931
20171221,163000,4586,4586,4573,4577,434
20171221,164500,4577,4587,4576,4583,751
20171221,170000,4586,4603,4584,4587,3954
20171221,171500,4588,4610,4587,4597,4601
20171221,173000,4598,4606,4587,4593,3404
20171221,174500,4593,4604,4592,4594,560
20171221,180000,4593,4598,4581,4588,3434
20171221,181500,4590,4606,4587,4606,3872
20171221,183000,4605,4623,4601,4619,4459
20171221,190000,4618,4629,4614,4617,578
20171221,191500,4618,4622,4600,4606,1748
20171221,193000,4610,4610,4595,4608,1846
20171221,194500,4609,4618,4608,4618,367
20171221,200000,4618,4620,4607,4619,541
20171221,201500,4615,4619,4612,4612,517
20171221,203000,4617,4619,4615,4617,134
20171221,204500,4617,4619,4615,4615,37
20171221,210000,4615,4625,4615,4616,1523
20171221,211500,4623,4624,4616,4624,141
20171221,213000,4623,4623,4619,4619,17
20171221,214500,4619,4622,4617,4620,71
20171221,220000,4620,4623,4619,4621,214
20171221,221500,4621,4625,4621,4622,1442
20171221,223000,4623,4623,4610,4621,1359
20171221,224500,4620,4620,4611,4614,150
20171221,230000,4614,4618,4611,4618,184
20171221,231500,4618,4618,4612,4612,127
20171221,233000,4615,4616,4614,4616,171
20171221,234500,4616,4622,4614,4618,327
20171222,100000,4621,4638,4608,4629,5104
20171222,101500,4628,4640,4626,4636,8766
20171222,103000,4637,4638,4589,4593,6482
20171222,104500,4592,4625,4589,4618,3152
20171222,110000,4618,4619,4599,4611,1371
20171222,111500,4611,4639,4611,4618,5734
20171222,113000,4616,4640,4610,4632,3868
20171222,114500,4632,4640,4631,4637,1755
20171222,120000,4637,4694,4634,4683,15901
20171222,121500,4685,4705,4673,4685,8655
20171222,123000,4684,4727,4681,4690,10150
20171222,124500,4692,4717,4686,4707,3943
20171222,130000,4707,4716,4700,4707,2318
20171222,131500,4707,4711,4693,4710,1539
20171222,133000,4709,4710,4692,4693,2955
20171222,134500,4693,4694,4678,4689,2747
20171222,140000,4693,4699,4692,4695,693
20171222,141500,4697,4721,4697,4719,2911
20171222,143000,4719,4720,4710,4714,2128
20171222,144500,4714,4764,4712,4763,20900
20171222,150000,4763,4800,4750,4770,12671
20171222,151500,4770,4770,4750,4753,1882
20171222,153000,4753,4769,4738,4757,5209
20171222,154500,4757,4762,4714,4715,5189
20171222,160000,4717,4740,4714,4725,6280
20171222,161500,4724,4742,4719,4740,2592
20171222,163000,4740,4746,4721,4744,4157
20171222,164500,4744,4754,4738,4744,1335
20171222,170000,4747,4756,4742,4744,3741
20171222,171500,4746,4749,4721,4731,2876
20171222,173000,4733,4747,4730,4740,1284
20171222,174500,4740,4753,4732,4732,1325
20171222,180000,4734,4775,4733,4770,10432
20171222,181500,4771,4785,4769,4779,14183
20171222,183000,4779,4785,4769,4785,5322
20171222,190000,4787,4798,4771,4777,1376
20171222,191500,4780,4786,4777,4784,837
20171222,193000,4784,4789,4778,4781,418
20171222,194500,4780,4783,4776,4780,223
20171222,200000,4781,4789,4781,4786,499
20171222,201500,4786,4790,4782,4784,606
20171222,203000,4782,4790,4782,4789,381
20171222,204500,4787,4790,4786,4790,748
20171222,210000,4788,4790,4787,4788,250
20171222,211500,4788,4795,4788,4795,917
20171222,213000,4791,4794,4787,4791,77
20171222,214500,4791,4794,4788,4792,91
20171222,220000,4794,4794,4789,4791,138
20171222,221500,4792,4795,4789,4789,125
20171222,223000,4789,4793,4783,4790,308
20171222,224500,4787,4790,4784,4786,114
20171222,230000,4785,4787,4784,4787,98
20171222,231500,4787,4788,4783,4786,137
20171222,233000,4785,4788,4784,4786,182
20171222,234500,4785,4793,4784,4784,122
20171225,100000,4795,4800,4750,4779,7904
20171225,101500,4779,4783,4750,4753,1936
20171225,103000,4753,4803,4717,4790,10384
20171225,104500,4789,4790,4763,4774,2322
20171225,110000,4775,4781,4766,4778,1105
20171225,111500,4778,4789,4771,4780,1234
20171225,113000,4779,4784,4773,4773,317
20171225,114500,4774,4785,4755,4775,2707
20171225,120000,4775,4780,4771,4775,217
20171225,121500,4776,4796,4775,4783,1625
20171225,123000,4780,4788,4772,4788,2046
20171225,124500,4788,4789,4775,4777,478
20171225,130000,4778,4784,4761,4776,3023
20171225,131500,4779,4779,4759,4761,910
20171225,133000,4763,4779,4758,4773,1500
20171225,134500,4773,4789,4773,4787,2939
20171225,140000,4790,4790,4777,4779,855
20171225,141500,4777,4782,4777,4778,405
20171225,143000,4778,4780,4773,4777,183
20171225,144500,4777,4779,4770,4775,500
20171225,150000,4773,4782,4770,4778,1444
20171225,151500,4779,4781,4770,4771,463
20171225,153000,4772,4786,4772,4774,408
20171225,154500,4774,4784,4773,4778,405
20171225,160000,4777,4778,4774,4777,322
20171225,161500,4776,4782,4773,4778,242
20171225,163000,4777,4778,4774,4776,89
20171225,164500,4775,4776,4772,4775,220
20171225,170000,4773,4790,4772,4783,1049
20171225,171500,4784,4784,4777,4779,313
20171225,173000,4778,4784,4777,4781,96
20171225,174500,4780,4781,4776,4777,247
20171225,180000,4777,4784,4775,4777,418
20171225,181500,4780,4794,4779,4794,1396
20171225,183000,4792,4798,4788,4797,903
20171225,190000,4799,4837,4799,4816,3094
20171225,191500,4808,4814,4807,4812,143
20171225,193000,4812,4813,4806,4812,268
20171225,194500,4812,4814,4810,4811,114
20171225,200000,4812,4814,4809,4811,72
20171225,201500,4814,4814,4808,4808,113
20171225,203000,4808,4816,4808,4816,311
20171225,204500,4815,4816,4809,4809,185
20171225,210000,4810,4810,4810,4810,521
20171225,211500,4810,4814,4809,4814,277
20171225,213000,4813,4815,4812,4812,83
20171225,214500,4811,4814,4811,4812,16
20171225,220000,4813,4813,4812,4812,28
20171225,221500,4812,4812,4810,4811,132
20171225,223000,4811,4814,4811,4814,193
20171225,224500,4812,4814,4811,4812,62
20171225,230000,4812,4814,4811,4811,78
20171225,231500,4811,4814,4811,4811,58
20171225,233000,4811,4814,4811,4813,65
20171225,234500,4814,4815,4806,4815,386
20171226,100000,4807,4820,4772,4816,9954
20171226,101500,4816,4816,4785,4793,4613
20171226,103000,4792,4799,4773,4775,2493
20171226,104500,4774,4786,4753,4775,5908
20171226,110000,4777,4809,4777,4796,4080
20171226,111500,4796,4799,4779,4797,2194
20171226,113000,4797,4798,4781,4791,1789
20171226,114500,4792,4818,4787,4806,1525
20171226,120000,4806,4815,4798,4801,1281
20171226,121500,4801,4802,4794,4794,460
20171226,123000,4795,4801,4783,4789,702
20171226,124500,4788,4788,4778,4783,589
20171226,130000,4783,4789,4779,4788,392
20171226,131500,4788,4788,4779,4780,326
20171226,133000,4781,4786,4778,4778,718
20171226,134500,4778,4778,4771,4773,1362
20171226,140000,4774,4776,4771,4773,367
20171226,141500,4773,4798,4766,4789,1620
20171226,143000,4792,4799,4782,4789,843
20171226,144500,4786,4789,4772,4774,522
20171226,150000,4772,4785,4761,4782,2011
20171226,151500,4784,4784,4775,4777,263
20171226,153000,4779,4779,4773,4773,66
20171226,154500,4775,4781,4774,4777,585
20171226,160000,4777,4782,4775,4780,305
20171226,161500,4778,4782,4773,4775,355
20171226,163000,4775,4783,4774,4780,315
20171226,164500,4780,4790,4779,4785,860
20171226,170000,4786,4786,4779,4782,525
20171226,171500,4785,4785,4774,4776,330
20171226,173000,4775,4781,4772,4773,766
20171226,174500,4774,4775,4768,4775,341
20171226,180000,4773,4782,4770,4781,382
20171226,181500,4782,4786,4776,4784,879
20171226,183000,4782,4787,4773,4778,1991
20171226,190000,4782,4788,4755,4762,1837
20171226,191500,4761,4761,4733,4758,1312
20171226,193000,4759,4765,4753,4755,563
20171226,194500,4754,4756,4747,4754,437
20171226,200000,4754,4759,4749,4753,247
20171226,201500,4751,4760,4750,4751,60
20171226,203000,4753,4753,4742,4750,190
20171226,204500,4749,4761,4748,4761,360
20171226,210000,4762,4763,4757,4760,271
20171226,211500,4762,4763,4760,4761,100
20171226,213000,4759,4762,4758,4762,57
20171226,214500,4761,4762,4757,4757,299
20171226,220000,4757,4760,4751,4751,652
20171226,221500,4758,4758,4752,4752,19
20171226,223000,4754,4758,4752,4758,276
20171226,224500,4757,4761,4757,4761,151
20171226,230000,4761,4770,4756,4762,1225
20171226,231500,4764,4767,4747,4761,402
20171226,233000,4760,4764,4753,4756,217
20171226,234500,4757,4764,4750,4750,48
20171227,100000,4758,4764,4735,4745,6157
20171227,101500,4748,4770,4741,4755,1846
20171227,103000,4756,4760,4745,4754,1380
20171227,104500,4754,4798,4751,4794,7887
20171227,110000,4792,4895,4784,4888,14503
20171227,111500,4890,4923,4879,4902,8713
20171227,113000,4903,4984,4897,4962,13324
20171227,114500,4963,4968,4925,4939,12229
20171227,120000,4938,4971,4925,4929,3855
20171227,121500,4929,4935,4903,4914,4456
20171227,123000,4912,4916,4871,4890,10820
20171227,124500,4891,4892,4875,4879,2800
20171227,130000,4879,4891,4831,4842,11511
20171227,131500,4842,4871,4842,4867,6298
20171227,133000,4867,4869,4848,4865,4882
20171227,134500,4867,4878,4860,4870,3405
20171227,140000,4874,4906,4864,4900,3938
20171227,141500,4900,4910,4886,4897,1545
20171227,143000,4898,4920,4888,4889,5505
20171227,144500,4890,4894,4878,4887,2213
20171227,150000,4887,4888,4855,4860,3460
20171227,151500,4859,4870,4848,4864,3746
20171227,153000,4864,4866,4850,4851,994
20171227,154500,4851,4860,4822,4834,2396
20171227,160000,4833,4877,4827,4865,3139
20171227,161500,4867,4870,4864,4866,300
20171227,163000,4867,4885,4864,4875,1998
20171227,164500,4875,4881,4853,4873,3064
20171227,170000,4872,4880,4859,4867,2552
20171227,171500,4868,4870,4855,4861,660
20171227,173000,4861,4882,4855,4860,1724
20171227,174500,4861,4862,4834,4853,2661
20171227,180000,4855,4873,4852,4858,1524
20171227,181500,4855,4858,4840,4840,1408
20171227,183000,4843,4843,4815,4820,3777
20171227,190000,4824,4839,4815,4828,691
20171227,191500,4827,4827,4816,4822,253
20171227,193000,4822,4827,4806,4815,713
20171227,194500,4815,4820,4814,4819,368
20171227,200000,4817,4819,4806,4807,326
20171227,201500,4808,4823,4795,4823,1119
20171227,203000,4821,4833,4815,4830,1131
20171227,204500,4831,4840,4829,4839,799
20171227,210000,4839,4841,4832,4833,205
20171227,211500,4836,4836,4833,4834,91
20171227,213000,4834,4839,4834,4838,165
20171227,214500,4838,4838,4833,4835,119
20171227,220000,4834,4840,4834,4840,67
20171227,221500,4840,4840,4835,4835,66
20171227,223000,4835,4839,4835,4835,140
20171227,224500,4838,4839,4835,4836,166
20171227,230000,4839,4839,4835,4836,98
20171227,231500,4835,4847,4835,4835,266
20171227,233000,4835,4838,4834,4835,22
20171227,234500,4835,4839,4832,4835,165
20171228,100000,4837,4859,4826,4832,4905
20171228,101500,4832,4853,4832,4844,2354
20171228,103000,4845,4849,4841,4847,1260
20171228,104500,4844,4847,4834,4835,597
20171228,110000,4838,4838,4813,4837,3264
20171228,111500,4834,4834,4796,4820,3781
20171228,113000,4821,4821,4771,4771,7042
20171228,114500,4771,4792,4753,4775,5269
20171228,120000,4775,4776,4746,4759,9854
20171228,121500,4760,4766,4729,4737,7064
20171228,123000,4738,4756,4727,4738,6300
20171228,124500,4740,4747,4718,4737,2595
20171228,130000,4740,4759,4734,4753,1648
20171228,131500,4756,4759,4740,4740,760
20171228,133000,4740,4748,4733,4739,934
20171228,134500,4740,4740,4729,4734,431
20171228,140000,4734,4738,4721,4726,1239
20171228,141500,4727,4734,4721,4732,995
20171228,143000,4730,4733,4705,4709,1363
20171228,144500,4707,4727,4700,4722,1625
20171228,150000,4722,4724,4712,4722,470
20171228,151500,4723,4744,4722,4736,1217
20171228,153000,4738,4751,4727,4727,836
20171228,154500,4727,4747,4725,4740,675
20171228,160000,4739,4751,4727,4732,1794
20171228,161500,4737,4741,4724,4731,1104
20171228,163000,4730,4749,4730,4740,841
20171228,164500,4738,4751,4737,4750,590
20171228,170000,4748,4753,4729,4738,1163
20171228,171500,4737,4751,4731,4742,1400
20171228,173000,4743,4755,4740,4750,769
20171228,174500,4750,4766,4746,4759,1931
20171228,180000,4759,4767,4757,4763,1009
20171228,181500,4763,4766,4747,4761,731
20171228,183000,4762,4764,4748,4755,1040
20171228,190000,4751,4764,4751,4762,185
20171228,191500,4761,4764,4758,4760,319
20171228,193000,4758,4762,4753,4753,497
20171228,194500,4754,4754,4752,4752,121
20171228,200000,4754,4754,4753,4754,144
20171228,201500,4754,4759,4753,4759,167
20171228,203000,4759,4759,4749,4750,102
20171228,204500,4751,4766,4751,4762,661
20171228,210000,4762,4769,4759,4769,112
20171228,211500,4769,4769,4757,4768,104
20171228,213000,4759,4766,4758,4765,14
20171228,214500,4764,4764,4760,4760,41
20171228,220000,4761,4765,4760,4765,28
20171228,221500,4764,4766,4761,4766,25
20171228,223000,4765,4770,4753,4759,273
20171228,224500,4758,4758,4754,4754,75
20171228,230000,4755,4767,4752,4755,93
20171228,231500,4755,4770,4750,4770,626
20171228,233000,4761,4773,4761,4765,264
20171228,234500,4770,4772,4764,4764,58
20171229,100000,4771,4778,4741,4754,1883
20171229,101500,4748,4776,4748,4769,1359
20171229,103000,4768,4787,4768,4777,1379
20171229,104500,4777,4794,4773,4773,2827
20171229,110000,4774,4780,4760,4771,1402
20171229,111500,4773,4798,4767,4783,1328
20171229,113000,4784,4791,4761,4764,762
20171229,114500,4764,4776,4750,4764,796
20171229,120000,4764,4774,4761,4769,245
20171229,121500,4762,4765,4758,4761,157
20171229,123000,4763,4769,4753,4763,1390
20171229,124500,4761,4786,4761,4769,1339
20171229,130000,4769,4778,4766,4778,612
20171229,131500,4776,4785,4769,4771,473
20171229,133000,4771,4780,4770,4777,254
20171229,134500,4779,4789,4769,4775,797
20171229,140000,4777,4782,4776,4779,359
20171229,141500,4781,4785,4779,4784,556
20171229,143000,4784,4785,4771,4780,4014
20171229,144500,4780,4781,4766,4777,545
20171229,150000,4777,4781,4769,4770,491
20171229,151500,4770,4788,4770,4777,948
20171229,153000,4777,4782,4770,4778,919
20171229,154500,4777,4783,4774,4775,799
20171229,160000,4774,4783,4774,4779,173
20171229,161500,4781,4782,4774,4775,745
20171229,163000,4775,4786,4775,4780,578
20171229,164500,4781,4786,4779,4782,365
20171229,170000,4784,4791,4784,4788,864
20171229,171500,4788,4809,4788,4803,2571
20171229,173000,4805,4851,4802,4835,5084
20171229,174500,4837,4838,4814,4828,2103
20171229,180000,4825,4827,4802,4802,2137
20171229,181500,4804,4814,4801,4809,1506
20171229,183000,4807,4807,4790,4800,1408
20180103,100000,4799,4839,4798,4838,2252
20180103,101500,4838,4879,4837,4861,5271
20180103,103000,4861,4895,4860,4877,3723
20180103,104500,4875,4884,4872,4877,780
20180103,110000,4876,4885,4858,4869,2213
20180103,111500,4867,4918,4867,4894,4275
20180103,113000,4897,4901,4880,4885,830
20180103,114500,4881,4886,4864,4869,1439
20180103,120000,4869,4875,4860,4872,1918
20180103,121500,4874,4887,4871,4875,1000
20180103,123000,4875,4880,4869,4878,926
20180103,124500,4880,4891,4880,4882,725
20180103,130000,4882,4895,4873,4880,1135
20180103,131500,4877,4883,4860,4871,1185
20180103,133000,4869,4875,4869,4872,476
20180103,134500,4871,4887,4870,4880,763
20180103,140000,4882,4896,4881,4892,683
20180103,141500,4893,4897,4879,4891,1128
20180103,143000,4889,4899,4886,4893,232
20180103,144500,4894,4900,4892,4900,290
20180103,150000,4901,4932,4899,4922,3558
20180103,151500,4923,4942,4910,4936,1447
20180103,153000,4936,4936,4921,4925,590
20180103,154500,4924,4929,4917,4925,479
20180103,160000,4925,4938,4923,4936,1447
20180103,161500,4937,4963,4928,4953,3358
20180103,163000,4953,5007,4953,5003,8683
20180103,164500,5005,5018,4979,4989,5514
20180103,170000,4990,5000,4980,4988,1465
20180103,171500,4987,4993,4970,4974,1400
20180103,173000,4976,4979,4973,4977,392
20180103,174500,4976,4993,4959,4988,2089
20180103,180000,4986,4987,4971,4972,1644
20180103,181500,4975,4980,4970,4977,2144
20180103,183000,4980,5000,4978,4998,5198
20180103,190000,4999,5000,4988,4994,1157
20180103,191500,4993,5000,4991,4997,755
20180103,193000,4997,5001,4994,4995,1263
20180103,194500,4995,4998,4973,4992,761
20180103,200000,4991,4997,4990,4997,256
20180103,201500,4994,5000,4991,4997,256
20180103,203000,4997,5005,4997,5002,727
20180103,204500,5005,5005,4999,5000,407
20180103,210000,5001,5015,5001,5012,790
20180103,211500,5011,5015,5004,5008,432
20180103,213000,5009,5012,5005,5006,58
20180103,214500,5006,5013,5004,5008,187
20180103,220000,5012,5012,5008,5010,221
20180103,221500,5009,5009,5003,5009,257
20180103,223000,5007,5010,5005,5006,82
20180103,224500,5006,5009,5005,5009,35
20180103,230000,5008,5008,5004,5005,84
20180103,231500,5008,5019,5008,5010,291
20180103,233000,5008,5016,5007,5012,209
20180103,234500,5011,5015,5003,5003,214
20180104,100000,5017,5074,5007,5052,11540
20180104,101500,5054,5062,5036,5040,2788
20180104,103000,5040,5040,5007,5022,4134
20180104,104500,5022,5029,4990,4995,2912
20180104,110000,4992,5045,4982,5039,5545
20180104,111500,5040,5040,5012,5016,2922
20180104,113000,5018,5025,4993,4998,2956
20180104,114500,5000,5024,4996,5019,1239
20180104,120000,5019,5029,5006,5021,1429
20180104,121500,5021,5021,5006,5007,516
20180104,123000,5009,5017,4993,5011,708
20180104,124500,5009,5030,5009,5030,1111
20180104,130000,5029,5048,5014,5045,3349
20180104,131500,5042,5054,5033,5047,1787
20180104,133000,5049,5056,5045,5054,975
20180104,134500,5051,5055,5037,5040,1047
20180104,140000,5040,5050,5030,5049,2050
20180104,141500,5048,5068,5042,5050,3394
20180104,143000,5050,5057,5047,5053,640
20180104,144500,5051,5057,5037,5042,891
20180104,150000,5042,5057,5040,5057,380
20180104,151500,5054,5059,5046,5054,823
20180104,153000,5053,5061,5051,5057,445
20180104,154500,5057,5077,5057,5077,1322
20180104,160000,5076,5077,5034,5046,2232
20180104,161500,5044,5072,5040,5057,1130
20180104,163000,5058,5061,5042,5044,1326
20180104,164500,5042,5063,5042,5054,883
20180104,170000,5057,5057,5043,5053,1746
20180104,171500,5051,5052,5035,5049,763
20180104,173000,5046,5093,5046,5078,4318
20180104,174500,5078,5105,5077,5085,2967
20180104,180000,5087,5087,5067,5079,3643
20180104,181500,5078,5093,5068,5071,2059
20180104,183000,5071,5073,5059,5066,1201
20180104,190000,5066,5072,5065,5070,339
20180104,191500,5070,5079,5069,5074,247
20180104,193000,5075,5079,5071,5071,190
20180104,194500,5074,5080,5072,5077,103
20180104,200000,5078,5097,5073,5087,623
20180104,201500,5092,5097,5086,5093,364
20180104,203000,5091,5095,5085,5086,100
20180104,204500,5084,5089,5076,5084,155
20180104,210000,5082,5086,5071,5084,423
20180104,211500,5084,5085,5082,5085,83
20180104,213000,5084,5084,5078,5084,89
20180104,214500,5080,5085,5080,5084,58
20180104,220000,5084,5092,5075,5088,335
20180104,221500,5088,5093,5087,5090,158
20180104,223000,5088,5091,5075,5083,342
20180104,224500,5080,5091,5079,5082,206
20180104,230000,5086,5086,5080,5082,175
20180104,231500,5084,5090,5082,5085,135
20180104,233000,5085,5089,5078,5078,226
20180104,234500,5079,5088,5078,5083,177
20180105,100000,5090,5095,5046,5058,3010
20180105,101500,5058,5076,5058,5065,1975
20180105,103000,5065,5068,5053,5055,903
20180105,104500,5055,5063,5049,5052,1157
20180105,110000,5053,5055,5036,5054,1926
20180105,111500,5054,5069,5054,5064,1144
20180105,113000,5065,5075,5057,5058,916
20180105,114500,5058,5062,5040,5054,1393
20180105,120000,5054,5065,5047,5058,705
20180105,121500,5056,5056,5023,5040,1755
20180105,123000,5041,5045,5028,5036,461
20180105,124500,5037,5040,5030,5032,602
20180105,130000,5033,5042,5030,5039,691
20180105,131500,5039,5046,5038,5044,277
20180105,133000,5043,5057,5042,5056,573
20180105,134500,5056,5061,5049,5055,467
20180105,140000,5054,5064,5054,5060,424
20180105,141500,5060,5061,5046,5050,857
20180105,143000,5053,5058,5046,5055,200
20180105,144500,5055,5057,5044,5051,481
20180105,150000,5052,5064,5046,5062,603
20180105,151500,5062,5071,5060,5064,902
20180105,153000,5065,5066,5060,5060,108
20180105,154500,5063,5066,5061,5064,159
20180105,160000,5065,5068,5061,5068,227
20180105,161500,5068,5070,5063,5065,205
20180105,163000,5063,5071,5053,5069,971
20180105,164500,5068,5070,5065,5067,304
20180105,170000,5066,5073,5064,5070,425
20180105,171500,5070,5072,5068,5070,712
20180105,173000,5072,5080,5060,5069,2968
20180105,174500,5070,5087,5069,5078,5222
20180105,180000,5077,5087,5069,5085,1712
20180105,181500,5085,5094,5080,5088,1569
20180105,183000,5088,5090,5073,5079,899
20180105,190000,5079,5086,5076,5085,891
20180105,191500,5084,5086,5078,5084,162
20180105,193000,5085,5086,5073,5080,158
20180105,194500,5080,5081,5076,5076,147
20180105,200000,5078,5082,5076,5076,45
20180105,201500,5081,5086,5078,5085,128
20180105,203000,5085,5085,5080,5080,42
20180105,204500,5080,5080,5078,5078,224
20180105,210000,5080,5085,5078,5085,94
20180105,211500,5083,5085,5077,5077,69
20180105,213000,5079,5079,5075,5075,154
20180105,214500,5076,5076,5074,5076,159
20180105,220000,5075,5078,5074,5074,14
20180105,221500,5077,5078,5075,5075,47
20180105,223000,5075,5079,5075,5079,5
20180105,224500,5080,5080,5071,5079,152
20180105,230000,5077,5078,5076,5076,209
20180105,231500,5076,5081,5075,5075,106
20180105,233000,5076,5092,5075,5079,589
20180105,234500,5080,5087,5080,5087,36
20180109,100000,5082,5189,5070,5179,14210
20180109,101500,5181,5222,5169,5201,10728
20180109,103000,5200,5210,5190,5194,6018
20180109,104500,5194,5216,5192,5205,1569
20180109,110000,5203,5210,5195,5202,2729
20180109,111500,5202,5209,5198,5204,1306
20180109,113000,5201,5240,5201,5237,10291
20180109,114500,5237,5257,5228,5238,4946
20180109,120000,5238,5256,5234,5253,1703
20180109,121500,5253,5254,5237,5241,1882
20180109,123000,5243,5245,5224,5242,1112
20180109,124500,5242,5243,5227,5237,1427
20180109,130000,5240,5252,5236,5240,1996
20180109,131500,5240,5242,5228,5233,1149
20180109,133000,5232,5237,5227,5237,425
20180109,134500,5236,5236,5229,5233,573
20180109,140000,5235,5248,5235,5242,1043
20180109,141500,5245,5247,5235,5243,712
20180109,143000,5243,5248,5235,5235,632
20180109,144500,5236,5236,5223,5226,1546
20180109,150000,5227,5227,5202,5207,2046
20180109,151500,5207,5219,5185,5216,2303
20180109,153000,5213,5221,5201,5208,1018
20180109,154500,5207,5215,5202,5209,565
20180109,160000,5202,5210,5187,5209,1350
20180109,161500,5206,5219,5197,5198,818
20180109,163000,5200,5202,5190,5202,687
20180109,164500,5199,5202,5180,5195,2643
20180109,170000,5194,5200,5186,5193,818
20180109,171500,5191,5198,5186,5194,374
20180109,173000,5194,5200,5161,5165,4435
20180109,174500,5165,5179,5150,5151,2067
20180109,180000,5151,5154,5119,5129,7711
20180109,181500,5130,5147,5130,5139,4540
20180109,183000,5139,5163,5133,5148,2640
20180109,190000,5157,5160,5144,5156,736
20180109,191500,5156,5167,5155,5162,566
20180109,193000,5162,5165,5148,5150,836
20180109,194500,5150,5160,5149,5157,719
20180109,200000,5157,5159,5156,5157,333
20180109,201500,5157,5158,5153,5153,170
20180109,203000,5153,5155,5151,5154,370
20180109,204500,5154,5155,5151,5152,206
20180109,210000,5152,5157,5151,5155,231
20180109,211500,5156,5165,5155,5161,1107
20180109,213000,5159,5170,5159,5167,154
20180109,214500,5168,5170,5165,5168,119
20180109,220000,5167,5170,5162,5168,44
20180109,221500,5166,5170,5160,5170,126
20180109,223000,5169,5170,5164,5166,61
20180109,224500,5166,5170,5166,5167,262
20180109,230000,5169,5178,5163,5178,343
20180109,231500,5171,5176,5166,5174,50
20180109,233000,5174,5179,5167,5169,400
20180109,234500,5169,5178,5165,5170,127
20180110,100000,5177,5183,5150,5171,4430
20180110,101500,5170,5195,5158,5186,4024
20180110,103000,5187,5189,5164,5174,3503
20180110,104500,5174,5180,5153,5154,1091
20180110,110000,5155,5174,5150,5164,1753
20180110,111500,5164,5183,5157,5180,1093
20180110,113000,5180,5189,5158,5169,1185
20180110,114500,5166,5171,5141,5157,2127
20180110,120000,5155,5171,5151,5161,927
20180110,121500,5164,5188,5164,5179,2960
20180110,123000,5179,5182,5170,5179,1180
20180110,124500,5178,5206,5174,5198,3952
20180110,130000,5194,5197,5178,5181,818
20180110,131500,5181,5189,5165,5171,1120
20180110,133000,5170,5197,5168,5190,1436
20180110,134500,5187,5188,5167,5173,3270
20180110,140000,5171,5183,5171,5180,381
20180110,141500,5180,5185,5175,5180,361
20180110,143000,5180,5183,5167,5172,458
20180110,144500,5171,5181,5161,5164,2468
20180110,150000,5164,5166,5153,5164,1690
20180110,151500,5161,5180,5156,5169,1315
20180110,153000,5168,5180,5167,5176,368
20180110,154500,5173,5176,5157,5162,648
20180110,160000,5161,5161,5131,5136,3794
20180110,161500,5134,5140,5121,5126,2987
20180110,163000,5123,5136,5120,5129,1534
20180110,164500,5130,5136,5120,5124,2267
20180110,170000,5124,5142,5112,5139,2963
20180110,171500,5139,5145,5134,5138,1733
20180110,173000,5139,5149,5135,5148,1410
20180110,174500,5148,5152,5136,5141,673
20180110,180000,5143,5149,5138,5148,500
20180110,181500,5148,5172,5146,5170,2593
20180110,183000,5170,5175,5159,5165,1248
20180110,190000,5160,5160,5130,5148,1239
20180110,191500,5146,5150,5141,5145,171
20180110,193000,5145,5148,5144,5145,273
20180110,194500,5144,5147,5138,5144,318
20180110,200000,5143,5147,5138,5147,237
20180110,201500,5147,5147,5141,5141,35
20180110,203000,5142,5144,5141,5143,364
20180110,204500,5144,5146,5138,5143,135
20180110,210000,5142,5145,5141,5145,45
20180110,211500,5144,5146,5144,5146,46
20180110,213000,5146,5151,5145,5146,122
20180110,214500,5149,5151,5149,5150,10
20180110,220000,5149,5151,5142,5146,48
20180110,221500,5146,5149,5141,5141,46
20180110,223000,5142,5146,5140,5142,30
20180110,224500,5142,5145,5140,5145,20
20180110,230000,5146,5148,5140,5145,143
20180110,231500,5144,5148,5141,5148,27
20180110,233000,5148,5148,5144,5146,47
20180110,234500,5146,5151,5146,5147,83
20180111,100000,5146,5146,5109,5117,7182
20180111,101500,5114,5125,5114,5121,1071
20180111,103000,5120,5122,5087,5106,5505
20180111,104500,5105,5119,5103,5110,1346
20180111,110000,5110,5120,5108,5116,2532
20180111,111500,5115,5118,5105,5105,1259
20180111,113000,5105,5117,5104,5116,1134
20180111,114500,5117,5122,5107,5118,2920
20180111,120000,5118,5126,5116,5121,779
20180111,121500,5119,5123,5118,5121,448
20180111,123000,5123,5123,5108,5115,993
20180111,124500,5114,5147,5114,5141,1646
20180111,130000,5138,5142,5122,5131,722
20180111,131500,5131,5138,5129,5133,636
20180111,133000,5131,5134,5127,5132,176
20180111,134500,5134,5144,5132,5137,2595
20180111,140000,5137,5138,5125,5125,783
20180111,141500,5124,5137,5124,5132,499
20180111,143000,5130,5135,5124,5134,389
20180111,144500,5132,5140,5132,5138,305
20180111,150000,5139,5141,5132,5141,1649
20180111,151500,5140,5140,5134,5134,669
20180111,153000,5134,5140,5134,5139,1125
20180111,154500,5138,5143,5127,5127,1020
20180111,160000,5127,5129,5079,5092,4789
20180111,161500,5090,5100,5074,5080,2697
20180111,163000,5081,5094,5080,5089,2989
20180111,164500,5089,5091,5052,5080,4807
20180111,170000,5079,5090,5077,5087,1482
20180111,171500,5085,5089,5082,5087,450
20180111,173000,5086,5091,5082,5091,511
20180111,174500,5089,5100,5085,5099,907
20180111,180000,5098,5117,5096,5117,1960
20180111,181500,5116,5129,5115,5121,2810
20180111,183000,5123,5123,5107,5107,1255
20180111,190000,5108,5115,5108,5111,95
20180111,191500,5111,5123,5103,5122,539
20180111,193000,5121,5122,5114,5114,487
20180111,194500,5116,5118,5115,5117,151
20180111,200000,5118,5119,5116,5118,36
20180111,201500,5116,5120,5116,5118,52
20180111,203000,5118,5120,5114,5114,116
20180111,204500,5114,5116,5114,5114,42
20180111,210000,5115,5116,5112,5112,105
20180111,211500,5112,5112,5109,5110,48
20180111,213000,5111,5117,5111,5114,256
20180111,214500,5114,5120,5114,5116,121
20180111,220000,5117,5120,5111,5120,138
20180111,221500,5120,5120,5111,5111,135
20180111,223000,5111,5115,5105,5115,150
20180111,224500,5112,5115,5108,5111,45
20180111,230000,5110,5113,5102,5113,317
20180111,231500,5107,5111,5107,5109,18
20180111,233000,5107,5112,5104,5105,92
20180111,234500,5109,5113,5100,5100,223
20180112,100000,5113,5143,5110,5116,3941
20180112,101500,5114,5129,5113,5123,895
20180112,103000,5121,5123,5104,5107,971
20180112,104500,5103,5109,5098,5103,2491
20180112,110000,5101,5103,5085,5094,2429
20180112,111500,5094,5108,5093,5100,528
20180112,113000,5102,5108,5093,5099,716
20180112,114500,5099,5125,5095,5120,1608
20180112,120000,5117,5127,5111,5122,2518
20180112,121500,5122,5124,5109,5109,717
20180112,123000,5109,5111,5102,5106,566
20180112,124500,5108,5113,5100,5105,373
20180112,130000,5105,5112,5085,5102,1350
20180112,131500,5102,5121,5100,5100,1436
20180112,133000,5101,5125,5094,5124,2041
20180112,134500,5123,5126,5110,5119,622
20180112,140000,5114,5120,5104,5105,1115
20180112,141500,5103,5106,5093,5099,923
20180112,143000,5097,5099,5076,5080,2311
20180112,144500,5080,5091,5080,5087,977
20180112,150000,5089,5093,5085,5088,473
20180112,151500,5091,5110,5088,5102,1283
20180112,153000,5102,5118,5102,5118,1613
20180112,154500,5118,5118,5104,5111,347
20180112,160000,5113,5122,5107,5109,802
20180112,161500,5109,5116,5101,5110,699
20180112,163000,5110,5119,5107,5113,797
20180112,164500,5113,5113,5093,5102,377
20180112,170000,5102,5105,5098,5100,392
20180112,171500,5102,5119,5099,5111,706
20180112,173000,5113,5149,5113,5140,4818
20180112,174500,5140,5176,5138,5168,5478
20180112,180000,5168,5170,5149,5162,2387
20180112,181500,5159,5163,5137,5155,2071
20180112,183000,5156,5162,5151,5156,495
20180112,190000,5154,5169,5136,5160,901
20180112,191500,5159,5162,5156,5160,146
20180112,193000,5157,5166,5156,5159,336
20180112,194500,5162,5165,5156,5158,196
20180112,200000,5161,5170,5149,5164,342
20180112,201500,5164,5167,5161,5161,92
20180112,203000,5163,5172,5162,5170,265
20180112,204500,5170,5174,5157,5168,183
20180112,210000,5165,5165,5158,5165,147
20180112,211500,5163,5171,5162,5166,126
20180112,213000,5166,5173,5158,5168,323
20180112,214500,5168,5171,5166,5169,97
20180112,220000,5169,5172,5169,5172,71
20180112,221500,5169,5171,5166,5171,151
20180112,223000,5169,5173,5167,5173,382
20180112,224500,5172,5173,5170,5172,182
20180112,230000,5173,5178,5168,5171,250
20180112,231500,5175,5177,5170,5170,155
20180112,233000,5171,5179,5171,5177,457
20180112,234500,5177,5184,5174,5183,422
20180115,100000,5183,5247,5179,5215,10204
20180115,101500,5215,5218,5184,5216,2818
20180115,103000,5215,5217,5200,5200,863
20180115,104500,5200,5203,5173,5186,1928
20180115,110000,5185,5204,5184,5194,1011
20180115,111500,5195,5198,5185,5193,767
20180115,113000,5190,5202,5189,5202,720
20180115,114500,5202,5202,5185,5199,471
20180115,120000,5198,5198,5190,5196,402
20180115,121500,5193,5197,5190,5192,204
20180115,123000,5193,5200,5191,5197,268
20180115,124500,5194,5203,5189,5199,839
20180115,130000,5200,5212,5193,5203,1414
20180115,131500,5203,5207,5193,5202,860
20180115,133000,5201,5210,5199,5204,372
20180115,134500,5205,5215,5205,5208,551
20180115,140000,5214,5225,5208,5218,581
20180115,141500,5213,5221,5208,5210,511
20180115,143000,5210,5215,5204,5208,355
20180115,144500,5208,5210,5198,5200,1403
20180115,150000,5200,5206,5199,5206,1196
20180115,151500,5203,5210,5197,5200,981
20180115,153000,5198,5202,5197,5202,555
20180115,154500,5200,5209,5182,5197,1376
20180115,160000,5198,5201,5192,5193,321
20180115,161500,5192,5201,5192,5196,329
20180115,163000,5196,5207,5193,5198,628
20180115,164500,5197,5208,5193,5204,266
20180115,170000,5204,5219,5204,5213,587
20180115,171500,5211,5213,5202,5202,426
20180115,173000,5205,5206,5198,5206,269
20180115,174500,5207,5207,5175,5180,1377
20180115,180000,5182,5192,5165,5178,1385
20180115,181500,5179,5179,5165,5168,2737
20180115,183000,5166,5175,5157,5167,1603
20180115,190000,5175,5189,5158,5166,527
20180115,191500,5166,5174,5161,5171,275
20180115,193000,5168,5169,5156,5162,217
20180115,194500,5161,5161,5151,5153,305
20180115,200000,5153,5160,5146,5150,266
20180115,201500,5148,5150,5144,5146,86
20180115,203000,5146,5150,5146,5147,266
20180115,204500,5147,5153,5146,5152,46
20180115,210000,5153,5155,5152,5154,84
20180115,211500,5154,5155,5150,5150,51
20180115,213000,5153,5155,5151,5152,30
20180115,214500,5153,5154,5148,5148,93
20180115,220000,5147,5157,5147,5155,166
20180115,221500,5156,5171,5155,5167,195
20180115,223000,5167,5172,5159,5172,76
20180115,224500,5172,5174,5165,5165,15
20180115,230000,5168,5169,5165,5165,37
20180115,231500,5167,5172,5165,5167,138
20180115,233000,5165,5169,5152,5159,278
20180115,234500,5159,5159,5152,5153,21
20180116,100000,5157,5174,5140,5140,3585
20180116,101500,5139,5140,5102,5118,6515
20180116,103000,5118,5123,5103,5111,1663
20180116,104500,5114,5133,5112,5121,1539
20180116,110000,5122,5137,5119,5122,1152
20180116,111500,5123,5142,5123,5142,1862
20180116,113000,5139,5140,5112,5117,1407
20180116,114500,5117,5130,5108,5127,1658
20180116,120000,5127,5127,5110,5119,2564
20180116,121500,5119,5121,5110,5116,1829
20180116,123000,5117,5138,5115,5128,1326
20180116,124500,5127,5137,5120,5124,498
20180116,130000,5125,5125,5105,5117,1554
20180116,131500,5115,5123,5114,5115,792
20180116,133000,5117,5119,5110,5115,1309
20180116,134500,5113,5120,5105,5108,4815
20180116,140000,5109,5111,5092,5105,4139
20180116,141500,5103,5118,5103,5110,1190
20180116,143000,5110,5116,5108,5109,344
20180116,144500,5112,5123,5108,5108,784
20180116,150000,5109,5119,5107,5117,887
20180116,151500,5116,5133,5116,5132,1450
20180116,153000,5132,5149,5127,5140,1504
20180116,154500,5140,5148,5117,5123,1336
20180116,160000,5120,5143,5118,5143,1021
20180116,161500,5140,5145,5133,5139,559
20180116,163000,5137,5140,5126,5139,1638
20180116,164500,5139,5158,5133,5152,2886
20180116,170000,5153,5154,5141,5142,223
20180116,171500,5145,5163,5138,5159,869
20180116,173000,5156,5158,5134,5154,1344
20180116,174500,5152,5159,5146,5155,914
20180116,180000,5156,5156,5138,5146,690
20180116,181500,5145,5147,5136,5144,647
20180116,183000,5141,5144,5130,5143,1345
20180116,190000,5136,5150,5133,5149,496
20180116,191500,5150,5153,5144,5148,417
20180116,193000,5146,5148,5131,5135,429
20180116,194500,5138,5139,5129,5129,127
20180116,200000,5134,5145,5126,5130,274
20180116,201500,5132,5134,5124,5132,277
20180116,203000,5133,5134,5125,5133,66
20180116,204500,5131,5133,5125,5132,122
20180116,210000,5126,5126,5124,5126,14
20180116,211500,5130,5134,5130,5134,61
20180116,213000,5131,5135,5125,5126,107
20180116,214500,5126,5141,5126,5130,93
20180116,220000,5136,5136,5120,5120,410
20180116,221500,5122,5123,5103,5107,1834
20180116,223000,5107,5110,5104,5107,452
20180116,224500,5107,5109,5102,5108,98
20180116,230000,5109,5115,5107,5112,224
20180116,231500,5111,5111,5107,5111,50
20180116,233000,5112,5120,5108,5113,205
20180116,234500,5112,5114,5106,5107,44
20180117,100000,5117,5144,5096,5144,6595
20180117,101500,5143,5144,5109,5125,2731
20180117,103000,5126,5126,5113,5116,532
20180117,104500,5115,5122,5110,5122,726
20180117,110000,5121,5127,5114,5115,578
20180117,111500,5114,5150,5113,5137,2028
20180117,113000,5139,5149,5131,5138,1421
20180117,114500,5136,5144,5130,5132,895
20180117,120000,5133,5135,5128,5132,376
20180117,121500,5133,5134,5125,5127,453
20180117,123000,5129,5170,5125,5136,10591
20180117,124500,5137,5140,5124,5135,1437
20180117,130000,5133,5136,5122,5124,1098
20180117,131500,5126,5154,5122,5144,3644
20180117,133000,5143,5161,5137,5139,1367
20180117,134500,5140,5147,5135,5137,600
20180117,140000,5135,5139,5133,5135,81
20180117,141500,5135,5140,5130,5135,561
20180117,143000,5136,5144,5124,5144,771
20180117,144500,5139,5148,5137,5144,434
20180117,150000,5144,5150,5129,5145,1394
20180117,151500,5144,5154,5138,5147,542
20180117,153000,5148,5153,5143,5151,1186
20180117,154500,5148,5158,5146,5157,666
20180117,160000,5156,5176,5148,5171,2196
20180117,161500,5170,5198,5161,5192,4550
20180117,163000,5193,5205,5186,5196,5286
20180117,164500,5196,5234,5189,5219,8030
20180117,170000,5220,5224,5197,5197,1515
20180117,171500,5197,5213,5196,5203,1154
20180117,173000,5201,5202,5186,5193,2030
20180117,174500,5193,5194,5165,5173,3986
20180117,180000,5173,5177,5168,5172,852
20180117,181500,5172,5175,5163,5163,1440
20180117,183000,5164,5189,5164,5176,1803
20180117,190000,5170,5188,5163,5183,470
20180117,191500,5183,5195,5182,5193,475
20180117,193000,5193,5193,5185,5188,115
20180117,194500,5188,5193,5188,5193,143
20180117,200000,5191,5193,5188,5190,79
20180117,201500,5190,5191,5188,5188,215
20180117,203000,5191,5191,5182,5184,413
20180117,204500,5184,5193,5184,5193,161
20180117,210000,5193,5206,5193,5202,796
20180117,211500,5200,5207,5198,5203,384
20180117,213000,5198,5205,5193,5204,256
20180117,214500,5204,5205,5203,5205,26
20180117,220000,5202,5205,5201,5204,162
20180117,221500,5203,5203,5195,5201,495
20180117,223000,5198,5201,5191,5200,122
20180117,224500,5197,5201,5194,5201,120
20180117,230000,5197,5202,5195,5196,192
20180117,231500,5198,5200,5194,5194,46
20180117,233000,5194,5197,5194,5197,33
20180117,234500,5197,5202,5192,5202,534
20180118,100000,5201,5234,5192,5210,4864
20180118,101500,5211,5230,5198,5212,3519
20180118,103000,5210,5216,5187,5193,3183
20180118,104500,5192,5203,5174,5187,3986
20180118,110000,5187,5196,5178,5189,1603
20180118,111500,5190,5207,5189,5198,1295
20180118,113000,5196,5208,5192,5200,977
20180118,114500,5201,5207,5191,5194,355
20180118,120000,5193,5194,5167,5171,5933
20180118,121500,5172,5177,5170,5174,766
20180118,123000,5171,5178,5158,5163,3075
20180118,124500,5164,5169,5122,5144,5497
20180118,130000,5144,5161,5140,5152,1264
20180118,131500,5151,5160,5145,5146,3537
20180118,133000,5147,5162,5146,5155,1552
20180118,134500,5153,5158,5142,5143,4382
20180118,140000,5142,5148,5136,5145,2734
20180118,141500,5146,5150,5133,5144,1347
20180118,143000,5143,5153,5139,5143,1021
20180118,144500,5144,5152,5125,5140,2495
20180118,150000,5139,5155,5138,5155,1102
20180118,151500,5151,5151,5139,5149,1094
20180118,153000,5149,5162,5146,5154,1723
20180118,154500,5153,5161,5141,5142,1711
20180118,160000,5143,5145,5133,5140,592
20180118,161500,5142,5144,5129,5132,687
20180118,163000,5130,5137,5128,5130,440
20180118,164500,5130,5139,5121,5135,1252
20180118,170000,5133,5135,5107,5116,7889
20180118,171500,5117,5123,5107,5119,1749
20180118,173000,5116,5118,5107,5114,1389
20180118,174500,5114,5145,5113,5138,2165
20180118,180000,5136,5150,5129,5149,1067
20180118,181500,5148,5149,5125,5143,2851
20180118,183000,5143,5155,5128,5135,2356
20180118,190000,5141,5154,5135,5148,344
20180118,191500,5149,5156,5144,5144,405
20180118,193000,5148,5148,5135,5140,314
20180118,194500,5141,5145,5141,5145,10
20180118,200000,5146,5146,5137,5137,119
20180118,201500,5137,5142,5133,5137,75
20180118,203000,5139,5142,5139,5141,20
20180118,204500,5138,5152,5138,5144,87
20180118,210000,5144,5149,5139,5146,225
20180118,211500,5144,5147,5142,5142,45
20180118,213000,5142,5145,5140,5145,25
20180118,214500,5142,5147,5139,5139,137
20180118,220000,5140,5140,5139,5139,3
20180118,221500,5139,5142,5138,5139,11
20180118,223000,5141,5148,5141,5146,57
20180118,224500,5147,5150,5145,5148,77
20180118,230000,5143,5156,5140,5153,143
20180118,231500,5151,5156,5146,5147,112
20180118,233000,5150,5150,5147,5147,127
20180118,234500,5150,5151,5149,5150,238
20180119,100000,5154,5154,5115,5142,4024
20180119,101500,5143,5150,5135,5138,400
20180119,103000,5140,5146,5120,5121,1312
20180119,104500,5124,5138,5118,5138,1290
20180119,110000,5134,5139,5126,5128,775
20180119,111500,5129,5132,5119,5122,895
20180119,113000,5122,5125,5100,5112,2294
20180119,114500,5114,5117,5107,5115,897
20180119,120000,5114,5121,5109,5120,519
20180119,121500,5120,5127,5106,5111,1732
20180119,123000,5112,5123,5109,5120,490
20180119,124500,5120,5122,5112,5114,469
20180119,130000,5119,5121,5110,5113,441
20180119,131500,5112,5115,5106,5115,453
20180119,133000,5115,5120,5111,5117,70
20180119,134500,5116,5120,5112,5113,1030
20180119,140000,5115,5119,5113,5117,196
20180119,141500,5117,5120,5116,5119,617
20180119,143000,5119,5128,5119,5125,857
20180119,144500,5127,5128,5120,5120,236
20180119,150000,5119,5124,5119,5121,162
20180119,151500,5124,5142,5123,5139,1179
20180119,153000,5136,5140,5129,5130,330
20180119,154500,5128,5128,5115,5118,427
20180119,160000,5116,5116,5107,5111,693
20180119,161500,5112,5113,5087,5102,3058
20180119,163000,5102,5102,5088,5088,1546
20180119,164500,5088,5088,4979,5013,20207
20180119,170000,5014,5025,4994,5025,4559
20180119,171500,5025,5041,5012,5034,3788
20180119,173000,5035,5069,5035,5060,3920
20180119,174500,5058,5064,5041,5062,1014
20180119,180000,5063,5078,5036,5056,2835
20180119,181500,5054,5070,5046,5054,1687
20180119,183000,5052,5054,5040,5044,2261
20180119,190000,5047,5047,5025,5026,409
20180119,191500,5029,5034,5025,5025,464
20180119,193000,5027,5034,5025,5029,158
20180119,194500,5030,5035,5029,5034,103
20180119,200000,5033,5036,5029,5033,118
20180119,201500,5035,5039,5034,5036,148
20180119,203000,5035,5035,5029,5030,231
20180119,204500,5029,5037,5028,5034,306
20180119,210000,5031,5033,5028,5033,72
20180119,211500,5028,5034,5027,5031,214
20180119,213000,5033,5037,5030,5037,60
20180119,214500,5036,5037,5031,5033,58
20180119,220000,5033,5034,5020,5029,270
20180119,221500,5031,5032,5023,5024,251
20180119,223000,5025,5035,5024,5024,158
20180119,224500,5026,5029,5024,5027,160
20180119,230000,5028,5031,5027,5027,82
20180119,231500,5027,5033,5027,5033,196
20180119,233000,5034,5037,5028,5036,136
20180119,234500,5035,5036,5027,5027,91
20180122,100000,5028,5068,5024,5049,6690
20180122,101500,5049,5075,5028,5041,4853
20180122,103000,5039,5068,5038,5063,2504
20180122,104500,5064,5084,5060,5073,3521
20180122,110000,5078,5079,5054,5056,1268
20180122,111500,5053,5075,5052,5062,1103
20180122,113000,5062,5069,5053,5055,710
20180122,114500,5055,5062,5047,5053,664
20180122,120000,5050,5067,5050,5067,1104
20180122,121500,5067,5088,5063,5071,4965
20180122,123000,5068,5070,5052,5052,946
20180122,124500,5055,5060,5054,5055,271
20180122,130000,5061,5065,5053,5057,526
20180122,131500,5057,5057,5040,5041,987
20180122,133000,5042,5046,5026,5034,1352
20180122,134500,5034,5054,5034,5043,452
20180122,140000,5042,5054,5037,5052,557
20180122,141500,5049,5055,5043,5048,723
20180122,143000,5048,5054,5044,5046,288
20180122,144500,5045,5045,5036,5038,318
20180122,150000,5039,5040,5033,5037,315
20180122,151500,5037,5039,5027,5039,1069
20180122,153000,5037,5054,5036,5043,1650
20180122,154500,5042,5048,5035,5045,861
20180122,160000,5043,5043,5029,5029,923
20180122,161500,5029,5044,5024,5041,1152
20180122,163000,5038,5041,5028,5039,628
20180122,164500,5040,5043,5037,5040,366
20180122,170000,5038,5048,5031,5037,833
20180122,171500,5038,5045,5035,5042,251
20180122,173000,5043,5060,5037,5058,2058
20180122,174500,5058,5064,5055,5064,857
20180122,180000,5065,5073,5056,5064,940
20180122,181500,5064,5067,5047,5055,1751
20180122,183000,5056,5066,5056,5056,972
20180122,190000,5057,5065,5053,5063,180
20180122,191500,5064,5090,5064,5077,1498
20180122,193000,5075,5077,5072,5072,325
20180122,194500,5072,5077,5070,5070,140
20180122,200000,5072,5072,5061,5068,392
20180122,201500,5069,5071,5068,5068,60
20180122,203000,5068,5069,5062,5063,128
20180122,204500,5064,5072,5062,5068,122
20180122,210000,5070,5071,5067,5071,18
20180122,211500,5070,5074,5065,5070,36
20180122,213000,5068,5073,5068,5072,25
20180122,214500,5072,5074,5070,5070,86
20180122,220000,5070,5076,5070,5076,237
20180122,221500,5073,5075,5071,5072,41
20180122,223000,5071,5076,5070,5074,99
20180122,224500,5073,5076,5072,5076,37
20180122,230000,5074,5076,5068,5069,251
20180122,231500,5069,5070,5067,5070,122
20180122,233000,5069,5076,5065,5075,58
20180122,234500,5075,5077,5073,5077,166
20180123,100000,5074,5085,5065,5066,2884
20180123,101500,5066,5068,5057,5067,1078
20180123,103000,5069,5075,5067,5073,710
20180123,104500,5074,5077,5070,5075,829
20180123,110000,5074,5076,5062,5065,1128
20180123,111500,5067,5070,5061,5063,896
20180123,113000,5067,5072,5059,5069,1122
20180123,114500,5069,5071,5055,5055,2154
20180123,120000,5055,5055,5044,5054,1228
20180123,121500,5052,5054,5024,5040,3437
20180123,123000,5040,5049,5039,5046,585
20180123,124500,5045,5060,5045,5052,2492
20180123,130000,5050,5052,5042,5050,796
20180123,131500,5049,5052,5036,5044,1008
20180123,133000,5041,5041,5027,5039,2108
20180123,134500,5039,5039,5029,5034,820
20180123,140000,5032,5032,5011,5023,2457
20180123,141500,5024,5026,5021,5021,1515
20180123,143000,5023,5023,5005,5016,3343
20180123,144500,5015,5024,5013,5023,615
20180123,150000,5023,5026,5016,5019,535
20180123,151500,5022,5022,5010,5018,1037
20180123,153000,5019,5028,5015,5023,773
20180123,154500,5024,5025,5020,5021,340
20180123,160000,5021,5025,4985,5004,3156
20180123,161500,5006,5013,4995,5005,1583
20180123,163000,5003,5012,5001,5004,681
20180123,164500,5001,5007,5000,5002,312
20180123,170000,5004,5004,4982,4985,1269
20180123,171500,4986,4999,4978,4998,2263
20180123,173000,4997,5009,4971,4981,2718
20180123,174500,4982,4997,4971,4991,1990
20180123,180000,4992,4994,4973,4988,2624
20180123,181500,4988,4999,4985,4999,1263
20180123,183000,4999,5005,4993,5000,1093
20180123,190000,5007,5029,5006,5019,1371
20180123,191500,5019,5023,5012,5012,890
20180123,193000,5016,5022,5014,5017,311
20180123,194500,5017,5017,5013,5014,80
20180123,200000,5014,5019,5014,5018,207
20180123,201500,5016,5018,5013,5013,104
20180123,203000,5015,5025,5011,5015,627
20180123,204500,5020,5023,5015,5020,113
20180123,210000,5021,5024,5016,5024,77
20180123,211500,5024,5025,5020,5024,65
20180123,213000,5023,5026,5020,5023,134
20180123,214500,5021,5024,5020,5020,45
20180123,220000,5020,5020,5017,5020,34
20180123,221500,5018,5021,5018,5021,12
20180123,223000,5019,5020,5016,5019,47
20180123,224500,5017,5018,5015,5015,76
20180123,230000,5016,5020,5016,5020,228
20180123,231500,5020,5020,5015,5015,74
20180123,233000,5018,5020,5016,5017,4949
