20161221,200000,71998,71998,71998,71998,1
20170216,130000,66400,66600,66400,66600,6
20170216,170000,67000,67000,67000,67000,1
20170301,130000,66367,67724,66366,67724,4
20170314,230000,68799,68799,68799,68799,1
20170424,120000,65710,65950,65710,65950,2
20170424,123000,65650,66950,65650,66950,4
20170511,153000,66700,66700,66700,66700,5
20170512,190000,67900,67900,67900,67900,5
20170622,200000,71000,71000,71000,71000,1
20170622,203000,71100,71100,71100,71100,1
20170623,190000,70900,70900,70900,70900,1
20170626,103000,70400,70400,70400,70400,1
20170630,110000,71900,71900,71900,71900,1
20170630,163000,71613,71613,71613,71613,1
20170704,123000,71350,71350,71350,71350,1
20170704,180000,71500,71500,71500,71500,1
20170705,103000,71800,71960,71800,71960,2
20170705,110000,72100,72100,72100,72100,1
20170705,220000,72300,72300,72300,72300,1
20170706,143000,72500,72500,72500,72500,1
20170707,113000,73100,73100,73100,73100,1
20170710,140000,73000,73000,73000,73000,1
20170710,173000,72800,72800,72800,72800,1
20170710,180000,72985,76693,72985,76693,10
20170710,223000,72900,72900,72900,72900,1
20170711,140000,73500,73500,73500,73500,1
20170711,180000,73600,73700,73600,73700,2
20170712,160000,72700,72700,72700,72700,1
20170713,123000,72500,72500,72500,72500,1
20170713,130000,72300,72300,72300,72300,1
20170714,150000,71987,71987,71987,71987,1
20170714,233000,71950,71950,71950,71950,1
20170717,113000,71802,71802,71802,71802,1
20170717,173000,71999,71999,71999,71999,1
20170718,100000,72500,72500,72500,72500,1
20170718,120000,72300,72300,72300,72300,1
20170719,140000,72116,72116,72116,72116,1
20170719,203000,72024,72041,72024,72041,2
20170720,153000,72250,72250,72250,72250,1
20170720,170000,72350,72450,72350,72450,2
20170720,173000,72550,72650,72550,72650,2
20170721,100000,72757,72757,72757,72757,2
20170721,163000,72700,72700,72700,72700,1
20170721,193000,72930,72930,72930,72930,1
20170724,120000,73450,73450,73450,73450,1
20170724,123000,73699,73699,73699,73699,1
20170725,173000,73957,73957,73957,73957,1
20170725,190000,73509,73509,73509,73509,1
20170725,233000,73625,73625,73625,73625,1
20170726,140000,73531,73531,73531,73531,1
20170726,223000,73550,73550,73550,73550,1
20170726,230000,73676,73676,73500,73500,2
20170727,120000,73510,73510,73510,73510,1
20170727,123000,73510,73510,73510,73510,3
20170727,170000,73510,73510,73510,73510,6
20170727,173000,73510,73510,73510,73510,2
20170731,100000,74321,74321,74321,74321,1
20170731,163000,74721,74721,74721,74721,1
20170801,133000,74903,74903,74903,74903,1
20170802,100000,75700,75700,75700,75700,1
20170802,120000,75600,75600,75600,75600,1
20170802,173000,75950,75950,75950,75950,1
20170802,213000,75623,75623,75623,75623,1
20170804,163000,75000,75000,75000,75000,1
20170804,173000,74700,74700,74700,74700,1
20170804,180000,74400,74400,74400,74400,1
20170804,220000,74385,74391,74385,74391,4
20170810,120000,73900,73900,73900,73900,1
20170810,223000,74299,74299,74299,74299,1
20170815,163000,73615,73615,73393,73393,10
20170815,210000,73800,73800,73800,73800,1
20170816,110000,73600,73600,73600,73600,1
20170816,130000,73500,73500,73400,73400,2
20170816,153000,73300,73300,73300,73300,1
20170816,160000,73200,73200,73200,73200,1
20170817,143000,73130,73130,73130,73130,1
20170818,100000,73609,73609,73609,73609,1
20170818,103000,73300,73300,73300,73300,1
20170822,163000,72900,72900,72900,72900,1
20170823,100000,72389,72700,72389,72700,8
20170823,103000,73000,73000,73000,73000,2
20170824,143000,73200,73200,73200,73200,1
20170824,163000,73300,73300,73300,73300,2
20170825,110000,73108,73124,73092,73124,8
20170825,120000,73134,73135,73134,73135,2
20170825,133000,73144,73144,73144,73144,20
20170825,173000,73050,73050,73050,73050,1
20170825,190000,72993,72993,72993,72993,1
20170825,220000,73097,73129,73097,73129,2
20170828,100000,73170,73170,73170,73170,1
20170828,110000,73015,73015,73015,73015,1
20170828,120000,72962,72962,72962,72962,1
20170828,170000,73086,73086,73086,73086,1
20170828,180000,73132,73132,73132,73132,1
20170828,190000,73179,73228,73179,73228,2
20170829,100000,73257,73456,73257,73456,7
20170829,103000,73504,73553,73400,73553,3
20170829,110000,73599,73652,73599,73652,5
20170829,113000,73699,73699,73699,73699,1
20170829,120000,73748,73848,73748,73848,4
20170829,130000,73892,73942,73892,73942,4
20170829,180000,73768,73768,73768,73768,1
20170829,193000,73913,73913,73913,73913,1
20170829,203000,73759,73759,73759,73759,1
20170829,220000,73700,73700,73700,73700,1
20170829,230000,73646,73646,73646,73646,1
20170830,100000,73600,73600,73492,73492,6
20170830,103000,73441,73441,73390,73390,2
20170830,140000,73324,73324,73273,73273,4
20170830,150000,73255,73255,73255,73255,1
20170830,153000,73218,73218,73116,73116,3
20170830,170000,73060,73060,73060,73060,1
20170830,173000,73008,73008,73008,73008,1
20170830,200000,73000,73000,72945,72955,5
20170831,120000,72960,72960,72867,72867,2
20170831,130000,72813,72813,72800,72800,2
20170831,133000,72761,72761,72700,72700,5
20170831,140000,72659,72659,72608,72608,2
20170831,143000,72600,72600,72557,72557,2
20170831,150000,72512,72512,72512,72512,1
20170831,153000,72507,72507,72457,72457,3
20170831,170000,72407,72407,72407,72407,1
20170831,193000,72500,72500,72500,72500,3
20170831,210000,72603,72613,72603,72613,3
20170901,100000,72603,72603,72400,72400,5
20170901,103000,72500,72500,72500,72500,1
20170901,143000,72200,72200,72200,72200,1
20170901,153000,72101,72101,72100,72100,3
20170901,160000,72001,72001,71900,71900,2
20170901,163000,72040,72178,72040,72178,5
20170901,180000,71800,71800,71800,71800,2
20170901,213000,71713,71740,71713,71740,2
20170904,173000,72250,72250,72250,72250,1
20170905,173000,71700,71700,71700,71700,1
20170905,180000,71800,71800,71800,71800,1
20170905,200000,71950,71950,71950,71950,1
20170905,203000,71900,71900,71900,71900,1
20170906,173000,71840,71840,71840,71840,1
20170906,203000,71912,71912,71912,71912,1
20170907,110000,71253,71450,68820,71450,17
20170907,113000,71600,71600,71600,71600,1
20170907,183000,71870,71870,71870,71870,1
20170907,190000,71772,71772,71772,71772,1
20170908,113000,71751,71751,69694,71501,70
20170908,120000,71550,71550,71500,71500,22
20170908,123000,71450,71450,71450,71450,1
20170908,130000,71437,71437,71437,71437,4
20170908,143000,71612,71612,71612,71612,2
20170908,150000,71612,71612,71612,71612,2
20170908,160000,71751,71751,71751,71751,2
20170911,200000,70974,70974,70974,70974,5
20170913,143000,72007,72574,72007,72574,10
20170915,103000,71100,71100,71100,71100,1
20170915,140000,71500,71500,71500,71500,1
20170915,160000,71640,71640,71640,71640,1
20170915,173000,71570,71570,71570,71570,1
20170919,110000,72245,72245,72245,72245,2
20170919,113000,72285,72285,72285,72285,2
20170919,173000,72192,72192,72192,72192,1
20170920,100000,72787,73050,72787,73050,3
20170921,103000,71892,71892,71879,71879,3
20170921,163000,71889,71900,71881,71881,5
20170921,180000,71862,71878,71862,71878,2
20170921,193000,71642,71642,71642,71642,1
20170921,213000,71634,71634,71603,71603,45
20170921,220000,71612,71612,71612,71612,1
20170921,223000,71696,71711,71696,71711,10
20170921,233000,71727,71753,71727,71753,2
20170922,140000,71452,71452,71447,71447,2
20170922,143000,71455,71455,71436,71436,5
20170922,160000,71441,71441,71441,71441,1
20170922,233000,71417,71417,71351,71351,2
20170925,120000,70733,70824,70620,70620,4
20170925,123000,70662,70679,70583,70583,26
20170925,143000,70602,70625,70518,70518,15
20170925,150000,70600,70600,70600,70600,1
20170925,153000,70700,70724,70680,70710,26
20170925,163000,70800,70800,70800,70800,1
20170925,170000,70700,70700,70700,70700,1
20170925,183000,70900,70900,70900,70900,1
20170925,190000,70834,70834,70834,70834,1
20170925,193000,70819,70819,70819,70819,1
20170925,200000,70750,70750,70750,70750,1
20170925,203000,70650,70650,70650,70650,1
20170925,223000,70636,70636,70635,70635,2
20170926,100000,70666,70688,70661,70661,3
20170926,103000,70501,70501,70501,70501,1
20170926,133000,70444,70444,70444,70444,1
20170926,163000,70588,70588,70588,70588,1
20170926,170000,70495,70495,70488,70489,9
20170927,100000,70899,70899,70899,70899,1
20170927,113000,70780,70780,70780,70780,1
20170927,123000,70816,70816,70816,70816,1
20170927,173000,70761,70761,70761,70761,1
20170927,213000,70839,70875,70839,70875,2
20170928,100000,70911,71199,70911,71199,9
20170928,110000,71095,71095,71088,71088,4
20170928,133000,70912,70920,70912,70920,15
20170929,120000,70720,70720,70720,70720,20
20170929,153000,70678,70678,70500,70500,11
20170929,170000,70550,70550,70550,70550,37
20171002,100000,70200,70300,70200,70300,3
20171002,110000,70400,70400,70400,70400,1
20171002,113000,70350,70350,70350,70350,1
20171002,130000,70450,70450,70450,70450,1
20171002,170000,70400,70400,70400,70400,1
20171002,180000,70480,70480,70480,70480,10
20171002,193000,70441,70441,70441,70441,3
20171002,203000,70430,70430,70430,70430,1
20171002,223000,70430,70430,70430,70430,1
20171003,100000,70500,70500,70500,70500,10
20171003,123000,70550,70550,70550,70550,1
20171003,143000,70613,70613,70613,70613,1
20171003,153000,70700,70700,70700,70700,1
20171003,160000,70650,70650,70650,70650,1
20171003,163000,70500,70500,70500,70500,1
20171003,193000,70490,70490,70490,70490,1
20171003,203000,70454,70454,70454,70454,1
20171004,100000,70454,70454,70454,70454,15
20171004,150000,70200,70200,70200,70200,1
20171004,163000,70150,70150,70150,70150,1
20171004,170000,70260,70260,70260,70260,1
20171004,173000,70150,70150,70150,70150,2
20171004,190000,70200,70200,70200,70200,1
20171004,230000,70250,70250,70250,70250,1
20171005,100000,70200,70200,70200,70200,1
20171005,103000,70150,70150,70150,70150,1
20171005,113000,70100,70100,70100,70100,1
20171005,170000,69824,69850,69811,69811,12
20171005,173000,69789,69789,69789,69789,1
20171005,180000,69739,69740,69673,69673,59
20171005,190000,69700,69700,69700,69700,1
20171005,200000,69749,69749,69749,69749,1
20171005,203000,69800,69800,69800,69800,2
20171005,230000,69900,69900,69900,69900,2
20171005,233000,69940,69940,69940,69940,1
20171006,100000,69850,69876,69850,69876,2
20171006,103000,69921,69921,69921,69921,10
20171006,110000,69860,69871,69860,69871,2
20171006,113000,69903,69935,69903,69935,2
20171006,120000,69950,69967,69950,69967,2
20171006,133000,69980,70063,69980,70063,4
20171006,150000,70062,70100,70062,70090,4
20171006,153000,69967,70254,69950,70254,13
20171006,160000,70275,70335,70275,70335,3
20171006,163000,70361,70473,70361,70473,8
20171006,170000,70485,70515,70460,70515,5
20171006,173000,70545,70665,70545,70665,7
20171006,180000,70610,70610,70610,70610,1
20171006,230000,70630,70630,70630,70630,4
20171006,233000,70608,70608,70608,70608,1
20171009,100000,70695,70785,70695,70785,4
20171009,103000,70680,70680,70648,70648,50
20171009,110000,70764,70796,70764,70796,3
20171009,113000,70815,70815,70815,70815,1
20171009,120000,70845,70875,70845,70875,2
20171009,130000,70865,70865,70865,70865,1
20171009,133000,70896,70935,70896,70935,3
20171009,170000,70950,70965,70950,70965,4
20171009,173000,70858,70858,70851,70851,50
20171009,183000,70850,70850,70850,70850,4
20171009,190000,70874,70874,70874,70874,1
20171009,193000,70835,70835,70835,70835,1
20171009,220000,70890,70895,70890,70895,2
20171009,223000,70902,70920,70899,70920,35
20171009,233000,70850,70850,70850,70850,1
20171010,100000,70670,70670,70620,70620,3
20171010,110000,70622,70622,70622,70622,1
20171010,113000,70680,70683,70680,70683,2
20171010,120000,70580,70580,70580,70580,1
20171010,123000,70670,70700,70670,70700,2
20171010,133000,70655,70655,70655,70655,1
20171010,140000,70630,70630,70630,70630,1
20171010,143000,70550,70550,70550,70550,1
20171010,153000,70594,70594,70570,70570,3
20171010,160000,70530,70530,70498,70500,5
20171010,163000,70570,70570,70570,70570,1
20171010,170000,70641,70730,70641,70730,3
20171010,173000,70750,70750,70750,70750,1
20171010,190000,70725,70725,70725,70725,1
20171010,200000,70750,70800,70750,70800,4
20171010,203000,70740,70818,70740,70818,2
20171010,213000,70766,70766,70760,70760,2
20171010,230000,70795,70800,70791,70791,17
20171011,100000,70824,70824,70824,70824,18
20171011,103000,70850,70870,70850,70870,555
20171011,120000,70750,70752,70750,70752,5
20171011,123000,70700,70700,70600,70600,3
20171011,143000,70703,70703,70703,70703,1
20171011,150000,70750,70750,70750,70750,1
20171011,160000,70770,70825,70770,70825,4
20171011,170000,70885,70885,70885,70885,1
20171011,173000,70876,70876,70876,70876,1
20171011,180000,70925,70927,70925,70927,2
20171011,190000,70870,70870,70870,70870,1
20171011,233000,70925,70925,70925,70925,1
20171012,100000,70776,70776,70755,70755,2
20171012,103000,70700,70700,70700,70700,1
20171012,113000,70659,70675,70659,70675,3
20171012,120000,70610,70610,70610,70610,1
20171012,123000,70600,70650,70600,70650,2
20171012,133000,70710,70710,70710,70710,1
20171012,150000,70667,70667,70667,70667,1
20171012,173000,70740,70740,70740,70740,2
20171012,180000,70665,70676,70610,70610,3
20171012,190000,70527,70541,70527,70541,3
20171012,193000,70607,70607,70607,70607,1
20171012,200000,70642,70642,70583,70583,4
20171012,233000,70572,70572,70568,70568,2
20171013,103000,70325,70380,70325,70380,4
20171013,120000,70400,70450,70400,70450,2
20171013,143000,70401,70401,70401,70401,1
20171013,150000,70360,70360,70360,70360,1
20171013,153000,70408,70408,70290,70300,87
20171013,160000,70200,70200,70200,70200,6
20171013,163000,70180,70180,70126,70126,4
20171013,170000,70101,70101,70030,70030,2
20171013,173000,70040,70040,70040,70040,2
20171013,180000,69875,69885,69875,69885,2
20171013,183000,69940,69940,69940,69940,1
20171013,190000,69898,69898,69845,69845,14
20171013,193000,69830,69830,69830,69830,2
20171013,200000,69890,69890,69890,69890,1
20171013,210000,69830,69830,69830,69830,1
20171013,230000,69830,69830,69830,69830,1
20171016,100000,69785,69785,69382,69550,21
20171016,103000,69593,69628,69593,69628,3
20171016,110000,69585,69585,69585,69585,1
20171016,113000,69572,69650,69572,69650,3
20171016,120000,69677,69750,69637,69750,9
20171016,123000,69785,69785,69667,69667,3
20171016,130000,69723,69765,69723,69765,3
20171016,133000,69800,69810,69800,69810,50
20171016,143000,69747,69747,69739,69739,2
20171016,150000,69710,69710,69710,69710,1
20171016,153000,69650,69650,69650,69650,2
20171016,163000,69780,69800,69780,69800,5
20171016,170000,69800,69800,69800,69800,12
20171016,180000,69830,69830,69830,69830,1
20171016,190000,69900,69900,69900,69900,1
20171016,210000,69860,69860,69860,69860,1
20171016,220000,69800,69800,69800,69800,1
20171017,100000,69715,69715,69680,69680,4
20171017,103000,69620,69620,69580,69580,2
20171017,110000,69635,69635,69635,69635,1
20171017,113000,69611,69736,69611,69650,9
20171017,120000,69670,69670,69637,69637,6
20171017,123000,69600,69600,69600,69600,1
20171017,130000,69649,69649,69620,69620,20
20171017,160000,69632,69632,69615,69615,300
20171017,170000,69700,69700,69620,69620,3
20171017,173000,69600,69700,69600,69700,7
20171017,180000,69720,69777,69720,69769,6
20171017,190000,69820,69840,69780,69780,3
20171017,193000,69750,69750,69750,69750,1
20171017,200000,69680,69680,69680,69680,1
20171017,210000,69707,69757,69707,69757,3
20171017,213000,69717,69717,69701,69701,2
20171017,220000,69650,69650,69650,69650,1
20171017,223000,69663,69663,69663,69663,4
20171017,230000,69630,69630,69600,69600,6
20171018,113000,69520,69520,69495,69495,8
20171018,130000,69580,69580,69530,69530,2
20171018,143000,69510,69510,69510,69510,1
20171018,150000,69600,69680,69600,69680,4
20171018,153000,69700,69720,69700,69720,2
20171018,173000,69670,69760,69670,69720,12
20171018,180000,69760,69845,69760,69845,4
20171018,190000,69870,69935,69870,69935,7
20171018,213000,69965,69965,69965,69965,1
20171019,100000,69994,70150,69980,70125,11
20171019,120000,70160,70175,70106,70106,4
20171019,123000,70060,70135,70047,70135,10
20171019,130000,70170,70235,70170,70235,4
20171019,133000,70200,70250,70200,70250,2
20171019,140000,70265,70325,70265,70325,4
20171019,143000,70265,70265,70265,70265,1
20171019,150000,70320,70355,70320,70355,4
20171019,160000,70280,70280,70280,70280,1
20171019,163000,70280,70280,70280,70280,2
20171019,173000,70200,70200,70100,70164,5
20171019,180000,70050,70050,70050,70050,1
20171020,100000,70000,70050,69970,70050,8
20171020,103000,70000,70012,69981,69981,13
20171020,110000,70020,70066,70020,70066,3
20171020,113000,70150,70150,70150,70150,1
20171020,120000,70090,70090,70074,70074,4
20171020,130000,70110,70110,70110,70110,1
20171020,143000,70000,70000,70000,70000,2
20171020,150000,70014,70014,70014,70014,1
20171020,160000,70045,70045,70015,70015,2
20171020,170000,69930,69940,69875,69875,5
20171020,180000,69900,69900,69830,69830,7
20171020,183000,69803,69803,69803,69803,1
20171020,190000,69920,69920,69920,69920,1
20171020,193000,69890,69890,69890,69890,1
20171020,210000,69857,69857,69835,69835,3
20171020,220000,69826,69826,69826,69826,1
20171020,230000,69790,69790,69790,69790,1
20171023,100000,69830,69830,69663,69663,7
20171023,103000,69700,69700,69613,69613,14
20171023,110000,69595,69595,69555,69555,2
20171023,170000,69600,69600,69600,69600,5
20171023,173000,69550,69550,69550,69550,2
20171024,100000,69700,69713,69700,69713,7
20171024,103000,69800,69870,69800,69830,6
20171024,110000,69900,69900,69780,69780,8
20171024,133000,69597,69597,69597,69597,1
20171024,140000,69588,69588,69588,69588,1
20171024,173000,69900,69965,69850,69850,14
20171024,183000,69851,69851,69851,69851,1
20171024,190000,69900,69900,69900,69900,1
20171024,213000,69920,69950,69920,69950,2
20171024,220000,69950,69950,69900,69900,5
20171025,100000,69850,69900,69850,69900,2
20171025,103000,69830,69830,69830,69830,1
20171025,110000,69800,69800,69800,69800,1
20171025,133000,69796,69796,69796,69796,1
20171025,140000,69835,69835,69835,69835,1
20171025,150000,69900,69900,69900,69900,1
20171025,153000,69950,70025,69950,70025,3
20171025,170000,70027,70065,70027,70028,9
20171025,173000,70022,70143,70022,70143,6
20171025,180000,70155,70199,70155,70185,33
20171025,183000,70227,70227,70227,70227,1
20171025,190000,70255,70283,70255,70283,2
20171025,203000,70290,70320,70290,70320,10
20171025,230000,70222,70222,70222,70222,1
20171025,233000,70250,70250,70250,70250,1
20171026,100000,70310,70451,70310,70330,12
20171026,110000,70270,70270,70220,70220,2
20171026,120000,70215,70215,70143,70143,10
20171026,123000,70130,70130,70103,70103,2
20171026,140000,70199,70199,70199,70199,1
20171026,143000,70150,70150,69900,69900,16
20171026,150000,69877,69877,69750,69862,9
20171026,153000,69755,69755,69724,69724,3
20171026,160000,69724,69724,69625,69625,9
20171026,163000,69587,69587,69549,69549,5
20171026,170000,69569,69600,69569,69600,2
20171026,173000,69564,69564,69511,69511,11
20171026,180000,69521,69547,69501,69501,8
20171026,193000,69550,69600,69524,69600,5
20171026,200000,69520,69520,69520,69520,5
20171026,210000,69540,69540,69540,69540,1
20171026,220000,69500,69500,69463,69463,7
20171026,223000,69435,69435,69435,69435,1
20171027,100000,69397,69600,69321,69600,6
20171027,110000,69630,69683,69575,69683,4
20171027,113000,69600,69600,69580,69580,55
20171027,133000,69500,69820,69450,69820,312
20171027,140000,69790,69855,69730,69855,21
20171027,143000,69796,69796,69796,69796,3
20171027,150000,69859,70150,69859,70150,25
20171027,160000,69920,69920,69890,69890,10
20171027,163000,69807,69807,69807,69807,1
20171027,170000,69750,69750,69600,69600,23
20171027,173000,69570,69570,69401,69407,12
20171027,180000,69407,69410,69327,69410,21
20171027,183000,69440,69440,69440,69440,1
20171027,190000,69480,69524,69459,69459,4
20171027,193000,69449,69449,69449,69449,1
20171027,203000,69430,69430,69430,69430,1
20171030,100000,69333,69333,69311,69311,7
20171030,103000,69275,69275,69059,69059,8
20171030,110000,69164,69164,69164,69164,1
20171030,113000,69196,69196,69196,69196,1
20171030,120000,69250,69250,69250,69250,1
20171030,123000,69230,69230,69210,69210,6
20171030,133000,69251,69251,69251,69251,2
20171030,140000,69144,69144,69110,69110,3
20171030,153000,69100,69100,69100,69100,1
20171030,160000,69070,69070,69070,69070,1
20171030,163000,69127,69127,69127,69127,2
20171030,173000,69250,69250,69250,69250,1
20171030,180000,69300,69300,69300,69300,1
20171030,200000,69353,69353,69353,69353,2
20171030,203000,69345,69345,69345,69345,2
20171030,220000,69392,69392,69392,69392,1
20171030,223000,69450,69500,69450,69500,3
20171031,100000,69450,69639,69450,69639,6
20171031,103000,69650,69667,69650,69667,2
20171031,110000,69647,69695,69596,69630,103
20171031,120000,69670,69692,69670,69692,3
20171031,123000,69630,69630,69596,69596,2
20171031,130000,69692,69835,69692,69835,10
20171031,133000,69863,69919,69863,69919,5
20171031,140000,69935,69975,69935,69975,3
20171031,143000,69831,69831,69760,69760,2
20171031,153000,69856,69856,69826,69826,27
20171031,160000,69900,69935,69842,69842,4
20171031,163000,69900,69900,69881,69881,2
20171031,170000,69935,70020,69935,70020,6
20171031,173000,70031,70155,70031,70155,7
20171031,180000,70111,70111,70096,70096,2
20171031,183000,70144,70155,70144,70155,2
20171031,193000,69980,69980,69980,69980,1
20171031,200000,69950,69950,69860,69895,19
20171031,220000,69985,69990,69985,69990,2
20171031,223000,70071,70071,70070,70070,2
20171031,233000,70027,70027,69990,69990,2
20171101,100000,69695,69695,69625,69625,7
20171101,103000,69600,69600,69585,69585,2
20171101,113000,69678,69678,69678,69678,2
20171101,120000,69755,69850,69755,69850,3
20171101,123000,69600,69600,69600,69600,1
20171101,130000,69708,69708,69645,69659,8
20171101,133000,69585,69585,69555,69555,2
20171101,140000,69632,69632,69593,69593,18
20171101,143000,69580,69580,69570,69570,17
20171101,150000,69616,69616,69570,69570,5
20171101,153000,69565,69565,69535,69535,3
20171101,160000,69525,69525,69450,69477,15
20171101,163000,69454,69482,69430,69482,3
20171101,170000,69470,69550,69448,69550,19
20171101,173000,69600,69697,69600,69697,3
20171101,183000,69698,69698,69698,69698,9
20171101,190000,69600,69600,69550,69550,2
20171101,203000,69730,69735,69730,69735,2
20171101,210000,69690,69770,69639,69760,6
20171101,220000,69820,69820,69820,69820,1
20171101,223000,69750,69750,69750,69750,1
20171101,233000,69710,69710,69710,69710,1
20171102,100000,69615,69615,69558,69558,5
20171102,103000,69510,69582,69510,69578,13
20171102,113000,69532,69532,69522,69522,11
20171102,133000,69700,69700,69700,69700,1
20171102,140000,69750,69810,69750,69810,3
20171102,150000,69880,69883,69880,69883,2
20171102,153000,69950,69965,69950,69965,2
20171102,160000,69929,69929,69929,69929,2
20171102,170000,70000,70030,70000,70013,14
20171102,173000,69870,69870,69870,69870,1
20171102,180000,69970,70050,69970,70050,6
20171102,190000,69978,69978,69978,69978,1
20171102,193000,69950,69950,69950,69950,1
20171102,203000,69900,69900,69869,69896,3
20171102,210000,69859,69859,69859,69859,1
20171102,220000,69809,69809,69809,69809,1
20171102,230000,69750,69750,69750,69750,1
20171102,233000,69764,69764,69764,69764,1
20171103,100000,69776,70000,69776,69993,16
20171103,103000,70050,70150,70050,70085,36
20171103,110000,70050,70050,70050,70050,1
20171103,113000,69930,69930,69890,69890,2
20171103,123000,70051,70075,70051,70075,3
20171103,130000,70098,70098,70098,70098,2
20171103,133000,70151,70250,70151,70198,14
20171103,140000,70213,70350,70213,70298,16
20171103,150000,70143,70155,70143,70155,2
20171103,153000,70300,70399,70112,70330,489
20171103,160000,70330,70330,70330,70330,1
20171103,163000,70263,70263,70263,70263,10
20171103,170000,70293,70415,70293,70415,16
20171103,173000,70441,70727,70441,70600,180
20171103,180000,70550,70550,70550,70550,1
20171103,190000,70615,70615,70615,70615,10
20171103,193000,70550,70550,70500,70500,2
20171103,203000,70500,70500,70500,70500,1
20171103,210000,70450,70450,70400,70400,2
20171103,213000,70350,70350,70333,70333,3
20171103,220000,70388,70388,70388,70388,1
20171103,223000,70443,70443,70442,70442,4
20171103,230000,70443,70443,70443,70443,7
20171107,100000,69795,69795,69539,69570,24
20171107,103000,69630,69635,69630,69635,2
20171107,123000,69827,69860,69827,69860,3
20171107,130000,69846,69846,69846,69846,9
20171107,133000,69797,69797,69797,69797,10
20171107,143000,70000,70100,70000,70100,73
20171107,150000,70059,70059,70059,70059,10
20171107,153000,70024,70024,70024,70024,1
20171107,160000,70010,70010,69930,69961,4
20171107,173000,70030,70200,70030,70200,8
20171107,180000,70235,70451,70235,70285,485
20171107,183000,70389,70412,70389,70412,11
20171107,190000,70420,70619,70420,70619,29
20171107,193000,70600,70602,70600,70602,51
20171107,200000,70647,70650,70633,70633,3
20171107,210000,70618,70618,70618,70618,88
20171107,223000,70670,70670,70670,70670,1
20171108,100000,70675,70783,70675,70783,7
20171108,123000,70550,70650,70530,70600,4
20171108,130000,70650,70670,70650,70670,2
20171108,140000,70770,70935,70770,70935,46
20171108,143000,70961,70961,70961,70961,1
20171108,150000,70800,70800,70800,70800,1
20171108,153000,70740,70740,70700,70700,2
20171108,160000,70640,70640,70590,70590,2
20171108,163000,70520,70520,70500,70500,2
20171108,170000,70465,70465,70460,70460,2
20171108,173000,70705,70705,70705,70705,1
20171108,180000,70605,70605,70570,70570,3
20171108,190000,70403,70403,70371,70381,3
20171108,193000,70440,70440,70440,70440,1
20171108,200000,70350,70350,70339,70339,2
20171108,203000,70510,70550,70510,70550,2
20171109,100000,70692,70692,70550,70550,5
20171109,110000,70680,70680,70680,70680,1
20171109,120000,70606,70606,70606,70606,1
20171109,123000,70634,70634,70634,70634,2
20171109,130000,70700,70750,70700,70750,7
20171109,150000,70690,70750,70690,70750,2
20171109,153000,70800,70885,70800,70885,4
20171109,160000,70890,70912,70890,70912,4
20171109,163000,70800,70800,70740,70740,4
20171109,170000,70690,70690,70620,70620,2
20171109,190000,70750,70750,70750,70750,1
20171109,193000,70800,70900,70800,70900,5
20171109,200000,70950,71013,70950,71013,7
20171109,203000,71000,71010,71000,71010,2
20171109,210000,70959,70959,70959,70959,10
20171109,213000,70959,70959,70959,70959,4
20171109,220000,70920,70920,70920,70920,1
20171109,230000,70936,70936,70936,70936,1
20171109,233000,70870,70870,70870,70870,1
20171110,100000,70807,70807,70807,70807,1
20171110,110000,70800,70800,70650,70650,13
20171110,120000,70735,70735,70735,70735,6
20171110,123000,70765,70808,70751,70808,21
20171110,130000,70845,70846,70845,70846,30
20171110,150000,70849,70849,70849,70849,1
20171110,153000,70801,70801,70801,70801,1
20171110,160000,70836,70842,70836,70842,30
20171110,163000,70790,70790,70790,70790,10
20171110,170000,70863,70872,70822,70845,110
20171110,173000,70710,70710,70710,70710,1
20171110,190000,70715,70805,70715,70739,5
20171110,200000,70796,70796,70796,70796,10
20171110,210000,70835,70835,70835,70835,1
20171110,220000,70805,70805,70805,70805,1
20171110,230000,70855,70855,70855,70855,1
20171113,100000,70720,70720,70620,70620,6
20171113,110000,70720,70753,70720,70753,151
20171113,113000,70804,70854,70804,70854,2
20171113,120000,70893,71169,70893,71169,363
20171113,123000,71105,71130,70978,70978,69
20171113,143000,71070,71070,70956,70956,2
20171113,150000,70906,70990,70906,70990,51
20171113,153000,71027,71205,71027,71183,40
20171113,160000,71152,71247,71130,71162,91
20171113,163000,71162,71162,71162,71162,1
20171113,170000,71215,71215,71215,71215,150
20171113,173000,71200,71200,71175,71175,2
20171113,180000,71090,71090,71077,71077,12
20171113,190000,71091,71091,71091,71091,1
20171113,200000,71112,71112,71112,71112,1
20171113,203000,71099,71099,71099,71099,20
20171113,230000,71085,71085,71053,71053,2
20171114,100000,71206,71299,71206,71299,54
20171114,103000,71325,71377,71325,71350,18
20171114,110000,71403,71750,71403,71750,536
20171114,113000,71642,71730,71642,71730,66
20171114,130000,71570,71720,71570,71720,14
20171114,133000,71692,71692,71692,71692,1
20171114,140000,71700,71700,71700,71700,1
20171114,143000,71734,71845,71734,71836,57
20171114,150000,71850,71897,71791,71897,192
20171114,153000,71923,72063,71922,72041,140
20171114,160000,71983,71997,71983,71997,5
20171114,163000,71947,71997,71947,71997,118
20171114,173000,72030,72287,72024,72287,44
20171114,180000,72313,72391,72313,72352,26
20171114,183000,72354,72362,72300,72300,3
20171114,190000,72417,72584,72417,72584,311
20171114,193000,72514,72520,72481,72481,33
20171114,200000,72550,72625,72550,72625,155
20171114,203000,72651,72677,72651,72677,34
20171114,210000,72703,72781,72703,72781,202
20171114,213000,72770,72770,72770,72770,63
20171114,220000,72770,72790,72730,72790,104
20171114,223000,72780,72786,72766,72786,33
20171114,230000,72786,72786,72786,72786,18
20171114,233000,72800,72810,72779,72810,4
20171115,100000,72833,73045,72833,73005,192
20171115,103000,73005,73005,72913,72959,1899
20171115,110000,72914,72937,72869,72937,502
20171115,113000,72970,73171,72970,73171,1497
20171115,120000,73190,73274,73181,73250,5591
20171115,123000,73190,73190,73140,73140,21
20171115,130000,73190,73190,73190,73190,1
20171115,133000,73250,73250,73250,73250,1
20171115,140000,73275,73394,73275,73319,375
20171115,143000,73260,73260,73188,73240,65
20171115,150000,73260,73325,73260,73285,8
20171115,153000,73283,73283,73140,73140,49
20171115,160000,73110,73133,73070,73070,5
20171115,163000,73127,73127,73004,73070,8
20171115,170000,73095,73095,72865,72865,11
20171115,173000,72930,73000,72930,72940,7
20171115,180000,72850,72872,72850,72872,11
20171115,183000,72930,72950,72930,72950,2
20171115,190000,72837,72837,72690,72700,47
20171115,193000,72673,72725,72663,72715,52
20171115,200000,72700,72700,72700,72700,2
20171115,210000,72750,72750,72750,72750,1
20171115,220000,72770,72800,72770,72800,4
20171115,223000,72790,72790,72790,72790,2
20171115,230000,72808,72808,72792,72792,2
20171116,100000,72770,72770,72448,72515,290
20171116,103000,72550,72550,72403,72458,240
20171116,110000,72475,72475,72375,72375,15
20171116,113000,72350,72400,72350,72400,13
20171116,120000,72340,72340,72250,72250,25
20171116,123000,72250,72299,72192,72280,126
20171116,130000,72280,72295,72210,72295,22
20171116,133000,72330,72352,72330,72352,45
20171116,140000,72355,72465,72343,72377,682
20171116,143000,72361,72370,72290,72290,33
20171116,150000,72400,72400,72355,72355,4
20171116,153000,72343,72343,72331,72340,70
20171116,160000,72310,72310,72250,72300,45
20171116,163000,72286,72286,72157,72180,239
20171116,170000,72195,72195,72140,72140,8
20171116,173000,72250,72250,72201,72206,23
20171116,180000,72131,72131,72117,72117,3
20171116,183000,72110,72110,72020,72020,8
20171116,190000,71990,71990,71950,71960,7
20171116,193000,72019,72048,72019,72048,4
20171116,200000,71990,71990,71990,71990,1
20171116,203000,71990,71990,71990,71990,1
20171116,213000,71950,71950,71950,71950,1
20171116,220000,71950,71950,71912,71935,5
20171116,223000,71965,71965,71965,71965,1
20171116,230000,71980,71985,71955,71955,7
20171116,233000,71995,71995,71995,71995,1
20171117,100000,72025,72175,72025,72086,19
20171117,103000,72160,72160,72160,72160,10
20171117,113000,72129,72129,72129,72129,10
20171117,120000,72095,72095,72080,72080,7
20171117,130000,72096,72111,72096,72111,111
20171117,143000,72000,72000,71803,71803,26
20171117,150000,71775,71785,71749,71785,12
20171117,153000,71773,71800,71773,71800,21
20171117,163000,71850,71875,71816,71818,5
20171117,173000,71750,71795,71585,71585,190
20171117,180000,71610,71689,71610,71682,51
20171117,193000,71600,71600,71580,71580,6
20171117,200000,71547,71547,71547,71547,1
20171117,203000,71509,71509,71433,71468,55
20171117,210000,71480,71480,71421,71421,31
20171117,213000,71395,71395,71395,71395,1
20171117,230000,71485,71487,71485,71487,35
20171117,233000,71493,71493,71488,71488,7
20171120,100000,71357,71373,71243,71373,85
20171120,103000,71488,71488,71480,71480,10
20171120,110000,71500,71560,71500,71560,4
20171120,113000,71575,71605,71520,71526,18
20171120,120000,71610,71610,71605,71605,6
20171120,123000,71630,71630,71550,71550,3
20171120,130000,71610,71610,71550,71550,2
20171120,133000,71610,71661,71610,71661,7
20171120,140000,71689,71717,71688,71688,5
20171120,143000,71660,71660,71600,71600,12
20171120,150000,71700,71773,71700,71773,6
20171120,153000,71800,71913,71800,71837,15
20171120,160000,71850,71850,71850,71850,3
20171120,163000,71770,71770,71680,71700,9
20171120,170000,71760,71760,71760,71760,3
20171120,173000,71720,71720,71660,71660,4
20171120,183000,71636,71636,71527,71527,21
20171120,190000,71448,71468,71448,71468,11
20171120,193000,71440,71440,71420,71420,2
20171120,213000,71400,71400,71380,71380,2
20171120,223000,71350,71350,71350,71350,10
20171121,100000,71501,71539,71501,71539,30
20171121,103000,71550,71550,71550,71550,1
20171121,110000,71569,71570,71569,71570,18
20171121,113000,71580,71580,71450,71466,19
20171121,123000,71300,71330,71250,71330,13
20171121,130000,71360,71480,71360,71480,5
20171121,140000,71420,71420,71370,71400,14
20171121,150000,71350,71350,71350,71350,1
20171121,153000,71370,71370,71370,71370,1
20171121,160000,71330,71330,71290,71290,3
20171121,163000,71330,71330,71270,71270,6
20171121,173000,71239,71310,71167,71167,5
20171121,180000,71131,71183,71095,71183,11
20171121,190000,71113,71113,71113,71113,1
20171121,193000,71190,71190,71190,71190,2
20171121,200000,71155,71155,71155,71155,1
20171122,100000,71153,71153,71153,71153,1
20171122,103000,71150,71150,71150,71150,1
20171122,110000,71130,71130,70900,70984,117
20171122,113000,71031,71031,70950,70950,2
20171122,123000,71031,71031,71031,71031,1
20171122,130000,70975,70975,70950,70950,11
20171122,133000,70900,70900,70843,70843,4
20171122,140000,70813,70813,70750,70750,10
20171122,143000,70790,70820,70735,70735,7
20171122,150000,70820,70820,70820,70820,1
20171122,153000,70750,70750,70673,70673,6
20171122,160000,70663,70663,70606,70647,20
20171122,163000,70680,70750,70680,70750,2
20171122,170000,70790,70790,70790,70790,1
20171122,173000,70793,70793,70793,70793,10
20171122,180000,70820,70920,70809,70920,8
20171122,183000,70935,70965,70935,70965,5
20171122,190000,70809,70809,70809,70809,10
20171122,193000,70780,70780,70740,70740,16
20171122,200000,70720,70720,70700,70700,2
20171122,210000,70800,70800,70800,70800,3
20171122,220000,70830,70830,70760,70760,3
20171122,230000,70770,70770,70770,70770,1
20171123,100000,70804,70920,70804,70920,5
20171123,103000,70850,70850,70730,70730,7
20171123,110000,70850,70900,70810,70810,8
20171123,120000,70790,70820,70770,70770,3
20171123,123000,70750,70820,70747,70820,32
20171123,130000,70793,70793,70774,70774,1006
20171123,133000,70820,70825,70740,70756,1125
20171123,143000,70870,70870,70870,70870,3
20171123,150000,70900,70900,70900,70900,3
20171123,160000,70850,70850,70850,70850,1
20171123,163000,70890,70890,70876,70876,12
20171123,170000,70900,70940,70900,70940,14
20171123,173000,70920,70943,70920,70943,18
20171123,180000,70910,70910,70850,70850,54
20171123,210000,70900,70910,70900,70910,6
20171123,213000,70930,70930,70930,70930,1
20171123,220000,70950,70950,70950,70950,3
20171123,223000,70959,70959,70959,70959,6
20171123,230000,70980,71001,70980,70993,38
20171123,233000,70996,70996,70971,70971,30
20171124,100000,71025,71055,70950,71006,45
20171124,103000,70985,70990,70960,70990,45
20171124,110000,70979,70979,70860,70891,83
20171124,113000,70852,70860,70830,70860,41
20171124,120000,70931,70997,70931,70950,8
20171124,123000,70930,70997,70910,70997,14
20171124,130000,71015,71020,71015,71020,2
20171124,133000,71005,71030,71005,71028,12
20171124,140000,71006,71012,70970,70970,85
20171124,143000,70950,70950,70910,70910,63
20171124,150000,70880,70940,70840,70940,56
20171124,153000,70939,71030,70939,71030,59
20171124,160000,71030,71139,71030,71139,586
20171124,163000,71143,71175,71140,71140,16
20171124,170000,71125,71250,71115,71250,10
20171124,173000,71260,71282,71260,71282,3
20171124,180000,71295,71355,71295,71355,5
20171124,183000,71320,71320,71320,71320,1
20171124,190000,71250,71250,71240,71240,2
20171124,193000,71230,71230,71190,71190,5
20171124,200000,71175,71175,71174,71174,10
20171124,203000,71170,71170,71150,71150,2
20171124,233000,71250,71250,71250,71250,1
20171127,100000,71150,71150,71100,71100,3
20171127,103000,71080,71080,71020,71020,3
20171127,110000,71100,71200,71100,71200,9
20171127,113000,71240,71240,71060,71060,9
20171127,120000,71040,71040,70990,70990,5
20171127,123000,71012,71012,71012,71012,10
20171127,130000,71025,71025,70960,70960,22
20171127,133000,70940,70949,70900,70949,4
20171127,140000,70954,71000,70950,71000,73
20171127,143000,71030,71050,71015,71015,6
20171127,150000,71005,71080,71005,71080,5
20171127,153000,71050,71119,71050,71119,7
20171127,160000,71100,71100,71100,71100,3
20171127,163000,71140,71200,71140,71200,12
20171127,180000,71142,71142,71080,71080,16
20171127,183000,71075,71097,71070,71092,5
20171127,190000,71050,71130,71040,71130,7
20171127,200000,71185,71185,71171,71171,6
20171127,203000,71230,71230,71230,71230,5
20171127,210000,71253,71253,71209,71209,3
20171127,213000,71200,71200,71170,71170,4
20171127,230000,71200,71200,71200,71200,1
20171127,233000,71210,71210,71210,71210,1
20171128,100000,71250,71294,71070,71085,12
20171128,103000,71080,71105,71014,71014,12
20171128,110000,71000,71000,70998,70998,2
20171128,113000,71044,71071,71020,71020,70
20171128,120000,71068,71068,71044,71044,25
20171128,123000,71120,71120,71030,71035,15
20171128,130000,70955,70977,70940,70963,67
20171128,133000,70906,70906,70873,70873,22
20171128,140000,70936,70936,70936,70936,1
20171128,143000,70911,70924,70889,70924,42
20171128,153000,70900,70900,70900,70900,55
20171128,160000,70874,70874,70852,70852,25
20171128,163000,70881,70881,70881,70881,5
20171128,173000,70988,70988,70988,70988,124
20171128,180000,70963,70963,70937,70937,15
20171128,183000,70974,70974,70974,70974,1
20171128,193000,70959,70959,70959,70959,1
20171128,213000,70831,70831,70830,70830,12
20171128,220000,70800,70800,70793,70793,2
20171128,223000,70760,70760,70700,70700,29
20171128,230000,70730,70760,70723,70760,4
20171128,233000,70770,70779,70740,70740,51
20171129,100000,70844,70844,70755,70755,89
20171129,103000,70757,70757,70743,70743,6
20171129,110000,70801,70801,70800,70800,18
20171129,113000,70775,70775,70765,70765,6
20171129,120000,70859,70859,70842,70842,4
20171129,123000,70763,70767,70710,70753,19
20171129,130000,70757,70757,70740,70740,4
20171129,133000,70707,70707,70700,70700,52
20171129,140000,70671,70671,70567,70654,44
20171129,150000,70650,70650,70642,70642,23
20171129,153000,70640,70640,70600,70630,59
20171129,160000,70640,70670,70640,70670,4
20171129,163000,70680,70730,70680,70730,7
20171129,180000,70675,70921,70653,70921,26
20171129,183000,70861,70861,70822,70857,51
20171129,190000,70980,71043,70980,71043,11
20171129,193000,71059,71059,71059,71059,6
20171129,200000,71071,71127,71071,71127,4
20171129,203000,71150,71157,71132,71147,49
20171129,210000,71070,71070,71026,71026,46
20171129,220000,71093,71093,71093,71093,1
20171130,100000,71012,71021,71012,71021,2
20171130,103000,71060,71070,70965,71070,5
20171130,110000,71145,71157,71145,71157,2
20171130,113000,71101,71101,70990,70990,3
20171130,120000,70950,70950,70830,70870,30
20171130,123000,70902,70960,70902,70960,5
20171130,130000,70880,70880,70800,70853,8
20171130,133000,70790,70791,70700,70720,57
20171130,140000,70696,70749,70696,70749,24
20171130,143000,70758,70773,70705,70705,22
20171130,150000,70788,70860,70788,70800,13
20171130,153000,70800,70800,70690,70710,11
20171130,160000,70680,70790,70670,70790,6
20171130,163000,70810,70870,70795,70870,7
20171130,170000,70890,71000,70890,71000,6
20171130,173000,71030,71070,71030,71066,23
20171130,180000,71093,71200,71093,71195,25
20171130,183000,71210,71280,71210,71280,57
20171130,190000,71193,71200,71151,71163,24
20171130,193000,71148,71148,71078,71105,16
20171130,200000,71043,71043,70972,70972,16
20171130,203000,70950,70950,70930,70930,10
20171130,210000,71035,71093,71035,71093,4
20171130,213000,71086,71086,71086,71086,1
20171130,223000,71028,71028,71028,71028,1
20171130,233000,71057,71057,71057,71057,1
20171201,100000,71179,71220,71179,71185,10
20171201,103000,71170,71250,71170,71250,19
20171201,110000,71250,71300,71250,71300,66
20171201,113000,71300,71358,71300,71345,95
20171201,120000,71311,71364,71297,71360,43
20171201,123000,71370,71370,71300,71301,13
20171201,130000,71270,71270,71250,71250,2
20171201,133000,71281,71281,71201,71259,13
20171201,140000,71349,71393,71327,71327,144
20171201,143000,71277,71290,71277,71290,5
20171201,150000,71263,71263,71231,71231,9
20171201,153000,71211,71268,71200,71200,10
20171201,160000,71184,71193,71125,71125,8
20171201,163000,71096,71111,71013,71013,116
20171201,170000,71000,71000,70950,70950,9
20171201,173000,70950,70974,70948,70970,21
20171201,180000,70944,70944,70928,70928,3
20171201,183000,70900,70970,70900,70970,8
20171201,190000,70994,72001,70994,71885,107
20171201,193000,71930,71962,71700,71742,165
20171201,200000,71701,71773,71701,71773,64
20171201,203000,71831,71831,71751,71751,11
20171201,210000,71650,71650,71560,71571,24
20171201,213000,71500,71550,71480,71550,6
20171201,220000,71544,71544,71544,71544,1
20171201,223000,71473,71502,71471,71502,3
20171201,230000,71535,71535,71535,71535,1
20171201,233000,71541,71541,71520,71520,34
20171204,100000,71430,71430,71330,71400,12
20171204,103000,71409,71409,71350,71384,26
20171204,110000,71415,71415,71351,71351,3
20171204,113000,71300,71350,71285,71350,17
20171204,120000,71300,71300,71257,71257,4
20171204,123000,71350,71400,71343,71400,8
20171204,130000,71300,71350,71300,71350,3
20171204,133000,71301,71301,71300,71300,2
20171204,143000,71319,71366,71280,71310,41
20171204,150000,71264,71280,71264,71280,5
20171204,153000,71251,71251,71228,71228,12
20171204,160000,71232,71250,71191,71250,23
20171204,163000,71200,71200,71150,71150,10
20171204,170000,71220,71240,71208,71208,5
20171204,173000,71170,71209,71170,71209,3
20171204,180000,71230,71230,71119,71119,4
20171204,190000,71241,71270,71241,71270,4
20171204,193000,71280,71280,71280,71280,4
20171204,200000,71200,71200,71183,71183,3
20171204,203000,71123,71123,71047,71047,8
20171204,210000,71109,71112,70997,71043,31
20171204,213000,71065,71065,71064,71064,20
20171204,220000,71070,71109,71070,71109,8
20171204,223000,71133,71183,71133,71183,2
20171205,100000,71117,71117,71117,71117,1
20171205,103000,71080,71080,71053,71053,3
20171205,110000,71020,71020,70973,70973,55
20171205,113000,71010,71010,70941,70950,26
20171205,123000,70980,70980,70980,70980,1
20171205,130000,70972,70972,70972,70972,2
20171205,133000,71034,71034,71034,71034,1
20171205,140000,71002,71034,71002,71032,4
20171205,143000,71080,71080,71080,71080,1
20171205,150000,71097,71139,71097,71139,13
20171205,160000,71000,71000,71000,71000,23
20171205,170000,70950,70950,70873,70873,13
20171205,173000,70950,71000,70930,71000,6
20171205,180000,71020,71020,71020,71020,2
20171205,183000,70950,70950,70930,70930,4
20171205,190000,70890,70890,70850,70850,13
20171205,193000,70839,70870,70800,70870,33
20171205,200000,70905,70905,70820,70820,3
20171205,203000,70800,70800,70790,70790,9
20171205,210000,70773,70775,70773,70775,17
20171205,213000,70775,70780,70737,70780,16
20171205,220000,70800,70830,70800,70830,4
20171205,223000,70791,70860,70791,70860,3
20171205,230000,70900,70900,70900,70900,6
20171205,233000,70900,70900,70900,70900,41
20171206,100000,70985,71135,70968,71135,52
20171206,103000,71180,71180,71113,71113,5
20171206,110000,71194,71250,71135,71135,31
20171206,113000,71105,71115,71105,71107,5
20171206,120000,71140,71200,71140,71184,6
20171206,123000,71218,71250,71218,71233,5
20171206,130000,71270,71300,71270,71300,4
20171206,133000,71325,71377,71315,71350,116
20171206,140000,71339,71339,71332,71332,2
20171206,143000,71278,71278,71250,71250,2
20171206,150000,71290,71290,71215,71223,9
20171206,153000,71202,71240,71181,71240,62
20171206,160000,71218,71272,71218,71272,5
20171206,163000,71272,71333,71272,71290,124
20171206,170000,71294,71346,71273,71273,233
20171206,173000,71220,71220,71181,71181,2
20171206,180000,71165,71165,71115,71160,13
20171206,183000,71170,71200,71170,71200,4
20171206,190000,71220,71240,71220,71240,2
20171206,193000,71224,71250,71224,71250,2
20171206,200000,71238,71238,71210,71210,3
20171206,220000,71279,71292,71278,71292,7
20171206,223000,71280,71280,71275,71275,2
20171206,230000,71289,71289,71289,71289,1
20171206,233000,71300,71300,71300,71300,20
20171207,100000,71350,71411,71350,71358,125
20171207,103000,71365,71414,71356,71414,31
20171207,110000,71409,71409,71210,71210,39
20171207,123000,71295,71338,71220,71220,173
20171207,130000,71210,71210,71150,71195,67
20171207,133000,71170,71210,71158,71209,206
20171207,140000,71151,71240,71151,71240,8
20171207,143000,71250,71289,71250,71289,55
20171207,153000,71165,71210,71137,71210,51
20171207,160000,71230,71250,71230,71250,2
20171207,163000,71260,71330,71260,71330,5
20171207,170000,71315,71393,71306,71393,16
20171207,173000,71395,71400,71317,71317,6
20171207,180000,71298,71298,71200,71250,14
20171207,183000,71215,71215,71208,71208,2
20171207,190000,71175,71195,71173,71195,4
20171207,210000,71230,71260,71219,71260,4
20171207,213000,71177,71177,71177,71177,1
20171207,220000,71187,71187,71177,71177,2
20171207,223000,71181,71181,71125,71125,3
20171207,230000,71117,71117,71117,71117,1
20171208,100000,71100,71318,71030,71090,230
20171208,103000,71042,71042,71005,71005,21
20171208,110000,71005,71005,71000,71000,150
20171208,113000,71098,71098,71029,71029,249
20171208,120000,71041,71041,71041,71041,1
20171208,123000,71017,71017,70983,70983,5
20171208,130000,71027,71027,71027,71027,10
20171208,133000,71014,71072,71014,71072,6
20171208,140000,71092,71093,71034,71054,15
20171208,143000,71034,71034,70993,71031,3
20171208,150000,71032,71032,70950,70950,8
20171208,153000,71020,71042,71020,71042,3
20171208,160000,70990,71040,70990,71040,2
20171208,163000,71060,71100,70903,70903,16
20171208,170000,70900,70900,70887,70887,2
20171208,173000,70920,70920,70920,70920,1
20171208,180000,70900,71040,70880,71040,16
20171208,183000,71060,71080,71060,71080,2
20171208,233000,71083,71083,71083,71083,5
20171211,100000,71070,71174,71070,71174,8
20171211,103000,71190,71263,71190,71252,93
20171211,110000,71200,71300,71200,71256,29
20171211,113000,71305,71305,71305,71305,1
20171211,120000,71249,71249,71197,71197,90
20171211,130000,71212,71212,71190,71190,1010
20171211,133000,71200,71261,71199,71261,158
20171211,140000,71240,71240,71240,71240,1
20171211,143000,71240,71240,71240,71240,93
20171211,153000,71179,71188,71118,71118,87
20171211,160000,71147,71164,71117,71121,38
20171211,163000,71120,71151,71119,71134,13
20171211,170000,71105,71166,71102,71166,62
20171211,173000,71170,71170,71170,71170,7
20171211,180000,71200,71200,71200,71200,1
20171211,183000,71175,71175,71150,71150,4
20171211,190000,71102,71102,70995,71005,217
20171211,193000,71005,71005,70900,70900,31
20171211,200000,70936,70936,70870,70874,16
20171211,203000,70914,70914,70910,70910,1159
20171211,213000,70875,70875,70875,70875,4
20171211,230000,70901,70901,70901,70901,1
20171212,100000,70813,70813,70669,70723,114
20171212,103000,70717,70717,70595,70595,67
20171212,110000,70590,70729,70590,70729,79
20171212,113000,70701,70770,70701,70735,24
20171212,120000,70749,70749,70636,70636,2789
20171212,123000,70640,70680,70640,70680,14
20171212,130000,70650,70650,70630,70630,40
20171212,133000,70620,70640,70620,70633,37
20171212,140000,70638,70667,70620,70620,116
20171212,143000,70626,70658,70613,70658,8
20171212,150000,70680,70715,70667,70676,54
20171212,153000,70620,70620,70580,70585,637
20171212,160000,70638,70670,70638,70670,4
20171212,163000,70657,70732,70600,70707,1750
20171212,170000,70740,70740,70600,70600,8
20171212,173000,70644,70768,70644,70750,225
20171212,180000,70780,70795,70769,70795,47
20171212,183000,70766,70769,70766,70769,6
20171212,190000,70820,70850,70800,70800,42
20171212,193000,70780,70830,70711,70830,21
20171212,200000,70840,70864,70790,70790,21
20171212,203000,70870,70870,70870,70870,1
20171212,213000,70890,70929,70890,70912,10
20171212,220000,70930,70930,70904,70904,6
20171212,230000,70911,70911,70904,70910,11
20171212,233000,70910,70950,70910,70950,24
20171213,100000,70964,70964,70822,70822,39
20171213,103000,70821,70821,70750,70750,210
20171213,110000,70746,70760,70723,70750,16
20171213,113000,70770,70790,70750,70750,7
20171213,120000,70740,70820,70735,70820,15
20171213,123000,70840,70860,70811,70811,105
20171213,130000,70803,70803,70780,70780,154
20171213,133000,70810,70810,70810,70810,22
20171213,140000,70750,70765,70740,70757,54
20171213,143000,70744,70744,70676,70709,133
20171213,150000,70685,70685,70630,70630,1018
20171213,153000,70625,70630,70501,70517,909
20171213,160000,70518,70518,70431,70480,64
20171213,163000,70505,70650,70497,70583,175
20171213,170000,70560,70560,70551,70551,5
20171213,173000,70580,70590,70565,70585,24
20171213,180000,70595,70620,70550,70550,162
20171213,183000,70530,70540,70505,70515,12
20171213,190000,70562,70634,70562,70634,26
20171213,193000,70545,70545,70545,70545,3
20171213,200000,70539,70590,70539,70582,15
20171213,203000,70610,70610,70535,70535,6
20171213,210000,70545,70550,70545,70550,6
20171213,213000,70558,70558,70365,70399,90
20171213,220000,70397,70560,70350,70560,87
20171213,223000,70570,70600,70535,70600,22
20171213,230000,70598,70640,70596,70630,24
20171213,233000,70630,70645,70630,70645,5
20171214,100000,70709,70790,70679,70704,88
20171214,103000,70710,70717,70689,70709,421
20171214,110000,70709,70759,70650,70680,20
20171214,113000,70690,70710,70600,70610,19
20171214,120000,70620,70630,70570,70625,88
20171214,123000,70639,70640,70533,70533,51
20171214,130000,70594,70617,70589,70617,226
20171214,133000,70618,70675,70586,70675,29
20171214,140000,70722,70724,70650,70650,78
20171214,143000,70603,70638,70546,70638,5
20171214,150000,70634,70801,70634,70791,77
20171214,153000,70801,70833,70750,70792,1014
20171214,160000,70800,70911,70790,70800,3109
20171214,163000,70801,70943,70740,70740,2186
20171214,170000,70798,70798,70710,70742,2036
20171214,173000,70732,70762,70600,70600,86
20171214,180000,70636,70757,70636,70728,25
20171214,183000,70659,70659,70555,70555,949
20171214,190000,70556,70589,70556,70589,106
20171214,193000,70564,70637,70563,70637,546
20171214,200000,70651,70679,70644,70663,9
20171214,213000,70733,70733,70727,70727,2
20171214,220000,70675,70675,70675,70675,2
20171214,230000,70608,70608,70608,70608,2
20171215,100000,70653,70719,70639,70708,82
20171215,103000,70708,70708,70708,70708,40
20171215,110000,70729,70729,70608,70633,16
20171215,113000,70621,70710,70619,70638,220
20171215,120000,70638,70666,70637,70654,14
20171215,123000,70718,70718,70700,70710,2015
20171215,130000,70710,70777,70710,70745,5232
20171215,133000,70745,70910,70724,70724,1406
20171215,140000,70724,70780,70683,70740,1985
20171215,143000,70730,70770,70720,70760,5790
20171215,150000,70770,70790,70760,70760,275
20171215,153000,70770,70788,70760,70788,1077
20171215,160000,70810,70810,70710,70710,867
20171215,163000,70695,70695,70574,70600,1334
20171215,170000,70571,70640,70571,70582,250
20171215,173000,70584,70620,70553,70620,76
20171215,180000,70599,70689,70581,70581,73
20171215,183000,70550,70555,70549,70550,19
20171215,190000,70500,70500,70362,70480,212
20171215,193000,70479,70479,70479,70479,5
20171215,200000,70538,70543,70488,70488,21
20171215,203000,70509,70530,70509,70530,6
20171215,210000,70439,70460,70430,70430,35
20171215,213000,70413,70413,70409,70409,12
20171215,220000,70405,70405,70397,70397,2
20171215,223000,70419,70440,70410,70430,54
20171215,230000,70430,70430,70420,70420,50
20171215,233000,70430,70460,70430,70430,42
20171218,100000,70401,70403,70250,70343,335
20171218,103000,70307,70390,70307,70390,74
20171218,110000,70396,70396,70340,70340,68
20171218,113000,70378,70450,70348,70450,45
20171218,120000,70456,70479,70340,70369,146
20171218,123000,70353,70379,70326,70326,286
20171218,130000,70318,70378,70311,70340,34
20171218,133000,70340,70375,70297,70375,486
20171218,140000,70356,70389,70356,70365,21
20171218,143000,70370,70405,70350,70405,34
20171218,150000,70399,70399,70355,70360,146
20171218,153000,70328,70400,70327,70396,594
20171218,160000,70410,70410,70400,70400,137
20171218,163000,70430,70440,70430,70431,8
20171218,170000,70390,70495,70390,70478,187
20171218,173000,70478,70537,70447,70534,156
20171218,180000,70534,70544,70473,70522,348
20171218,183000,70541,70593,70541,70590,25
20171218,190000,70450,70460,70402,70417,155
20171218,193000,70429,70430,70405,70410,43
20171218,200000,70430,70474,70430,70474,3
20171218,203000,70498,70500,70488,70488,27
20171218,210000,70420,70442,70420,70421,8
20171218,213000,70410,70440,70410,70438,54
20171218,220000,70448,70450,70400,70400,145
20171218,223000,70355,70355,70340,70348,13
20171218,230000,70350,70360,70349,70350,211
20171218,233000,70360,70360,70350,70350,201
20171219,100000,70425,70434,70361,70370,546
20171219,103000,70364,70436,70362,70406,361
20171219,110000,70408,70420,70344,70373,317
20171219,113000,70367,70483,70362,70403,671
20171219,120000,70414,70432,70305,70382,654
20171219,123000,70392,70415,70356,70406,64
20171219,130000,70421,70421,70381,70391,104
20171219,133000,70386,70418,70380,70414,73
20171219,140000,70400,70420,70390,70418,61
20171219,143000,70430,70444,70415,70430,307
20171219,150000,70425,70472,70411,70440,398
20171219,153000,70435,70580,70411,70562,344
20171219,160000,70561,70564,70497,70544,399
20171219,163000,70545,70574,70502,70553,647
20171219,170000,70553,70607,70529,70547,273
20171219,173000,70561,70641,70510,70618,189
20171219,180000,70643,70721,70631,70707,331
20171219,183000,70716,70765,70712,70741,563
20171219,190000,70711,70729,70631,70699,456
20171219,193000,70718,70742,70675,70675,32
20171219,200000,70715,70731,70696,70700,12
20171219,203000,70712,70737,70712,70737,62
20171219,210000,70743,70871,70734,70861,317
20171219,213000,70861,70868,70827,70827,113
20171219,220000,70832,70840,70824,70830,24
20171219,223000,70823,70856,70818,70856,51
20171219,230000,70844,70849,70808,70829,137
20171219,233000,70836,70850,70819,70838,70
20171220,100000,70803,70825,70670,70674,1135
20171220,103000,70682,70737,70682,70730,4540
20171220,110000,70729,70740,70655,70702,3149
20171220,113000,70706,70730,70671,70727,1814
20171220,120000,70719,70766,70646,70655,5779
20171220,123000,70650,70665,70580,70603,3808
20171220,130000,70600,70619,70574,70610,10713
20171220,133000,70610,70661,70593,70621,3994
20171220,140000,70632,70680,70624,70679,1131
20171220,143000,70682,70719,70647,70647,535
20171220,150000,70642,70654,70598,70615,794
20171220,153000,70619,70680,70619,70659,624
20171220,160000,70667,70690,70653,70662,1092
20171220,163000,70654,70711,70653,70692,1369
20171220,170000,70690,70807,70653,70793,1592
20171220,173000,70793,70822,70755,70802,2145
20171220,180000,70800,70925,70795,70910,2829
20171220,183000,70920,71005,70910,71005,1485
20171220,190000,70916,70946,70887,70907,591
20171220,193000,70900,70952,70897,70930,256
20171220,200000,70941,70942,70912,70912,308
20171220,203000,70912,70925,70902,70905,231
20171220,210000,70902,70988,70902,70965,264
20171220,213000,70987,70991,70952,70956,313
20171220,220000,70962,70966,70942,70954,83
20171220,223000,70966,70976,70930,70956,203
20171220,230000,70966,70968,70955,70955,44
20171220,233000,70966,70985,70943,70956,144
20171221,100000,70936,70936,70606,70625,7082
20171221,103000,70619,70725,70593,70709,3451
20171221,110000,70705,70746,70622,70690,12831
20171221,113000,70689,70762,70661,70742,7544
20171221,120000,70746,70769,70711,70742,4530
20171221,123000,70744,70757,70708,70717,3968
20171221,130000,70715,70739,70678,70697,5391
20171221,133000,70690,70692,70557,70561,4500
20171221,140000,70557,70642,70530,70633,5590
20171221,143000,70631,70636,70562,70578,2162
20171221,150000,70570,70599,70537,70549,2187
20171221,153000,70544,70548,70472,70505,9524
20171221,160000,70501,70574,70498,70537,3665
20171221,163000,70535,70570,70482,70482,4590
20171221,170000,70480,70577,70464,70574,2497
20171221,173000,70575,70624,70543,70577,3253
20171221,180000,70577,70645,70557,70605,3038
20171221,183000,70597,70644,70564,70571,716
20171221,190000,70597,70729,70597,70699,934
20171221,193000,70695,70717,70680,70696,313
20171221,200000,70700,70715,70641,70672,545
20171221,203000,70662,70662,70621,70648,674
20171221,210000,70646,70651,70594,70603,576
20171221,213000,70603,70606,70578,70582,127
20171221,220000,70580,70591,70506,70565,1340
20171221,223000,70572,70600,70572,70597,172
20171221,230000,70595,70628,70595,70619,220
20171221,233000,70628,70655,70617,70617,577
20171222,100000,70518,70518,70310,70363,5478
20171222,103000,70363,70382,70190,70195,4280
20171222,110000,70196,70232,70073,70226,4376
20171222,113000,70221,70272,70182,70230,2334
20171222,120000,70230,70322,70214,70296,3635
20171222,123000,70300,70304,70235,70261,2206
20171222,130000,70266,70266,70180,70222,5374
20171222,133000,70213,70237,70165,70209,1291
20171222,140000,70207,70243,70174,70228,2043
20171222,143000,70226,70253,70208,70229,452
20171222,150000,70213,70267,70209,70255,1214
20171222,153000,70255,70272,70222,70226,1733
20171222,160000,70226,70244,70177,70229,3394
20171222,163000,70234,70264,70232,70261,1086
20171222,170000,70261,70264,70204,70231,768
20171222,173000,70236,70247,70167,70185,3671
20171222,180000,70177,70249,70150,70158,1419
20171222,183000,70159,70196,70135,70182,1344
20171222,190000,70192,70246,70166,70200,463
20171222,193000,70206,70238,70173,70226,586
20171222,200000,70229,70299,70229,70246,775
20171222,203000,70254,70344,70254,70336,770
20171222,210000,70341,70360,70310,70318,669
20171222,213000,70314,70315,70282,70297,910
20171222,220000,70300,70332,70274,70304,1923
20171222,223000,70303,70333,70300,70320,156
20171222,230000,70318,70373,70317,70362,501
20171222,233000,70375,70395,70369,70395,884
20171225,100000,70381,70480,70259,70264,5069
20171225,103000,70267,70273,70171,70172,3035
20171225,110000,70175,70196,70142,70169,1358
20171225,113000,70167,70170,70129,70150,2576
20171225,120000,70147,70165,70137,70142,1929
20171225,123000,70143,70193,70084,70086,8743
20171225,130000,70087,70091,70009,70054,3894
20171225,133000,70047,70054,69968,69995,2413
20171225,140000,69995,69995,69921,69941,2463
20171225,143000,69939,69955,69813,69832,5685
20171225,150000,69832,69846,69717,69791,6238
20171225,153000,69790,69973,69788,69925,6023
20171225,160000,69925,69997,69908,69992,6982
20171225,163000,69976,70001,69937,69954,2155
20171225,170000,69949,69991,69913,69916,2358
20171225,173000,69914,69985,69853,69954,1510
20171225,180000,69954,70005,69920,70005,1570
20171225,183000,70005,70023,69994,69995,367
20171225,190000,69952,70029,69952,69995,255
20171225,193000,69996,70016,69994,70016,207
20171225,200000,70015,70043,70015,70032,547
20171225,203000,70031,70031,69999,70027,290
20171225,210000,70023,70028,69965,69973,460
20171225,213000,69980,70019,69980,70019,407
20171225,220000,70019,70020,69969,69972,356
20171225,223000,69971,69988,69969,69978,301
20171225,230000,69984,69992,69972,69972,131
20171225,233000,69970,70066,69931,70011,259
20171226,100000,70019,70063,69469,69569,7822
20171226,103000,69580,69693,69563,69626,16913
20171226,110000,69635,69731,69614,69717,2686
20171226,113000,69717,69724,69634,69679,2183
20171226,120000,69680,69720,69678,69694,1333
20171226,123000,69693,69697,69627,69658,1888
20171226,130000,69653,69654,69594,69596,1127
20171226,133000,69600,69657,69580,69650,5048
20171226,140000,69638,69656,69592,69656,1333
20171226,143000,69650,69656,69612,69622,875
20171226,150000,69617,69681,69617,69634,1164
20171226,153000,69627,69634,69501,69528,5714
20171226,160000,69528,69603,69524,69595,631
20171226,163000,69595,69624,69558,69563,646
20171226,170000,69564,69698,69522,69689,2260
20171226,173000,69689,69727,69678,69723,804
20171226,180000,69724,69732,69653,69656,1012
20171226,183000,69656,69670,69597,69624,616
20171226,190000,69616,69629,69550,69598,1403
20171226,193000,69597,69617,69549,69566,1013
20171226,200000,69565,69622,69560,69580,219
20171226,203000,69584,69625,69575,69624,264
20171226,210000,69626,69637,69606,69606,116
20171226,213000,69595,69615,69576,69615,130
20171226,220000,69616,69616,69551,69557,240
20171226,223000,69558,69564,69509,69524,221
20171226,230000,69536,69541,69530,69538,16
20171226,233000,69542,69556,69504,69515,318
20171227,100000,69504,69541,69329,69418,6090
20171227,103000,69418,69424,69310,69337,2710
20171227,110000,69339,69467,69321,69425,5945
20171227,113000,69427,69460,69372,69460,3603
20171227,120000,69456,69670,69455,69620,8617
20171227,123000,69634,69780,69626,69754,7629
20171227,130000,69754,70034,69732,69952,12446
20171227,133000,69961,70037,69931,69988,3644
20171227,140000,69976,69988,69746,69753,5526
20171227,143000,69756,69868,69746,69813,3205
20171227,150000,69814,69865,69794,69849,1856
20171227,153000,69860,69864,69763,69772,2364
20171227,160000,69776,69790,69697,69727,5675
20171227,163000,69729,69879,69665,69871,2750
20171227,170000,69870,69886,69713,69819,3208
20171227,173000,69819,69897,69809,69891,1587
20171227,180000,69891,69927,69784,69788,1624
20171227,183000,69793,69823,69774,69784,496
20171227,190000,69830,69845,69737,69835,744
20171227,193000,69843,69944,69830,69944,957
20171227,200000,69953,70012,69915,69915,977
20171227,203000,69916,70012,69916,70002,645
20171227,210000,70015,70022,69939,69950,1551
20171227,213000,69950,69952,69898,69902,264
20171227,220000,69906,69925,69842,69844,462
20171227,223000,69854,69874,69846,69856,342
20171227,230000,69867,69868,69834,69839,158
20171227,233000,69835,69839,69793,69819,369
20171228,100000,69819,69930,69722,69847,3437
20171228,103000,69847,69887,69765,69809,4422
20171228,110000,69808,69815,69715,69756,6024
20171228,113000,69751,69761,69698,69719,2723
20171228,120000,69719,69720,69500,69541,8983
20171228,123000,69541,69625,69527,69594,5314
20171228,130000,69598,69668,69581,69644,3899
20171228,133000,69644,69657,69580,69639,1594
20171228,140000,69623,69667,69571,69664,2996
20171228,143000,69664,69774,69664,69754,2026
20171228,150000,69755,69783,69727,69761,1053
20171228,153000,69756,69825,69743,69810,2307
20171228,160000,69819,69839,69787,69811,1282
20171228,163000,69808,69850,69675,69710,2763
20171228,170000,69707,69780,69612,69674,2541
20171228,173000,69668,69771,69667,69771,1399
20171228,180000,69770,69808,69709,69762,1194
20171228,183000,69769,69777,69739,69741,298
20171228,190000,69776,69830,69737,69820,737
20171228,193000,69830,69841,69766,69800,2088
20171228,200000,69800,69835,69793,69815,405
20171228,203000,69825,69878,69820,69853,781
20171228,210000,69855,69870,69820,69853,233
20171228,213000,69856,69856,69828,69828,131
20171228,220000,69836,69846,69800,69810,590
20171228,223000,69809,69821,69780,69790,1619
20171228,230000,69791,69802,69766,69786,2116
20171228,233000,69786,69794,69746,69746,1908
20171229,100000,69811,69915,69725,69876,2537
20171229,103000,69873,69890,69812,69856,2231
20171229,110000,69850,69881,69711,69745,3520
20171229,113000,69750,69811,69729,69754,1396
20171229,120000,69756,69936,69754,69936,7455
20171229,123000,69937,70036,69932,69980,4075
20171229,130000,69985,70053,69985,70037,2503
20171229,133000,70047,70115,70016,70115,2752
20171229,140000,70109,70188,70057,70057,4475
20171229,143000,70057,70324,70038,70316,3920
20171229,150000,70316,70385,70284,70331,3514
20171229,153000,70343,70450,70341,70396,4068
20171229,160000,70388,70396,70280,70333,1167
20171229,163000,70325,70349,70236,70303,1515
20171229,170000,70302,70343,70230,70230,1062
20171229,173000,70238,70248,70091,70107,4176
20171229,180000,70101,70131,69985,70028,2352
20171229,183000,70015,70099,70015,70065,1017
20180103,100000,70157,70256,69986,70229,4682
20180103,103000,70238,70253,70213,70216,1356
20180103,110000,70210,70213,70112,70131,2104
20180103,113000,70123,70152,69900,69946,4556
20180103,120000,69939,69989,69910,69945,3448
20180103,123000,69945,70008,69933,70007,1369
20180103,130000,69996,70030,69909,69912,2213
20180103,133000,69912,69923,69817,69856,3397
20180103,140000,69848,69888,69826,69876,2384
20180103,143000,69880,69959,69867,69933,2900
20180103,150000,69933,69933,69873,69909,761
20180103,153000,69913,69999,69904,69999,469
20180103,160000,70000,70064,69979,70032,1311
20180103,163000,70031,70044,69882,69941,1228
20180103,170000,69939,69982,69886,69946,506
20180103,173000,69930,69932,69792,69815,2399
20180103,180000,69816,69821,69767,69790,2698
20180103,183000,69777,69808,69773,69807,341
20180103,190000,69780,69830,69737,69750,565
20180103,193000,69752,69805,69713,69800,434
20180103,200000,69791,69794,69727,69750,266
20180103,203000,69742,69742,69650,69659,769
20180103,210000,69670,69735,69603,69735,1610
20180103,213000,69734,69745,69703,69736,711
20180103,220000,69734,69751,69669,69737,592
20180103,223000,69745,69787,69729,69736,274
20180103,230000,69745,69776,69745,69761,67
20180103,233000,69761,69782,69708,69765,350
20180104,100000,69765,69810,69636,69775,1306
20180104,103000,69787,69830,69710,69806,1475
20180104,110000,69802,69824,69727,69776,1444
20180104,113000,69775,69800,69650,69663,1749
20180104,120000,69662,69735,69641,69674,1933
20180104,123000,69680,69705,69614,69679,1386
20180104,130000,69674,69779,69668,69750,742
20180104,133000,69750,69900,69750,69874,2621
20180104,140000,69886,69886,69808,69830,1130
20180104,143000,69830,69893,69820,69892,812
20180104,150000,69892,69912,69809,69819,2335
20180104,153000,69818,69877,69783,69870,1401
20180104,160000,69877,69932,69752,69914,4758
20180104,163000,69916,69938,69827,69839,1708
20180104,170000,69847,69884,69773,69811,1238
20180104,173000,69802,69949,69770,69927,1952
20180104,180000,69932,69960,69873,69875,1874
20180104,183000,69873,69890,69828,69845,625
20180104,190000,69802,69802,69597,69645,3881
20180104,193000,69635,69656,69613,69632,1140
20180104,200000,69631,69631,69426,69467,3301
20180104,203000,69468,69578,69454,69558,1333
20180104,210000,69570,69604,69504,69523,466
20180104,213000,69524,69550,69436,69542,1278
20180104,220000,69545,69597,69544,69583,570
20180104,223000,69592,69613,69572,69595,345
20180104,230000,69609,69609,69533,69563,380
20180104,233000,69553,69576,69511,69554,447
20180105,100000,69550,69683,69548,69674,2955
20180105,103000,69673,69730,69657,69709,2874
20180105,110000,69709,69728,69626,69641,1592
20180105,113000,69643,69761,69600,69692,2116
20180105,120000,69692,69698,69530,69555,2794
20180105,123000,69561,69666,69544,69663,1373
20180105,130000,69651,69760,69646,69684,2338
20180105,133000,69690,69693,69637,69676,416
20180105,140000,69677,69712,69627,69627,644
20180105,143000,69627,69668,69624,69643,254
20180105,150000,69649,69680,69629,69660,314
20180105,153000,69667,69757,69651,69702,946
20180105,160000,69705,69758,69665,69739,2003
20180105,163000,69740,69850,69607,69631,4904
20180105,170000,69630,69630,69509,69554,2300
20180105,173000,69556,69588,69489,69508,1716
20180105,180000,69513,69532,69370,69491,4509
20180105,183000,69489,69494,69411,69412,933
20180105,190000,69480,69572,69480,69487,1099
20180105,193000,69486,69535,69486,69516,142
20180105,200000,69521,69533,69500,69532,113
20180105,203000,69539,69578,69532,69570,264
20180105,210000,69571,69605,69569,69579,617
20180105,213000,69598,69598,69562,69563,59
20180105,220000,69568,69602,69563,69563,450
20180105,223000,69567,69575,69559,69565,208
20180105,230000,69564,69564,69520,69523,238
20180105,233000,69527,69549,69520,69549,413
20180109,100000,69544,69560,69010,69132,12085
20180109,103000,69136,69145,69085,69141,2784
20180109,110000,69141,69155,69037,69142,3189
20180109,113000,69147,69163,69029,69163,3800
20180109,120000,69164,69174,69050,69060,2703
20180109,123000,69069,69116,69034,69060,2236
20180109,130000,69059,69074,68940,68970,4906
20180109,133000,68968,68978,68864,68920,1939
20180109,140000,68880,68930,68714,68780,3553
20180109,143000,68780,68830,68656,68697,2176
20180109,150000,68695,68980,68659,68920,4417
20180109,153000,68923,68956,68858,68936,2589
20180109,160000,68939,68972,68900,68917,1917
20180109,163000,68920,68999,68879,68962,6840
20180109,170000,68959,69028,68942,68963,3122
20180109,173000,68974,69022,68910,68935,4971
20180109,180000,68937,68986,68880,68880,2674
20180109,183000,68877,68962,68870,68935,1262
20180109,190000,68934,68955,68830,68830,1782
20180109,193000,68828,68828,68745,68774,1337
20180109,200000,68789,68888,68789,68860,1139
20180109,203000,68858,68880,68811,68831,362
20180109,210000,68809,68824,68785,68824,494
20180109,213000,68828,68859,68813,68859,254
20180109,220000,68854,68916,68827,68913,775
20180109,223000,68912,68935,68859,68866,447
20180109,230000,68889,68898,68870,68880,467
20180109,233000,68872,68930,68854,68860,370
20180110,100000,68850,68850,68602,68783,9657
20180110,103000,68783,68923,68777,68814,5050
20180110,110000,68821,68888,68795,68830,2667
20180110,113000,68825,68856,68768,68838,2225
20180110,120000,68848,68965,68833,68932,4165
20180110,123000,68939,68987,68904,68906,5129
20180110,130000,68906,68911,68836,68898,2307
20180110,133000,68903,69352,68888,69277,13946
20180110,140000,69298,69356,69250,69291,4772
20180110,143000,69291,69345,69222,69227,3043
20180110,150000,69227,69377,69222,69321,3582
20180110,153000,69320,69335,69280,69281,1385
20180110,160000,69284,69310,69216,69248,2754
20180110,163000,69262,69263,69190,69255,1478
20180110,170000,69255,69262,69170,69178,2920
20180110,173000,69183,69262,69106,69189,3389
20180110,180000,69189,69234,69137,69162,1749
20180110,183000,69161,69241,69108,69117,1551
20180110,190000,69113,69147,69053,69140,2319
20180110,193000,69142,69146,69070,69081,947
20180110,200000,69097,69098,69015,69085,862
20180110,203000,69087,69100,69023,69023,814
20180110,210000,69033,69079,69023,69047,509
20180110,213000,69045,69045,69005,69023,418
20180110,220000,69018,69109,68998,69023,1843
20180110,223000,69028,69080,69018,69075,470
20180110,230000,69079,69105,69051,69080,356
20180110,233000,69071,69100,69050,69077,477
20180111,100000,69013,69041,68748,68900,7558
20180111,103000,68899,68916,68847,68860,4616
20180111,110000,68861,68872,68765,68807,6943
20180111,113000,68809,68853,68798,68810,3318
20180111,120000,68803,68962,68798,68891,5853
20180111,123000,68893,68925,68865,68912,2392
20180111,130000,68906,68984,68888,68954,3544
20180111,133000,68956,68972,68917,68956,1660
20180111,140000,68956,68970,68924,68944,690
20180111,143000,68944,68953,68880,68914,1866
20180111,150000,68913,68913,68860,68869,1365
20180111,153000,68894,69242,68828,69204,11515
20180111,160000,69210,69358,69198,69265,9244
20180111,163000,69273,69331,69224,69306,4603
20180111,170000,69305,69352,69216,69272,4282
20180111,173000,69270,69315,69183,69280,2221
20180111,180000,69272,69296,69195,69199,3840
20180111,183000,69193,69221,69165,69187,1393
20180111,190000,69112,69139,69013,69048,2322
20180111,193000,69042,69100,69000,69048,1091
20180111,200000,69049,69051,68958,68988,1260
20180111,203000,68979,68993,68918,68940,741
20180111,210000,68937,68980,68893,68904,1000
20180111,213000,68906,68956,68890,68954,437
20180111,220000,68956,68974,68809,68810,3163
20180111,223000,68831,68836,68800,68820,1021
20180111,230000,68810,68840,68800,68805,368
20180111,233000,68799,68799,68695,68739,1446
20180112,100000,68745,69080,68745,69080,9043
20180112,103000,69078,69198,69020,69189,11741
20180112,110000,69189,69192,69066,69130,7185
20180112,113000,69129,69370,69114,69340,9533
20180112,120000,69345,69417,69305,69310,6655
20180112,123000,69318,69398,69292,69324,4552
20180112,130000,69329,69340,69286,69293,1798
20180112,133000,69295,69396,69283,69329,1613
20180112,140000,69321,69384,69321,69355,2896
20180112,143000,69360,69388,69339,69372,2794
20180112,150000,69368,69442,69364,69413,3170
20180112,153000,69420,69556,69419,69495,3609
20180112,160000,69500,69530,69454,69479,1972
20180112,163000,69473,69609,69000,69524,14471
20180112,170000,69524,69622,69421,69582,9228
20180112,173000,69582,69599,69450,69477,2186
20180112,180000,69488,69533,69417,69429,2023
20180112,183000,69434,69472,69426,69457,721
20180112,190000,69473,69575,69464,69565,2587
20180112,193000,69564,69569,69414,69498,1529
20180112,200000,69497,69506,69408,69438,596
20180112,203000,69444,69497,69444,69483,922
20180112,210000,69468,69544,69468,69543,670
20180112,213000,69546,69633,69540,69601,1601
20180112,220000,69609,69682,69582,69660,897
20180112,223000,69662,69730,69656,69717,1556
20180112,230000,69720,69757,69713,69757,1034
20180112,233000,69760,69795,69738,69778,565
20180115,100000,69740,69824,69451,69584,11137
20180115,103000,69581,69637,69517,69585,3949
20180115,110000,69582,69660,69538,69595,2721
20180115,113000,69591,69734,69574,69711,2444
20180115,120000,69715,69969,69697,69927,7100
20180115,123000,69920,69970,69842,69937,8582
20180115,130000,69932,70096,69926,70082,4600
20180115,133000,70080,70160,70018,70087,5903
20180115,140000,70095,70160,70042,70092,2475
20180115,143000,70104,70131,70031,70058,1663
20180115,150000,70059,70108,70015,70029,1287
20180115,153000,70029,70080,69966,70060,2761
20180115,160000,70058,70130,70042,70097,2737
20180115,163000,70097,70195,70089,70177,2961
20180115,170000,70183,70294,70164,70229,4616
20180115,173000,70233,70247,70020,70020,3879
20180115,180000,70020,70064,69960,69965,3739
20180115,183000,69965,69980,69911,69939,1296
20180115,190000,69890,70094,69886,70003,3293
20180115,193000,69991,70008,69961,70008,931
20180115,200000,70017,70068,70001,70050,760
20180115,203000,70050,70060,69994,69994,659
20180115,210000,69988,70028,69985,70028,159
20180115,213000,70027,70038,69989,69989,179
20180115,220000,69983,70010,69945,69945,150
20180115,223000,69940,69940,69880,69911,1090
20180115,230000,69915,69931,69901,69913,212
20180115,233000,69925,69969,69888,69968,150
20180116,100000,69874,69976,69645,69816,11938
20180116,103000,69816,69894,69782,69852,5272
20180116,110000,69851,69943,69810,69874,2399
20180116,113000,69874,69893,69750,69813,3379
20180116,120000,69813,69856,69787,69800,1889
20180116,123000,69800,69807,69746,69778,2213
20180116,130000,69779,69852,69775,69830,1330
20180116,133000,69822,69865,69673,69760,7834
20180116,140000,69747,69790,69698,69734,5225
20180116,143000,69725,69830,69707,69794,1480
20180116,150000,69787,69863,69785,69853,1058
20180116,153000,69856,69888,69815,69822,2088
20180116,160000,69826,69858,69776,69821,2174
20180116,163000,69816,69870,69712,69753,2550
20180116,170000,69753,69768,69676,69727,2348
20180116,173000,69721,69758,69650,69704,2636
20180116,180000,69685,69730,69659,69664,6140
20180116,183000,69670,69705,69656,69676,644
20180116,190000,69715,69788,69715,69781,1452
20180116,193000,69781,69961,69775,69928,1874
20180116,200000,69933,69951,69833,69839,1499
20180116,203000,69838,69935,69832,69935,576
20180116,210000,69926,69997,69926,69990,582
20180116,213000,69986,70069,69972,70056,1622
20180116,220000,70057,70159,70053,70133,2189
20180116,223000,70137,70137,70083,70101,1490
20180116,230000,70094,70106,70061,70100,1012
20180116,233000,70100,70158,70090,70150,331
20180117,100000,70100,70174,69928,70022,4010
20180117,103000,70022,70041,69807,69854,3295
20180117,110000,69854,70005,69854,69965,2450
20180117,113000,69965,69975,69835,69955,6420
20180117,120000,69955,70047,69939,69997,9040
20180117,123000,69996,70098,69961,70056,2493
20180117,130000,70057,70119,70056,70073,2432
20180117,133000,70071,70149,70064,70082,2467
20180117,140000,70072,70076,69969,69971,1489
20180117,143000,69968,69985,69920,69938,1581
20180117,150000,69937,70168,69934,70115,5362
20180117,153000,70119,70237,70115,70203,6683
20180117,160000,70203,70295,70104,70202,5363
20180117,163000,70196,70361,70188,70273,6172
20180117,170000,70273,70294,70158,70190,6077
20180117,173000,70205,70260,70160,70174,1051
20180117,180000,70175,70245,70132,70212,1344
20180117,183000,70216,70250,70187,70204,834
20180117,190000,70224,70250,70209,70209,445
20180117,193000,70207,70210,70094,70106,703
20180117,200000,70110,70128,70076,70110,608
20180117,203000,70100,70200,70059,70193,617
20180117,210000,70193,70288,70166,70288,824
20180117,213000,70275,70320,70266,70267,1034
20180117,220000,70270,70280,70217,70235,558
20180117,223000,70244,70271,70176,70193,555
20180117,230000,70182,70182,70100,70180,1436
20180117,233000,70179,70190,70068,70068,366
20180118,100000,70077,70114,69875,69951,5368
20180118,103000,69955,70092,69955,70001,5003
20180118,110000,70001,70066,69986,70011,1600
20180118,113000,70011,70066,70003,70027,1183
20180118,120000,70029,70050,69969,70036,2190
20180118,123000,70038,70050,69950,69975,2514
20180118,130000,69975,70070,69968,70031,2213
20180118,133000,70026,70112,70018,70103,4666
20180118,140000,70110,70130,70013,70080,2227
20180118,143000,70072,70142,70042,70047,3816
20180118,150000,70047,70080,69991,70078,5788
20180118,153000,70077,70108,69992,70003,1459
20180118,160000,70004,70004,69886,69926,2195
20180118,163000,69939,70016,69895,69955,1928
20180118,170000,69953,69975,69896,69934,2570
20180118,173000,69933,70026,69924,69990,1839
20180118,180000,69987,70033,69944,69957,1090
20180118,183000,69945,69954,69885,69933,1431
20180118,190000,69842,69923,69752,69808,5669
20180118,193000,69801,69858,69781,69781,2190
20180118,200000,69778,69882,69760,69877,1096
20180118,203000,69881,69917,69772,69814,993
20180118,210000,69820,69844,69745,69782,514
20180118,213000,69772,69835,69746,69756,715
20180118,220000,69755,69818,69755,69787,332
20180118,223000,69790,69845,69787,69820,246
20180118,230000,69834,69842,69770,69787,572
20180118,233000,69785,69886,69778,69883,918
20180119,100000,69888,70180,69888,70174,6963
20180119,103000,70172,70216,70153,70168,4725
20180119,110000,70181,70226,70118,70149,3020
20180119,113000,70157,70187,70130,70187,1675
20180119,120000,70191,70257,70158,70183,9938
20180119,123000,70182,70264,70159,70183,2250
20180119,130000,70196,70256,70188,70240,2044
20180119,133000,70240,70245,70065,70099,3001
20180119,140000,70110,70147,70095,70130,1444
20180119,143000,70128,70175,70059,70175,2329
20180119,150000,70173,70175,70044,70052,1253
20180119,153000,70070,70114,70014,70033,1690
20180119,160000,70030,70120,70007,70109,1569
20180119,163000,70118,70146,69982,70008,5844
20180119,170000,70004,70020,69910,69977,3787
20180119,173000,69978,70016,69923,70016,4714
20180119,180000,70015,70043,69955,70010,3316
20180119,183000,70010,70087,70004,70074,4674
20180119,190000,70045,70095,69974,70028,1755
20180119,193000,70022,70077,70016,70062,388
20180119,200000,70066,70101,70022,70022,812
20180119,203000,70035,70055,70017,70018,200
20180119,210000,70022,70040,69973,70030,288
20180119,213000,70020,70020,69942,70009,232
20180119,220000,70013,70100,70012,70067,382
20180119,223000,70064,70082,70056,70061,409
20180119,230000,70062,70082,70040,70051,367
20180119,233000,70051,70098,70045,70070,472
20180122,100000,70030,70030,69873,69968,5100
20180122,103000,69967,70026,69915,69959,3905
20180122,110000,69959,69980,69931,69958,5215
20180122,113000,69962,70016,69950,69953,1268
20180122,120000,69954,70036,69921,70003,5631
20180122,123000,70003,70029,69965,69971,1921
20180122,130000,69984,70078,69958,70062,2572
20180122,133000,70067,70093,70028,70053,3157
20180122,140000,70055,70058,70019,70042,6442
20180122,143000,70039,70049,70000,70015,1571
20180122,150000,70022,70039,69984,69994,821
20180122,153000,69988,70027,69974,70009,2118
20180122,160000,70013,70018,69948,69997,2697
20180122,163000,70000,70038,69936,69978,3236
20180122,170000,69984,70062,69964,70012,6866
20180122,173000,70012,70031,69954,69967,876
20180122,180000,69970,69994,69928,69976,1228
20180122,183000,69973,70050,69972,70035,558
20180122,190000,70014,70041,69818,69889,3731
20180122,193000,69886,69902,69782,69783,1642
20180122,200000,69786,69872,69765,69865,2353
20180122,203000,69865,69915,69860,69894,539
20180122,210000,69908,69940,69880,69917,341
20180122,213000,69920,69940,69901,69928,482
20180122,220000,69935,69970,69926,69940,575
20180122,223000,69937,69980,69912,69956,534
20180122,230000,69954,69960,69937,69949,147
20180122,233000,69950,69964,69930,69964,512
20180123,100000,69916,69941,69608,69686,14860
20180123,103000,69686,69820,69684,69812,6569
20180123,110000,69812,69823,69693,69733,3163
20180123,113000,69734,69798,69688,69793,1608
20180123,120000,69793,69834,69767,69804,1886
20180123,123000,69804,69858,69784,69816,6951
20180123,130000,69809,69907,69809,69886,2692
20180123,133000,69887,69955,69830,69888,6594
20180123,140000,69896,69967,69866,69963,3410
20180123,143000,69963,69992,69887,69892,3624
20180123,150000,69892,69911,69833,69860,2081
20180123,153000,69862,69916,69846,69874,1490
20180123,160000,69887,69942,69865,69892,3585
20180123,163000,69885,69969,69861,69944,2695
20180123,170000,69951,70054,69936,69993,6263
20180123,173000,69995,70068,69970,70029,4162
20180123,180000,70033,70081,70021,70062,10009
20180123,183000,70062,70105,70023,70030,2581
20180123,190000,70030,70150,69939,69949,6636
20180123,193000,69957,70015,69926,69970,1066
20180123,200000,69970,70044,69963,70010,382
20180123,203000,70010,70025,69957,70025,191
20180123,210000,70013,70020,69959,69980,206
20180123,213000,69985,70007,69954,69955,224
20180123,220000,69951,70008,69947,69996,239
20180123,223000,69994,70019,69984,70018,151
20180123,230000,70023,70030,69916,69919,621
20180123,233000,69925,69960,69910,69933,498
20180124,100000,69960,70095,69938,70095,6849
20180124,103000,70096,70177,70079,70160,3690
20180124,110000,70166,70271,70102,70134,8872
20180124,113000,70121,70245,70105,70212,2462
