20160818,150000,71150,74450,71150,74450,14
20160818,160000,71150,74450,71150,74450,10
20160819,100000,71000,74500,71000,74500,6
20160819,140000,71100,74400,71100,74400,4
20160826,160000,71650,75600,71650,75600,20
20160829,160000,72000,75550,72000,75550,18
20160830,130000,71750,75850,71750,75850,10
20160831,130000,72050,75040,72050,75040,8
20160926,100000,72000,72000,72000,72000,1
20161003,150000,69507,69507,69507,69507,1
20161006,100000,71000,71000,71000,71000,2
20161006,160000,69500,69500,69500,69500,2
20161031,190000,71394,71394,71394,71394,1
20161121,120000,71748,71748,71748,71748,1
20161122,230000,70667,71200,70667,71200,2
20161209,200000,69139,69139,69139,69139,1
20161212,100000,68639,68639,68639,68639,1
20161212,110000,67982,67982,67982,67982,1
20161212,180000,67730,67730,67730,67730,1
20161213,140000,67399,67399,67399,67399,1
20161216,210000,67501,68299,67501,68299,2
20161221,170000,66973,66973,66973,66973,1
20161230,170000,66000,66000,64048,64048,10
20170103,190000,66988,66988,66988,66988,1
20170105,120000,66303,66303,66303,66303,1
20170105,140000,65150,65150,65150,65150,1
20170105,150000,64725,64725,64725,64725,1
20170105,160000,64650,64650,63648,64649,10
20170105,170000,64699,64699,64699,64699,1
20170111,180000,65700,65700,65700,65700,2
20170112,140000,64334,64334,64334,64334,1
20170117,230000,65556,65556,65556,65556,2
20170119,140000,64912,64912,64912,64912,2
20170202,120000,65029,65029,65029,65029,4
20170202,200000,64174,64174,64174,64174,2
20170203,110000,64700,64700,64700,64700,1
20170203,130000,64600,64600,64600,64600,1
20170203,170000,64400,64400,64400,64400,1
20170208,160000,64370,64370,64370,64370,1
20170213,110000,63332,63332,62610,62610,8
20170214,140000,62261,62261,61993,61993,4
20170215,170000,62539,62614,62539,62614,2
20170215,200000,62397,65030,62377,62488,36
20170309,120000,63400,63400,63400,63400,1
20170309,130000,63400,63400,63400,63400,29
20170310,170000,63603,63603,63603,63603,1
20170313,180000,63399,63399,63399,63399,1
20170315,150000,63500,63560,63500,63560,3
20170315,160000,63560,63560,63560,63560,3
20170315,170000,63550,63580,63550,63580,2
20170315,200000,63440,63440,63440,63440,2
20170315,210000,63140,63170,63100,63100,3
20170315,230000,62840,62840,62840,62840,2
20170316,100000,62600,62600,62600,62600,2
20170316,120000,62420,62420,62420,62420,8
20170316,140000,62400,62400,62400,62400,30
20170317,100000,62280,62280,62280,62280,5
20170317,200000,61420,61440,61420,61440,3
20170320,100000,61460,61460,61400,61400,8
20170320,160000,61740,61740,61740,61740,10
20170320,220000,61480,61480,61480,61480,20
20170321,100000,61469,61469,61469,61469,1
20170321,110000,61319,61380,61240,61380,90
20170321,140000,61250,61250,61220,61220,2
20170321,150000,61403,61403,61350,61350,2
20170322,140000,62110,62110,62110,62110,3
20170322,150000,62248,62255,62248,62255,2
20170322,160000,62110,62110,62110,62110,2
20170322,180000,62200,62200,62200,62200,2
20170322,200000,62040,62040,62040,62040,1
20170324,130000,61375,61375,61375,61375,7
20170324,140000,61350,61350,61350,61350,1
20170324,160000,61120,61120,61100,61100,7
20170324,190000,61090,61090,61090,61090,2
20170324,220000,61090,61090,61090,61090,5
20170324,230000,61110,61110,61110,61110,1
20170327,120000,60943,60943,60933,60933,3
20170327,140000,60900,60900,60900,60900,3
20170327,190000,61090,61090,61022,61022,3
20170328,110000,60963,60963,60963,60963,1
20170328,140000,61200,61200,61200,61200,2
20170329,160000,60860,60860,60850,60850,17
20170329,180000,60680,60680,60680,60680,1
20170329,220000,60720,60720,60720,60720,1
20170330,100000,60601,60601,60601,60601,2
20170330,140000,60360,60360,60220,60230,3
20170330,150000,60152,60170,60150,60170,4
20170330,170000,60200,60200,60140,60140,2
20170331,140000,60500,60500,60500,60500,1
20170331,210000,60200,60200,60200,60200,1
20170403,100000,60200,60200,60000,60000,27
20170403,120000,60330,60330,60330,60330,45
20170403,140000,60440,60440,60340,60340,23
20170403,150000,60370,60370,60370,60370,25
20170403,180000,60380,60380,60380,60380,1
20170403,190000,60310,60310,60289,60300,155
20170404,110000,60640,60640,60640,60640,1
20170404,130000,60490,60490,60441,60441,3
20170404,160000,60340,60340,60340,60340,5
20170404,210000,60120,60120,60120,60120,1
20170405,180000,60080,60080,60080,60080,1
20170406,100000,60480,60480,60480,60480,1
20170406,110000,60400,60400,60300,60300,45
20170406,120000,60320,60320,60320,60320,1
20170406,130000,60380,60380,60380,60380,33
20170406,220000,60320,60320,60320,60320,1
20170407,100000,60780,60780,60780,60780,1
20170407,110000,60691,60691,60640,60640,10
20170407,130000,60890,60890,60890,60890,1
20170407,170000,60940,60940,60930,60940,8
20170407,200000,61040,61040,61040,61040,10
20170410,100000,61560,61560,61560,61560,1
20170410,140000,61340,61380,61340,61380,4
20170410,150000,61240,61240,61240,61240,1
20170410,160000,61220,61220,61220,61220,1
20170411,100000,61020,61020,60740,60779,21
20170411,110000,60860,60900,60860,60900,3
20170411,140000,60750,60850,60750,60850,2
20170411,150000,60880,60880,60880,60880,1
20170411,190000,61019,61019,61019,61019,6
20170411,230000,60920,60920,60900,60900,6
20170412,100000,60740,60740,60740,60740,5
20170412,110000,60820,60820,60820,60820,3
20170412,120000,60780,60780,60780,60780,1
20170412,150000,61080,61080,61080,61080,1
20170412,190000,60980,60980,60980,60980,1
20170412,210000,60606,60606,60606,60606,1
20170413,100000,60580,60580,60580,60580,1
20170413,170000,60290,60290,60200,60200,6
20170413,190000,60003,60003,60003,60003,1
20170414,120000,60180,60180,60180,60180,2
20170414,130000,60140,60140,60140,60140,1
20170414,170000,60140,60140,60140,60140,3
20170417,110000,60120,60160,60120,60160,3
20170417,120000,60100,60100,60100,60100,1
20170417,130000,59941,59941,59941,59941,1
20170418,100000,59780,59800,59780,59800,4
20170418,180000,60000,60000,60000,60000,2
20170418,220000,60090,60090,60090,60090,1
20170419,200000,60480,60480,60480,60480,1
20170419,210000,60580,60580,60580,60580,1
20170420,120000,60200,60200,60200,60200,1
20170420,150000,60080,60080,60040,60060,5
20170420,160000,60100,60100,60100,60100,1
20170421,100000,60100,60100,60100,60100,3
20170421,110000,60120,60120,60080,60080,7
20170421,130000,60080,60080,60080,60080,1
20170421,140000,60080,60080,60080,60080,17
20170421,150000,60030,60030,60030,60030,21
20170421,180000,60350,60350,60350,60350,2
20170424,100000,59900,59900,59820,59820,11
20170424,120000,59680,59680,59549,59550,47
20170424,130000,59560,59560,59430,59430,48
20170424,140000,59680,59680,59680,59680,5
20170424,160000,59740,59740,59740,59740,1
20170424,170000,59652,59663,59600,59600,463
20170424,180000,59570,59570,59465,59465,142
20170426,100000,59968,59968,59968,59968,5
20170426,120000,60139,60140,60139,60140,45
20170426,150000,60520,60520,60500,60500,10
20170426,170000,60530,60530,60530,60530,5
20170427,100000,60650,60650,60650,60650,13
20170427,110000,60650,60650,60570,60588,187
20170427,120000,60508,60508,60490,60490,7
20170427,140000,60450,60450,60450,60450,7
20170427,180000,60839,60839,60839,60839,5
20170428,130000,60760,60760,60760,60760,9
20170428,140000,60350,60350,60350,60350,5
20170428,160000,60550,60550,60550,60550,1
20170428,170000,60550,60550,60550,60550,1
20170502,130000,60650,60650,60650,60650,100
20170502,180000,60590,60590,60590,60590,1
20170503,100000,60700,60700,60700,60700,1
20170503,120000,60700,60700,60700,60700,1
20170503,150000,60870,60870,60870,60870,5
20170503,160000,60760,60760,60760,60760,1
20170503,170000,60776,60940,60761,60761,19
20170504,140000,61619,61620,61619,61620,100
20170505,110000,62000,62000,61810,61810,15
20170505,150000,62160,62160,62160,62160,100
20170505,180000,61720,61720,61720,61720,1
20170505,220000,61660,61660,61660,61660,77
20170510,100000,61780,61780,61780,61780,1
20170510,110000,61680,61680,61680,61680,5
20170510,120000,61699,61699,61699,61699,5
20170510,170000,61190,61190,61110,61110,7
20170510,190000,61001,61001,61001,61001,5
20170510,220000,60921,60921,60921,60921,4
20170511,110000,60538,60599,60538,60599,8
20170511,170000,60530,60530,60505,60505,4
20170511,180000,60619,60619,60619,60619,3
20170511,230000,60590,60590,60560,60560,7
20170512,100000,60541,60541,60541,60541,1
20170512,110000,60750,60750,60740,60750,3
20170512,120000,60800,60800,60740,60740,35
20170512,150000,60780,60780,60770,60770,15
20170512,160000,60520,60520,60520,60520,100
20170512,180000,60660,60660,60660,60660,100
20170512,230000,60570,60570,60570,60570,1
20170515,100000,60250,60250,60250,60250,5
20170515,120000,59929,59929,59770,59770,6
20170515,130000,59820,59820,59820,59820,5
20170515,150000,59640,59640,59620,59620,2
20170516,100000,59600,59601,59600,59601,6
20170516,120000,59780,59780,59780,59780,1
20170516,150000,59660,59660,59660,59660,8
20170516,210000,59840,59840,59840,59840,2
20170516,230000,59820,59860,59820,59860,3
20170517,100000,60050,60050,60050,60050,5
20170517,110000,60200,60200,60200,60200,2
20170517,130000,60100,60100,60100,60100,2
20170518,100000,60840,60920,60840,60920,4
20170518,110000,60841,60841,60841,60841,1
20170518,120000,61050,61050,61050,61050,5
20170518,130000,61250,61250,61250,61250,5
20170518,140000,61227,61227,61200,61200,4
20170519,100000,60600,60600,60500,60500,10
20170522,100000,59950,59950,59760,59880,38
20170522,110000,60000,60000,60000,60000,1
20170522,130000,59920,59920,59920,59920,1
20170522,160000,60068,60068,60000,60000,28
20170522,170000,59990,59990,59990,59990,1
20170522,180000,59950,59950,59945,59945,2
20170523,100000,59850,59850,59750,59750,8
20170523,130000,59750,59750,59650,59650,2
20170523,140000,59700,59700,59700,59700,1
20170523,150000,59650,59650,59600,59600,2
20170523,160000,59575,59575,59500,59500,4
20170523,180000,59490,59490,59490,59490,1
20170523,210000,59511,59650,59511,59650,2
20170523,220000,59650,59650,59650,59650,1
20170524,110000,59595,59620,59595,59620,100
20170525,100000,59600,59600,59270,59270,12
20170525,110000,59285,59285,59285,59285,1
20170525,120000,59345,59345,59345,59345,1
20170525,190000,59800,59800,59800,59800,5
20170525,220000,60220,60220,60220,60220,5
20170526,160000,59983,59983,59960,59960,100
20170526,190000,59870,59870,59870,59870,6
20170526,210000,59721,59721,59721,59721,1
20170526,230000,59850,59860,59840,59850,110
20170529,110000,59700,59700,59700,59700,6
20170529,140000,59840,59840,59840,59840,25
20170529,180000,59750,59750,59550,59550,31
20170530,130000,59703,59703,59678,59685,5
20170530,140000,59730,59880,59730,59880,2
20170530,150000,59855,59855,59750,59750,45
20170530,160000,59910,59943,59908,59940,10
20170530,170000,59830,59830,59780,59783,5
20170530,210000,59720,59720,59720,59720,1
20170531,140000,60100,60100,60100,60100,1
20170531,160000,60050,60050,60050,60050,2
20170531,230000,59790,59790,59790,59790,3
20170601,110000,59800,59800,59790,59790,2
20170601,120000,59810,59850,59810,59840,94
20170601,130000,59840,59840,59840,59840,65
20170601,140000,59920,59920,59920,59920,1
20170601,180000,59610,59610,59450,59450,25
20170601,190000,59490,59490,59490,59490,1
20170602,110000,59950,59950,59950,59950,1
20170602,140000,59720,59720,59720,59720,1
20170602,150000,59590,59710,59590,59710,102
20170602,210000,59820,59820,59820,59820,1
20170602,220000,59820,59820,59820,59820,1
20170605,100000,59660,59660,59660,59660,1
20170605,140000,59810,59810,59810,59810,1
20170606,220000,59610,59610,59610,59610,25
20170607,170000,60150,60150,60150,60150,5
20170607,190000,60140,60140,60140,60140,1
20170607,200000,60190,60190,60190,60190,1
20170608,140000,60100,60100,60100,60100,1
20170609,100000,60100,60100,60100,60100,20
20170609,110000,59900,59900,59900,59900,100
20170609,140000,59950,59950,59950,59950,1
20170609,150000,60020,60020,60020,60020,1
20170609,190000,60030,60030,60030,60030,10
20170613,100000,59960,59960,59900,59900,8
20170613,180000,59851,59851,59820,59820,30
20170613,190000,59960,59960,59960,59960,14
20170613,200000,59950,59950,59950,59950,20
20170613,210000,59960,59960,59960,59960,2
20170613,230000,60000,60000,60000,60000,1
20170614,100000,59830,59830,59792,59792,15
20170614,110000,60078,60078,60078,60078,1
20170614,120000,60084,60104,60084,60104,10
20170614,150000,60040,60040,60040,60040,1
20170614,160000,59920,59964,59920,59964,2
20170614,170000,59920,59920,59920,59920,1
20170614,210000,60500,60500,60500,60500,1
20170614,230000,60445,60498,60445,60498,4
20170615,120000,60438,60438,60438,60438,6
20170615,130000,60550,60570,60550,60550,9
20170615,140000,60600,60600,60600,60600,1
20170615,150000,60728,60728,60714,60714,3
20170615,160000,60719,60730,60719,60730,100
20170615,170000,60908,60920,60908,60920,100
20170616,100000,60820,60820,60800,60810,17
20170616,110000,60802,60820,60800,60800,50
20170616,120000,60749,60781,60749,60779,8
20170616,130000,60802,60810,60657,60657,105
20170616,140000,60660,60660,60546,60546,18
20170616,150000,60550,60550,60550,60550,1
20170616,160000,60690,60690,60690,60690,10
20170616,170000,60799,60799,60719,60750,12
20170616,180000,60800,60800,60773,60773,16
20170616,200000,60858,60870,60858,60870,25
20170619,100000,60770,61113,60761,61113,105
20170619,130000,61152,61370,61152,61370,15
20170619,140000,61293,61293,61288,61288,111
20170619,160000,61301,61338,61301,61334,93
20170619,190000,61447,61447,61447,61447,5
20170620,100000,61684,61684,61684,61684,10
20170620,120000,61859,62035,61859,62035,2
20170620,150000,62526,62550,62483,62483,6
20170620,200000,62725,62725,62725,62725,6
20170620,210000,62656,62656,62617,62617,94
20170620,220000,62702,62702,62702,62702,2
20170621,100000,62825,63200,62825,63158,99
20170621,110000,63208,63208,63065,63065,113
20170621,120000,63079,63079,62846,62846,7
20170621,130000,62797,62814,62660,62660,91
20170621,140000,62619,62620,62539,62550,49
20170621,160000,62670,62670,62670,62670,2
20170621,170000,62760,62760,62670,62670,7
20170621,190000,63017,63425,63017,63425,5
20170621,210000,63484,63484,63484,63484,1
20170622,100000,63288,63288,63198,63250,26
20170622,120000,63092,63092,63090,63090,23
20170622,130000,62850,62909,62850,62909,6
20170622,140000,62919,62930,62919,62930,4
20170622,160000,63121,63121,63121,63121,1
20170622,180000,63005,63005,63005,63005,1
20170622,200000,63100,63100,63100,63100,2
20170622,230000,63043,63043,63043,63043,10
20170623,100000,62900,62900,62750,62750,16
20170623,110000,62744,62744,62460,62536,2519
20170623,130000,62649,62699,62630,62699,4
20170623,140000,62632,62632,62632,62632,5
20170623,150000,62672,62690,62672,62690,35
20170623,160000,62657,62657,62643,62650,48
20170623,170000,62550,62550,62445,62445,12
20170623,190000,62440,62440,62408,62408,12
20170623,200000,62500,62570,62500,62570,3
20170626,100000,62370,62370,61871,61871,111
20170626,110000,61924,61957,61892,61954,123
20170626,120000,62060,62070,62000,62070,6
20170626,150000,62050,62050,61892,61892,15
20170626,170000,61960,62259,61960,62259,29
20170626,180000,62134,62134,62050,62050,2
20170626,210000,61987,61990,61987,61990,2
20170626,220000,61900,61900,61782,61830,7
20170627,100000,61665,61965,61600,61965,7
20170627,110000,61965,61965,61965,61965,9
20170627,120000,61900,61900,61900,61900,1
20170627,130000,61938,61938,61890,61890,4
20170627,140000,61965,61965,61965,61965,1
20170627,160000,62100,62100,62100,62100,1
20170627,200000,62150,62260,62150,62260,3
20170627,210000,62318,62323,62245,62245,3
20170627,230000,62465,62465,62465,62465,4
20170628,100000,62500,62627,62500,62517,8
20170628,140000,62577,62577,62520,62520,2
20170628,160000,62600,62600,62600,62600,3
20170628,170000,62642,62646,62642,62646,401
20170628,200000,62227,62227,62227,62227,1
20170629,100000,62100,62210,62050,62084,88
20170629,110000,61985,62017,61985,62017,2
20170629,120000,61965,61965,61934,61956,12
20170629,140000,61900,61921,61900,61921,2
20170629,150000,62059,62060,62059,62060,2
20170629,160000,62117,62145,62117,62145,2
20170629,170000,62200,62200,62200,62200,7
20170630,110000,62250,62250,62250,62250,3
20170630,120000,62270,62270,62270,62270,1
20170630,140000,62210,62210,62050,62050,7
20170630,180000,62160,62208,62160,62208,4
20170630,200000,61987,61987,61987,61987,1
20170630,220000,61845,61850,61845,61850,2
20170630,230000,61900,61900,61900,61900,1
20170703,100000,61777,61777,61777,61777,1
20170703,160000,62153,62153,62153,62153,2
20170703,180000,62278,62278,62278,62278,10
20170704,110000,62110,62118,62106,62113,121
20170704,190000,62300,62300,62300,62300,1
20170705,100000,62486,62486,62465,62465,146
20170705,110000,62536,62800,62505,62800,22
20170705,120000,62850,62905,62765,62905,114
20170705,130000,62956,63042,62956,63042,4551
20170705,140000,62964,62964,62812,62818,5631
20170705,150000,62818,62823,62783,62783,1787
20170705,160000,62846,62988,62846,62988,503
20170705,170000,63045,63100,63040,63040,4
20170705,180000,62980,62980,62980,62980,1
20170705,200000,63050,63050,63050,63050,1
20170705,210000,63142,63142,63142,63142,1
20170705,230000,63050,63050,62979,62979,2
20170706,110000,63100,63100,63100,63100,1
20170706,120000,63157,63157,63157,63157,1
20170706,130000,63050,63050,62980,62980,2
20170706,140000,63100,63100,63100,63100,1
20170706,150000,63088,63088,63088,63088,10
20170706,160000,63010,63010,62865,62865,13
20170706,170000,62896,62896,62850,62867,3021
20170706,180000,62810,62811,62800,62811,3
20170706,200000,62932,62932,62932,62932,1
20170706,220000,63050,63147,63050,63145,11
20170707,100000,63350,63350,63200,63350,73
20170707,120000,63417,63417,63417,63417,1
20170707,140000,63315,63350,63315,63350,3
20170707,150000,63303,63303,63200,63200,8
20170707,160000,63358,63477,63358,63477,2
20170707,170000,63550,63550,63390,63390,103
20170707,180000,63500,63508,63450,63450,8
20170707,200000,63382,63382,63382,63382,7
20170710,100000,63200,63200,63200,63200,1
20170710,130000,63367,63385,63367,63385,6
20170710,150000,63354,63354,63294,63294,3
20170710,170000,63253,63253,63253,63253,1
20170711,100000,63397,63800,63397,63800,15
20170711,110000,63650,63712,63650,63712,8
20170711,130000,63704,63704,63704,63704,1
20170711,140000,63888,63888,63762,63762,24
20170711,160000,63575,63575,63575,63575,1
20170711,180000,63876,63889,63876,63889,3
20170711,190000,63811,63811,63811,63811,11
20170711,210000,63725,63725,63680,63680,20
20170711,220000,63680,63680,63680,63680,1
20170711,230000,63750,63750,63750,63750,1
20170712,110000,63586,63586,63586,63586,1
20170712,130000,63580,63580,63469,63469,22
20170712,140000,63450,63450,63400,63400,11
20170712,150000,63250,63250,63180,63180,6
20170712,160000,63000,63000,62890,62904,6
20170712,170000,62900,62900,62900,62900,1
20170712,180000,63030,63030,63030,63030,14
20170713,110000,63106,63106,63106,63106,1
20170713,120000,62909,62909,62820,62820,98
20170713,130000,62750,62750,62550,62685,14
20170713,140000,62850,62875,62840,62870,406
20170713,150000,62902,62902,62833,62833,6
20170713,160000,62795,62870,62795,62800,3
20170713,170000,62920,62920,62817,62817,2
20170713,180000,62817,62817,62817,62817,1
20170713,190000,62795,62795,62795,62795,1
20170713,220000,62667,62667,62610,62610,2
20170714,100000,62700,62700,62700,62700,2
20170714,110000,62580,62580,62550,62550,2
20170714,120000,62500,62500,62447,62447,2
20170714,130000,62400,62400,62340,62346,57
20170714,150000,62387,62387,62179,62179,4
20170714,160000,62130,62130,61950,61950,6
20170714,170000,62043,62043,62000,62000,3
20170714,180000,61950,61950,61950,61950,1
20170714,190000,61980,61980,61980,61980,1
20170714,200000,61980,61980,61980,61980,1
20170714,210000,61973,61973,61973,61973,1
20170714,220000,61914,61914,61914,61914,1
20170717,100000,61929,61929,61777,61822,55
20170717,110000,61921,61984,61921,61984,2
20170717,120000,62107,62108,62000,62000,3
20170717,140000,62110,62110,62000,62000,3
20170717,160000,62112,62112,62112,62112,1
20170717,170000,62059,62099,62059,62068,26
20170717,180000,62092,62155,62092,62155,2
20170717,200000,62149,62149,62149,62149,1
20170717,230000,62079,62079,62079,62079,1
20170718,110000,62000,62000,62000,62000,1
20170718,120000,62021,62021,61850,61850,4
20170718,130000,61900,61900,61900,61900,1
20170718,140000,61850,61850,61765,61765,12
20170718,150000,61741,61870,61741,61870,3
20170718,160000,61866,61866,61865,61865,2
20170718,180000,61842,61842,61842,61842,1
20170718,190000,61940,61940,61940,61940,1
20170718,200000,61984,61984,61984,61984,10
20170718,230000,61848,61900,61848,61900,3
20170719,100000,62070,62070,62070,62070,15
20170719,120000,61850,61850,61775,61775,2
20170719,130000,61740,61793,61740,61793,2
20170719,140000,61786,61820,61780,61820,16
20170719,150000,61850,61850,61850,61850,1
20170719,170000,61806,61837,61755,61837,37
20170719,180000,61700,61700,61700,61700,1
20170720,100000,61750,61817,61750,61799,14
20170720,120000,61900,61900,61869,61869,14
20170720,130000,61800,61800,61775,61775,2
20170720,170000,61728,61728,61629,61629,47
20170720,180000,61610,61620,61610,61620,2
20170720,190000,61530,61530,61530,61530,1
20170720,230000,61600,61600,61600,61600,1
20170721,100000,61571,61571,61571,61571,1
20170721,120000,61500,61500,61500,61500,2
20170721,130000,61500,61515,61433,61515,4
20170721,140000,61610,61650,61610,61650,2
20170721,160000,61687,61725,61687,61725,2
20170721,170000,61774,61825,61774,61825,11
20170721,180000,61867,61867,61855,61855,12
20170721,190000,61900,61900,61900,61900,1
20170724,100000,62080,62520,62080,62520,19
20170724,110000,62520,62520,62480,62480,6
20170724,120000,62405,62675,62405,62587,40
20170724,130000,62700,62700,62550,62550,11
20170724,140000,62595,62700,62595,62700,2
20170724,150000,62577,62577,62577,62577,5
20170724,160000,62700,62842,62700,62830,16
20170724,170000,62830,62830,62830,62830,1
20170724,200000,62650,62650,62650,62650,1
20170724,210000,62691,62691,62691,62691,1
20170725,100000,62481,62481,62400,62400,88
20170725,110000,62523,62523,62523,62523,1
20170725,130000,62650,62729,62650,62679,12
20170725,140000,62691,62691,62691,62691,10
20170725,150000,62567,62567,62567,62567,1
20170725,180000,62777,62777,62715,62715,2
20170726,100000,62453,62453,62453,62453,5
20170726,110000,62536,62590,62536,62590,40
20170726,120000,62621,62640,62621,62640,3
20170726,130000,62608,62618,62608,62618,22
20170726,140000,62518,62518,62450,62450,7
20170726,160000,62512,62568,62512,62558,11
20170726,170000,62530,62530,62450,62518,21
20170726,180000,62488,62488,62330,62330,7
20170726,190000,62300,62300,62300,62300,5
20170726,200000,62285,62300,62285,62300,4
20170726,210000,62260,62260,62203,62203,4
20170726,220000,62026,62026,62026,62026,1
20170727,100000,62050,62050,61937,61937,5
20170727,110000,61998,62050,61998,62025,3
20170727,120000,62098,62098,62035,62035,44
20170727,140000,62125,62275,62125,62275,13
20170727,150000,62205,62205,62152,62152,12
20170727,160000,62125,62125,62125,62125,11
20170727,170000,62050,62050,61975,61975,2
20170727,180000,61994,61994,61994,61994,1
20170727,190000,62050,62125,62050,62125,2
20170727,200000,62200,62200,62200,62200,1
20170727,230000,62128,62150,62128,62140,3
20170728,100000,62125,62150,62125,62150,11
20170728,110000,62150,62150,62050,62050,12
20170728,130000,62050,62050,61975,61975,13
20170728,140000,62125,62125,62125,62125,1
20170728,150000,62175,62200,62125,62200,5
20170728,160000,62166,62166,62125,62125,131
20170728,170000,62117,62200,62050,62200,9
20170728,200000,62157,62157,62157,62157,10
20170728,210000,62125,62125,62097,62097,2
20170728,220000,62081,62081,62050,62050,49
20170731,100000,62097,62928,62000,62928,436
20170731,110000,62848,62860,62725,62758,277
20170731,120000,62650,62675,62500,62500,10
20170731,130000,62725,62758,62725,62756,4
20170731,140000,62710,62710,62650,62650,3
20170731,150000,62728,62728,62728,62728,5
20170731,160000,62758,62850,62705,62850,35
20170731,170000,62850,62858,62850,62858,51
20170731,180000,62728,62728,62650,62650,4
20170731,190000,62628,62628,62575,62575,2
20170731,200000,62577,62577,62528,62528,3
20170731,210000,62500,62500,62408,62408,9
20170731,220000,62350,62406,62350,62406,3
20170801,100000,62425,62538,62350,62448,21
20170801,110000,62452,62500,62439,62500,8
20170801,120000,62575,62588,62538,62538,16
20170801,130000,62588,62726,62588,62698,18
20170801,140000,62798,62875,62798,62875,11
20170801,150000,62845,62845,62800,62800,2
20170801,160000,62725,62800,62708,62800,43
20170801,170000,62650,62725,62600,62725,6
20170801,180000,62700,62898,62700,62898,15
20170801,210000,62835,62860,62800,62800,51
20170801,230000,62950,62950,62950,62950,1
20170802,100000,63000,63350,63000,63309,205
20170802,110000,63188,63288,63150,63210,116
20170802,120000,63238,63238,63180,63180,9
20170802,130000,63288,63338,63275,63288,6
20170802,140000,63250,63388,63250,63388,12
20170802,150000,63400,63400,63288,63288,4
20170802,170000,63338,63450,63338,63450,4
20170802,180000,63338,63338,63188,63238,8
20170802,190000,63188,63238,63188,63238,2
20170802,200000,63150,63150,63088,63088,2
20170802,210000,63050,63050,63050,63050,1
20170802,220000,63138,63138,63138,63138,1
20170803,100000,63250,63388,63250,63388,159
20170803,110000,63438,63450,63250,63250,7
20170803,120000,63238,63238,63101,63158,5
20170803,130000,63112,63140,63038,63138,43
20170803,140000,63162,63162,63162,63162,1
20170803,150000,63038,63038,62875,62875,11
20170803,160000,62888,62970,62800,62970,22
20170803,170000,62888,62891,62875,62875,3
20170803,180000,62800,62805,62725,62725,4
20170803,190000,62888,62888,62851,62875,3
20170803,200000,62918,62918,62918,62918,2
20170803,210000,62950,62950,62950,62950,1
20170803,220000,62988,62988,62988,62988,2
20170804,100000,63025,63025,62841,62950,49
20170804,120000,62988,63025,62988,63025,2
20170804,130000,63000,63050,62988,63000,82
20170804,140000,62950,62950,62850,62850,143
20170804,150000,62808,62940,62650,62725,83
20170804,160000,62788,62788,62638,62688,34
20170804,170000,62725,62838,62558,62558,26
20170804,180000,62501,62501,62488,62500,8
20170804,190000,62450,62450,60322,62400,211
20170804,200000,62458,62500,62439,62500,4
20170804,210000,62466,62466,62466,62466,5
20170807,100000,62575,62650,62558,62588,20
20170807,110000,62575,62813,62575,62813,39
20170807,120000,62788,62788,62725,62725,4
20170807,130000,62688,62688,62650,62650,2
20170807,140000,62638,62638,62588,62638,5
20170807,150000,62588,62588,62464,62464,11
20170807,160000,62575,62575,62450,62450,6
20170807,170000,62425,62588,62408,62588,16
20170807,180000,62638,62638,62588,62588,2
20170807,190000,62538,62570,62500,62558,21
20170807,200000,62488,62538,62488,62538,10
20170807,210000,62490,62490,62488,62488,6
20170807,230000,62538,62538,62538,62538,1
20170808,100000,62575,62588,62488,62488,5
20170808,110000,62438,62538,62438,62538,7
20170808,120000,62488,62488,62438,62438,6
20170808,130000,62488,62550,62488,62550,4
20170808,140000,62488,62495,62450,62450,18
20170808,150000,62438,62438,62438,62438,5
20170808,160000,62488,62538,62300,62300,24
20170808,170000,62388,62450,62350,62400,15
20170808,180000,62308,62343,62300,62300,8
20170808,190000,62238,62250,62238,62250,2
20170808,200000,62288,62288,62288,62288,1
20170808,210000,62300,62300,62300,62300,1
20170808,220000,62350,62358,62350,62358,6
20170808,230000,62300,62300,62288,62288,3
20170809,100000,62388,62428,62388,62388,5
20170809,110000,62438,62500,62438,62500,9
20170809,130000,62438,62440,62415,62415,3
20170809,140000,62470,62470,62470,62470,500
20170809,150000,62488,62550,62488,62550,10
20170809,160000,62588,62638,62550,62550,509
20170809,170000,62538,62688,62438,62550,26
20170809,180000,62627,62650,62609,62626,12
20170809,190000,62588,62590,62588,62590,2
20170809,200000,62638,62638,62623,62623,5
20170809,210000,62588,62588,62550,62550,2
20170809,220000,62538,62538,62500,62500,2
20170809,230000,62495,62495,62488,62488,2
20170810,100000,62450,62450,62350,62350,14
20170810,120000,62325,62325,62288,62288,7
20170810,130000,62350,62400,62350,62400,7
20170810,140000,62438,62450,62438,62450,2
20170810,150000,62410,62410,62250,62250,11
20170810,160000,62200,62330,62200,62330,17
20170810,170000,62350,62350,62350,62350,1
20170810,180000,62398,62450,62398,62450,8
20170810,190000,62519,62519,62488,62500,3
20170810,210000,62438,62500,62438,62500,4
20170810,220000,62538,62588,62538,62588,3
20170811,100000,62600,62770,62550,62550,53
20170811,110000,62638,62650,62500,62500,7
20170811,120000,62599,62600,62550,62600,10
20170811,130000,62603,62640,62603,62640,60
20170811,140000,62588,62590,62500,62500,53
20170811,150000,62450,62450,62350,62350,5
20170811,160000,62440,62461,62377,62377,77
20170811,170000,62350,62379,62350,62379,26
20170811,190000,62288,62290,62250,62250,3
20170811,200000,62250,62250,62250,62250,1
20170811,210000,62213,62213,62213,62213,10
20170811,230000,62300,62300,62300,62300,1
20170814,100000,62200,62250,62093,62250,9
20170814,110000,62220,62220,62200,62200,2
20170814,130000,62200,62200,62200,62200,3
20170814,140000,62150,62150,62150,62150,1
20170814,150000,62100,62266,62050,62266,26
20170814,160000,62267,62267,62100,62100,9
20170814,170000,62050,62050,62002,62002,12
20170814,180000,61989,62007,61989,62007,3
20170814,190000,62070,62133,62070,62133,4
20170814,200000,62150,62150,62138,62138,6
20170814,210000,62200,62238,62200,62238,6
20170814,220000,62250,62250,62250,62250,1
20170815,100000,62300,62350,62253,62253,18
20170815,110000,62338,62338,62250,62280,17
20170815,120000,62260,62300,62260,62300,5
20170815,140000,62338,62420,62338,62400,14
20170815,150000,62390,62452,62388,62452,6
20170815,160000,62400,62400,62350,62350,3
20170815,170000,62311,62311,62238,62238,7
20170815,180000,62205,62238,62200,62200,7
20170815,190000,62093,62150,62093,62150,2
20170815,230000,62100,62100,62100,62100,1
20170816,100000,62050,62100,61938,62000,21
20170816,110000,62000,62038,62000,62038,3
20170816,120000,61988,61988,61950,61950,6
20170816,130000,61920,61938,61920,61938,26
20170816,140000,61911,61912,61851,61872,43
20170816,150000,61850,61850,61800,61800,3
20170816,170000,61661,61759,61650,61650,144
20170816,180000,61750,61837,61750,61784,4
20170816,190000,61838,61900,61838,61876,8
20170816,200000,61935,61950,61935,61950,2
20170816,210000,61850,61850,61800,61800,4
20170816,220000,61750,61750,61750,61750,1
20170817,100000,61700,61700,61499,61499,50
20170817,120000,61600,61750,61600,61750,109
20170817,130000,61738,61738,61738,61738,1
20170817,140000,61765,61765,61765,61765,5
20170817,150000,61738,61825,61738,61825,2
20170817,160000,61675,61675,61550,61588,8
20170817,180000,61542,61542,61516,61516,6
20170817,200000,61477,61477,61450,61450,2
20170817,220000,61455,61525,61455,61525,4
20170818,100000,61600,61750,61600,61750,106
20170818,120000,61750,61750,61750,61750,1
20170818,130000,61788,61788,61675,61675,2
20170818,150000,61647,61647,61647,61647,500
20170818,160000,61600,61600,61600,61600,1
20170818,170000,61750,61750,61750,61750,1
20170818,180000,61588,61610,61525,61550,13
20170818,190000,61325,61352,61304,61304,10
20170818,210000,61364,61364,61361,61361,7
20170818,220000,61350,61350,61350,61350,1
20170818,230000,61304,61304,61300,61300,5
20170821,100000,61450,61475,61430,61430,13
20170821,110000,61410,61410,61363,61373,4
20170821,130000,61325,61335,61250,61250,13
20170821,140000,61225,61300,61200,61300,12
20170821,150000,61355,61375,61290,61290,5
20170821,160000,61273,61275,61225,61230,9
20170821,170000,61283,61312,61283,61312,4
20170821,180000,61225,61300,61219,61300,9
20170821,210000,61364,61364,61364,61364,3
20170821,220000,61375,61375,61375,61375,1
20170822,100000,61231,61283,61178,61283,274
20170822,110000,61290,61320,61203,61240,35
20170822,120000,61283,61343,61268,61300,209
20170822,130000,61338,61338,61243,61263,10
20170822,160000,61258,61258,61150,61150,15
20170823,100000,61340,61350,61310,61350,8
20170823,110000,61328,61329,61305,61329,5
20170823,120000,61336,61336,61242,61242,107
20170823,150000,61375,61396,61370,61370,113
20170823,160000,61338,61338,61338,61338,3
20170823,170000,61300,61300,61300,61300,1
20170823,180000,61225,61250,61225,61250,2
20170823,200000,61290,61290,61225,61225,2
20170824,100000,61300,61330,61295,61310,15
20170824,110000,61320,61338,61320,61338,3
20170824,120000,61350,61350,61350,61350,5
20170824,130000,61300,61300,61291,61291,8
20170824,140000,61291,61291,61276,61276,21
20170824,150000,61330,61330,61330,61330,1
20170824,160000,61320,61380,61320,61380,7
20170824,170000,61360,61360,61360,61360,1
20170824,180000,61311,61410,61305,61410,23
20170824,190000,61405,61405,61405,61405,1
20170824,200000,61369,61369,61355,61355,6
20170824,220000,61310,61331,61294,61301,93
20170824,230000,61299,61322,61299,61322,5
20170825,100000,61250,61330,61250,61269,129
20170825,110000,61250,61278,61223,61253,29
20170825,120000,61278,61288,61278,61288,3
20170825,130000,61263,61288,61260,61260,4
20170825,150000,61285,61300,61285,61300,5
20170825,160000,61273,61295,61263,61295,5
20170825,170000,61270,61270,60925,61018,219
20170825,190000,60850,60859,60750,60750,5
20170825,200000,60740,60740,60740,60740,1
20170825,210000,60803,60803,60755,60755,3
20170825,220000,60750,60757,60725,60757,15
20170825,230000,60756,60760,60737,60740,29
20170828,100000,60721,60800,60710,60710,9
20170828,110000,60701,60701,60420,60450,51
20170828,120000,60575,60575,60525,60525,3
20170828,140000,60524,60524,60524,60524,9
20170828,150000,60524,60524,60510,60510,20
20170828,160000,60610,60625,60596,60596,6
20170828,170000,60620,60700,60620,60663,6
20170828,180000,60720,60720,60720,60720,1
20170828,190000,60698,60698,60660,60660,5
20170828,200000,60625,60625,60625,60625,1
20170828,210000,60600,60600,60600,60600,1
20170829,100000,60600,60700,60550,60700,11
20170829,110000,60703,60703,60703,60703,15
20170829,120000,60770,60925,60770,60903,34
20170829,130000,60951,61010,60847,60847,20
20170829,140000,60857,60887,60857,60887,10
20170829,150000,60861,60861,60769,60850,150
20170829,160000,60925,60943,60925,60943,8
20170829,170000,60980,61000,60852,60906,52
20170829,180000,60924,60924,60850,60850,11
20170829,190000,60824,60825,60824,60824,33
20170829,210000,60899,60899,60899,60899,5
20170829,230000,60900,60925,60900,60925,31
20170830,100000,60987,60987,60738,60738,25
20170830,110000,60729,60729,60729,60729,2
20170830,140000,60700,60700,60682,60682,2
20170830,150000,60775,60775,60775,60775,1
20170830,160000,60625,60647,60624,60647,5
20170830,170000,60575,60575,60470,60470,6
20170830,200000,60625,60625,60625,60625,1
20170830,230000,60688,60688,60688,60688,1
20170831,100000,60700,60700,60625,60625,6
20170831,110000,60615,60615,60550,60550,2
20170831,120000,60527,60578,60490,60490,14
20170831,130000,60548,60548,60410,60430,14
20170831,140000,60400,60430,60400,60430,20
20170831,150000,60443,60443,60333,60333,7
20170831,160000,60420,60420,60295,60343,50
20170831,170000,60270,60270,60200,60200,19
20170831,180000,60187,60187,60187,60187,5
20170831,190000,60185,60185,60101,60101,6
20170831,200000,60120,60120,60095,60095,3
20170831,210000,60094,60094,60093,60093,2
20170831,220000,60081,60081,60081,60081,1
20170901,100000,60050,60109,59995,60050,24
20170901,110000,60194,60194,60048,60048,26
20170901,120000,60070,60070,60070,60070,3
20170901,130000,60071,60071,59860,59861,95
20170901,140000,59868,59906,59680,59688,59
20170901,150000,59690,59690,59380,59570,1129
20170901,160000,59528,59605,59528,59605,6
20170901,170000,59655,59655,59461,59461,64
20170901,180000,59490,59560,59450,59530,250
20170901,190000,59491,59491,59491,59491,1
20170901,200000,59477,59494,59440,59440,38
20170901,210000,59490,59490,59490,59490,4
20170904,100000,59688,59860,59688,59860,20
20170904,110000,59851,59851,59737,59737,20
20170904,120000,59838,59870,59838,59870,5
20170904,130000,59900,59900,59900,59900,10
20170904,140000,59875,59875,59875,59875,5
20170904,150000,59855,59940,59855,59940,10
20170904,160000,59840,59840,59840,59840,10
20170904,170000,59780,59780,59738,59738,2
20170905,100000,59838,59838,59838,59838,1
20170905,120000,59777,59865,59777,59865,6
20170905,130000,59880,59880,59849,59849,62
20170905,140000,59938,59998,59938,59998,7
20170905,150000,59938,59938,59760,59760,13
20170905,160000,59680,59680,59400,59400,1294
20170905,170000,59365,59365,59227,59284,144
20170905,180000,59200,59365,59183,59280,2628
20170905,190000,59390,59425,59390,59425,13
20170905,200000,59478,59478,59478,59478,4
20170905,210000,59390,59390,59390,59390,4
20170906,100000,59390,59390,59161,59168,223
20170906,110000,59170,59249,59170,59249,359
20170906,120000,59293,59303,59293,59295,13
20170906,130000,59295,59295,59295,59295,5
20170906,150000,59313,59395,59313,59395,12
20170906,160000,59415,59443,59370,59443,11
20170906,170000,59370,59370,59250,59288,8
20170906,180000,59210,59210,59210,59210,1
20170906,200000,59196,59196,59196,59196,1
20170906,210000,59250,59250,59250,59250,4
20170906,220000,59256,59256,59256,59256,8
20170906,230000,59221,59225,59221,59225,20
20170907,100000,59101,59101,58920,58920,83
20170907,110000,58903,58950,58900,58915,211
20170907,120000,58950,58950,58912,58912,2
20170907,130000,58922,58922,58850,58850,8
20170907,140000,58850,58890,58800,58890,167
20170907,150000,58883,58883,58688,58710,26
20170907,160000,58670,58756,58638,58717,308
20170907,180000,58759,58885,58740,58885,537
20170907,190000,58868,58868,58868,58868,1
20170907,200000,58863,58880,58855,58855,107
20170907,210000,58845,58845,58813,58813,152
20170907,220000,58775,58775,58775,58775,2
20170907,230000,58757,58759,58738,58759,39
20170908,100000,58621,58919,58621,58919,54
20170908,110000,58860,58860,58860,58860,2
20170908,120000,58875,58932,58819,58819,68
20170908,130000,58804,58837,58804,58837,3
20170908,140000,58884,58884,58884,58884,3
20170908,160000,58935,58935,58935,58935,3
20170908,170000,59060,59150,59060,59150,4
20170908,180000,59085,59085,59055,59055,4
20170908,190000,58993,59126,58993,59126,71
20170908,200000,59096,59200,59096,59200,22
20170908,210000,59251,59267,59251,59267,5
20170908,230000,59154,59154,59135,59135,27
20170911,100000,59005,59022,59000,59014,21
20170911,110000,58908,58908,58880,58880,9
20170911,120000,58888,58921,58888,58910,3014
20170911,130000,58915,58957,58915,58915,3005
20170911,140000,58930,58945,58930,58940,2000
20170911,150000,58950,58963,58947,58960,5500
20170911,160000,59000,59100,59000,59100,510
20170911,170000,58941,58941,58910,58910,1006
20170911,180000,58952,58952,58952,58952,1
20170911,200000,58993,58993,58993,58993,1
20170911,220000,58978,58978,58978,58978,10
20170912,100000,58927,58990,58927,58990,570
20170912,110000,59055,59310,59055,59310,39
20170912,120000,59352,59390,59298,59340,512
20170912,130000,59280,59280,59176,59176,8
20170912,140000,59228,59228,59168,59168,2
20170912,150000,59060,59313,59040,59313,27
20170912,160000,59355,59400,59355,59400,18
20170912,170000,59280,59400,59247,59358,35
20170912,180000,59420,59492,59420,59492,5
20170912,190000,59440,59464,59440,59464,13
20170912,200000,59449,59449,59449,59449,1
20170912,210000,59464,59464,59464,59464,7
20170912,220000,59412,59430,59412,59430,3
20170912,230000,59395,59395,59388,59388,6
20170913,100000,59470,59542,59356,59397,67
20170913,110000,59480,59480,59426,59426,22
20170913,120000,59466,59691,59439,59598,53
20170913,130000,59650,59650,59396,59396,16
20170913,140000,59500,59500,59500,59500,1
20170913,150000,59400,59400,59328,59328,17
20170913,160000,59497,59547,59480,59547,36
20170913,170000,59666,59697,59626,59627,1083
20170913,180000,59668,59668,59567,59653,93
20170913,190000,59706,59710,59663,59710,67
20170913,200000,59665,59665,59575,59575,8
20170913,210000,59560,59560,59560,59560,10
20170913,220000,59610,59660,59610,59660,2
20170913,230000,59705,59710,59705,59710,7
20170914,100000,59522,59579,59470,59470,9
20170914,110000,59400,59453,59400,59443,101
20170914,120000,59408,59435,59342,59410,43
20170914,130000,59405,59447,59405,59447,137
20170914,140000,59426,59495,59405,59495,29
20170914,150000,59499,59700,59499,59525,22
20170914,160000,59570,59570,59400,59408,82
20170914,170000,59411,59411,59171,59218,119
20170914,180000,59223,59223,59150,59200,11
20170914,190000,59230,59270,59230,59270,8
20170914,210000,59283,59283,59283,59283,1
20170914,220000,59266,59286,59260,59286,4
20170914,230000,59230,59259,59230,59259,5
20170915,100000,59235,59323,59126,59313,836
20170915,110000,59362,59368,59234,59264,2576
20170915,120000,59238,59340,59238,59340,103
20170915,130000,59288,59343,59200,59292,70
20170915,140000,59399,59399,59340,59340,5
20170915,150000,59269,59293,59224,59290,18
20170915,160000,59383,59383,59375,59375,20
20170915,170000,59414,59440,59265,59265,1200
20170915,180000,59315,59340,59265,59265,153
20170915,190000,59258,59258,59258,59258,5
20170915,200000,59245,59245,59245,59245,1
20170915,210000,59200,59200,59200,59200,1
20170915,220000,59300,59306,59300,59306,2
20170915,230000,59254,59304,59254,59304,8
20170918,100000,59333,59340,59234,59320,733
20170918,110000,59320,59320,59200,59200,144
20170918,120000,59219,59319,59219,59319,2
20170918,130000,59350,59355,59350,59355,2
20170918,140000,59450,59470,59450,59450,38
20170918,150000,59449,59449,59449,59449,1
20170918,160000,59550,59581,59550,59581,19
20170918,170000,59572,59750,59572,59750,185
20170918,180000,59744,59744,59710,59720,13
20170918,200000,59800,59800,59777,59777,21
20170918,210000,59840,59850,59838,59840,5
20170918,230000,59785,59785,59774,59774,3
20170919,100000,59661,59859,59661,59750,64
20170919,110000,59840,59848,59840,59848,107
20170919,120000,59859,59893,59765,59864,3292
20170919,130000,59803,59803,59719,59719,4
20170919,140000,59760,59760,59665,59721,4
20170919,150000,59696,59735,59680,59680,7
20170919,160000,59750,59850,59703,59850,42
20170919,170000,59920,59950,59833,59895,29
20170919,180000,59848,59888,59848,59888,2
20170919,190000,59985,60040,59964,60030,22
20170919,200000,60030,60040,59983,59983,24
20170919,210000,59937,59940,59900,59940,21
20170919,220000,59909,59909,59821,59862,8
20170919,230000,59843,59855,59835,59838,9
20170920,100000,59810,59829,59790,59829,160
20170920,110000,59800,59801,59800,59801,20
20170920,120000,59835,59848,59560,59600,655
20170920,130000,59650,59660,59580,59580,33
20170920,140000,59550,59580,59550,59557,14
20170920,150000,59539,59560,59438,59560,43
20170920,160000,59539,59548,59470,59480,91
20170920,170000,59470,59571,59470,59560,619
20170920,180000,59500,59528,59425,59450,45
20170920,190000,59450,59501,59450,59500,8
20170920,200000,59550,59550,59504,59504,26
20170920,210000,59533,60020,59533,59886,919
20170920,220000,59912,59912,59793,59793,28
20170920,230000,59793,59837,59793,59837,6
20170921,100000,59837,60045,59837,59875,236
20170921,110000,59838,60643,59838,59854,612
20170921,120000,59870,59880,59643,59648,7666
20170921,130000,59660,59774,59660,59736,3738
20170921,140000,59761,59830,59760,59763,822
20170921,150000,59750,59766,59626,59766,1558
20170921,160000,59709,59808,59700,59724,329
20170921,170000,59712,59783,59702,59758,2847
20170921,180000,59739,59753,59600,59637,3657
20170921,190000,59575,59575,59449,59506,222
20170921,200000,59497,59513,59485,59490,171
20170921,210000,59485,59485,59474,59485,34
20170921,220000,59489,59549,59489,59540,46
20170921,230000,59550,59558,59549,59550,83
20170922,100000,59530,59530,59200,59204,1185
20170922,110000,59207,59270,59169,59229,1099
20170922,120000,59220,59239,59100,59187,1604
20170922,130000,59175,59210,59135,59194,941
20170922,140000,59196,59196,59147,59155,90
20170922,150000,59176,59222,59176,59184,61
20170922,160000,59191,59214,59155,59199,346
20170922,170000,59152,59163,59075,59091,471
20170922,180000,59093,59178,59093,59156,852
20170922,190000,59195,59258,59185,59258,36
20170922,200000,59278,59302,59278,59290,33
20170922,210000,59259,59259,59241,59244,72
20170922,220000,59250,59251,59239,59239,24
20170922,230000,59250,59252,59083,59090,206
20170925,100000,59112,59285,59077,59244,1414
20170925,110000,59214,59219,58900,58924,1222
20170925,120000,58937,58979,58850,58923,402
20170925,130000,58936,59010,58926,58956,950
20170925,140000,58966,58966,58865,58906,1041
20170925,150000,58945,59070,58932,59060,963
20170925,160000,59065,59110,58985,58988,466
20170925,170000,58985,59159,58945,59155,2132
20170925,180000,59160,59290,59119,59197,1133
20170925,190000,59275,59346,59246,59325,274
20170925,200000,59304,59304,59125,59125,235
20170925,210000,59118,59152,59092,59152,51
20170925,220000,59125,59152,59096,59096,91
20170925,230000,59095,59173,59095,59173,203
20170926,100000,59087,59230,58942,59107,1051
20170926,110000,59117,59132,59016,59080,444
20170926,120000,59132,59175,59045,59175,355
20170926,130000,59175,59200,59125,59187,100
20170926,140000,59160,59278,59120,59247,228
20170926,150000,59222,59303,59222,59233,313
20170926,160000,59225,59299,59222,59268,428
20170926,170000,59280,59325,59212,59321,186
20170926,180000,59340,59491,59330,59463,540
20170926,190000,59465,59725,59463,59650,766
20170926,200000,59642,59643,59414,59414,1016
20170926,210000,59438,59451,59411,59411,42
20170926,220000,59419,59455,59419,59455,28
20170926,230000,59475,59475,59395,59407,137
20170927,100000,59500,59820,59500,59506,1919
20170927,110000,59500,59736,59395,59736,4694
20170927,120000,59750,59842,59688,59766,776
20170927,130000,59754,59780,59673,59771,422
20170927,140000,59770,59816,59694,59702,870
20170927,150000,59680,59951,59673,59896,960
20170927,160000,59916,59965,59831,59845,546
20170927,170000,59851,59861,59719,59743,1709
20170927,180000,59747,59767,59670,59726,368
20170927,190000,59800,59800,59709,59730,57
20170927,200000,59701,59782,59696,59782,32
20170927,210000,59753,59753,59700,59735,14
20170927,220000,59724,59780,59724,59775,30
20170927,230000,59789,59789,59756,59756,2
20170928,100000,59800,60151,59800,59954,1202
20170928,110000,59958,59958,59821,59822,558
20170928,120000,59818,59820,59700,59756,711
20170928,130000,59769,59774,59639,59650,300
20170928,140000,59655,59764,59627,59760,135
20170928,150000,59736,59736,59571,59650,359
20170928,160000,59635,59645,59494,59550,237
20170928,170000,59545,59614,59525,59562,66
20170928,180000,59552,59589,59549,59572,209
20170928,190000,59625,59716,59606,59606,153
20170928,200000,59607,59637,59550,59550,69
20170928,210000,59563,59563,59520,59529,30
20170928,220000,59543,59552,59524,59524,12
20170928,230000,59511,59544,59500,59500,93
20170929,100000,59529,59665,59482,59523,877
20170929,110000,59532,59571,59410,59450,683
20170929,120000,59410,59452,59330,59361,296
20170929,130000,59385,59430,59314,59355,413
20170929,140000,59370,59400,59298,59360,1861
20170929,150000,59356,59400,59050,59078,1846
20170929,160000,59050,59333,59030,59246,1036
20170929,170000,59262,59265,59094,59119,305
20170929,180000,59117,59121,59033,59106,501
20170929,190000,59127,59155,59073,59130,89
20170929,200000,59139,59139,59106,59106,30
20170929,210000,59142,59144,59113,59113,13
20170929,220000,59143,59143,59095,59114,35
20170929,230000,59090,59096,59025,59039,170
20171002,100000,59160,59453,59160,59370,682
20171002,110000,59395,59505,59340,59349,519
20171002,120000,59379,59426,59364,59424,1432
20171002,130000,59450,59539,59450,59493,314
20171002,140000,59476,59530,59470,59491,118
20171002,150000,59500,59500,59400,59438,137
20171002,160000,59400,59465,59375,59465,433
20171002,170000,59470,59510,59384,59446,562
20171002,180000,59441,59500,59425,59461,218
20171002,190000,59467,59467,59418,59448,25
20171002,200000,59463,59503,59447,59474,11
20171002,210000,59463,59470,59437,59438,5
20171002,220000,59467,59483,59467,59481,12
20171002,230000,59478,59486,59453,59454,329
20171003,100000,59550,59604,59405,59475,425
20171003,110000,59480,59580,59444,59533,971
20171003,120000,59530,59578,59487,59573,1937
20171003,130000,59564,59605,59500,59520,1396
20171003,140000,59512,59598,59512,59557,375
20171003,150000,59560,59716,59546,59678,1040
20171003,160000,59664,59690,59440,59480,1501
20171003,170000,59472,59501,59376,59447,261
20171003,180000,59470,59480,59405,59452,172
20171003,190000,59417,59465,59371,59388,82
20171003,200000,59368,59414,59348,59406,937
20171003,210000,59413,59416,59391,59391,24
20171003,220000,59393,59430,59393,59420,33
20171003,230000,59408,59466,59408,59466,12
20171004,100000,59375,59375,59242,59311,297
20171004,110000,59313,59401,59290,59325,900
20171004,120000,59311,59336,59300,59329,287
20171004,130000,59326,59336,59138,59159,898
20171004,140000,59161,59175,59077,59078,175
20171004,150000,59072,59170,59072,59117,155
20171004,160000,59110,59172,59110,59165,29
20171004,170000,59200,59268,59087,59095,536
20171004,180000,59110,59155,59060,59082,145
20171004,190000,59144,59180,59144,59171,16
20171004,200000,59183,59196,59148,59170,88
20171004,210000,59184,59184,59180,59180,18
20171004,220000,59175,59178,59175,59176,6
20171004,230000,59206,59218,59206,59206,25
20171005,100000,59250,59250,59037,59044,1149
20171005,110000,59063,59119,58887,58960,2382
20171005,120000,58983,59018,58901,58960,838
20171005,130000,58984,59046,58960,58993,347
20171005,140000,59021,59082,59007,59082,127
20171005,150000,59062,59062,58964,58965,177
20171005,160000,58965,59043,58962,58988,156
20171005,170000,59000,59031,58909,58947,288
20171005,180000,58980,59021,58976,59000,181
20171005,190000,58988,59027,58988,59006,25
20171005,200000,59025,59132,59025,59103,170
20171005,210000,59125,59155,59100,59137,114
20171005,220000,59132,59155,59120,59155,22
20171005,230000,59179,59218,59179,59210,76
20171006,100000,59210,59317,59177,59235,405
20171006,110000,59264,59276,59200,59276,296
20171006,120000,59266,59301,59188,59209,357
20171006,130000,59214,59285,59204,59250,196
20171006,140000,59258,59330,59242,59289,490
20171006,150000,59315,59570,59292,59570,4090
20171006,160000,59559,59705,59540,59636,3732
20171006,170000,59658,59726,59594,59651,860
20171006,180000,59642,59703,59600,59634,1062
20171006,190000,59634,59670,59610,59662,130
20171006,200000,59631,59631,59620,59622,6
20171006,210000,59665,59665,59650,59650,14
20171006,220000,59643,59670,59643,59659,111
20171006,230000,59645,59669,59645,59669,43
20171009,100000,59700,59877,59700,59769,1075
20171009,110000,59780,59841,59773,59800,204
20171009,120000,59825,59856,59794,59820,223
20171009,130000,59835,59904,59823,59883,245
20171009,140000,59864,59866,59783,59819,113
20171009,150000,59800,59844,59800,59817,29
20171009,160000,59812,59864,59811,59857,346
20171009,170000,59883,59977,59883,59927,361
20171009,180000,59920,59951,59788,59799,409
20171009,190000,59775,59815,59766,59788,42
20171009,200000,59800,59800,59758,59760,15
20171009,210000,59790,59827,59790,59827,4
20171009,220000,59829,59829,59828,59828,6
20171009,230000,59817,59817,59779,59789,28
20171010,100000,59750,59750,59500,59554,657
20171010,110000,59524,59526,59437,59437,432
20171010,120000,59433,59492,59350,59350,562
20171010,130000,59367,59471,59367,59439,298
20171010,140000,59438,59459,59275,59291,261
20171010,150000,59310,59369,59300,59365,167
20171010,160000,59354,59394,59266,59317,257
20171010,170000,59345,59433,59345,59347,173
20171010,180000,59362,59403,59362,59383,55
20171010,190000,59397,59453,59397,59435,22
20171010,200000,59425,59432,59425,59432,138
20171010,210000,59432,59443,59420,59420,59
20171010,220000,59440,59443,59393,59393,15
20171010,230000,59400,59449,59400,59449,15
20171011,100000,59416,59465,59309,59318,2640
20171011,110000,59321,59377,59280,59341,1417
20171011,120000,59348,59348,59275,59340,2764
20171011,130000,59309,59309,59191,59209,1608
20171011,140000,59234,59321,59226,59250,222
20171011,150000,59253,59315,59217,59243,229
20171011,160000,59250,59300,59250,59300,349
20171011,170000,59290,59354,59285,59343,1165
20171011,180000,59342,59357,59327,59332,2233
20171011,190000,59304,59327,59290,59306,18
20171011,200000,59295,59295,59295,59295,10
20171011,210000,59296,59296,59244,59249,170
20171011,220000,59245,59245,59218,59224,68
20171011,230000,59213,59278,59213,59275,81
20171012,100000,59230,59230,59064,59064,938
20171012,110000,59077,59096,59039,59069,355
20171012,120000,59080,59100,59050,59096,141
20171012,130000,59114,59163,59096,59145,350
20171012,140000,59120,59133,59094,59133,104
20171012,150000,59130,59201,59110,59152,1207
20171012,160000,59173,59185,59165,59180,67
20171012,170000,59200,59250,59139,59163,623
20171012,180000,59156,59160,59096,59098,775
20171012,190000,59067,59140,59014,59140,138
20171012,200000,59150,59150,59090,59100,13
20171012,210000,59074,59074,59050,59050,11
20171012,220000,59070,59105,59070,59105,5
20171012,230000,59130,59138,59108,59114,45
20171013,100000,59076,59092,58949,58989,1151
20171013,110000,58982,58993,58939,58993,187
20171013,120000,58997,59060,58997,59049,173
20171013,130000,59072,59078,59043,59078,126
20171013,140000,59080,59125,59080,59080,57
20171013,150000,59077,59092,58683,58710,7989
20171013,160000,58741,58787,58506,58550,2704
20171013,170000,58549,58644,58543,58614,779
20171013,180000,58605,58622,58501,58567,377
20171013,190000,58547,58571,58455,58502,554
20171013,200000,58527,58618,58526,58594,195
20171013,210000,58612,58622,58559,58559,49
20171013,220000,58581,58581,58568,58568,2
20171013,230000,58594,58596,58573,58573,17
20171016,100000,58517,58560,58359,58500,1714
20171016,110000,58540,58600,58497,58596,2304
20171016,120000,58601,58677,58577,58602,302
20171016,130000,58630,58641,58608,58621,318
20171016,140000,58650,58659,58536,58568,817
20171016,150000,58567,58579,58497,58543,1118
20171016,160000,58547,58661,58547,58659,255
20171016,170000,58650,58671,58625,58648,374
20171016,180000,58628,58732,58620,58720,192
20171016,190000,58708,58717,58687,58695,233
20171016,200000,58718,58764,58718,58734,100
20171016,210000,58726,58726,58660,58705,82
20171016,220000,58728,58728,58688,58688,6
20171016,230000,58673,58703,58673,58703,19
20171017,100000,58777,58807,58624,58630,9032
20171017,110000,58625,58730,58608,58724,3704
20171017,120000,58715,58723,58645,58719,1679
20171017,130000,58719,58740,58675,58740,2194
20171017,140000,58730,58765,58698,58716,2490
20171017,150000,58708,58790,58702,58785,607
20171017,160000,58770,58832,58755,58825,1999
20171017,170000,58840,58847,58756,58825,553
20171017,180000,58825,58893,58816,58887,5493
20171017,190000,58908,58908,58841,58847,536
20171017,200000,58830,58842,58750,58750,201
20171017,210000,58750,58771,58677,58685,183
20171017,220000,58685,58698,58650,58696,124
20171017,230000,58665,58689,58645,58662,81
20171018,100000,58656,58692,58541,58650,1870
20171018,110000,58645,58686,58618,58670,4782
20171018,120000,58675,58758,58661,58732,1510
20171018,130000,58745,58753,58646,58678,587
20171018,140000,58686,58710,58665,58709,311
20171018,150000,58733,58800,58713,58755,2393
20171018,160000,58768,58773,58700,58768,1705
20171018,170000,58759,58768,58680,58740,9044
20171018,180000,58733,58867,58725,58857,1030
20171018,190000,58828,58875,58790,58795,123
20171018,200000,58820,58827,58808,58827,146
20171018,210000,58790,58790,58775,58775,20
20171018,220000,58775,58789,58744,58789,170
20171018,230000,58790,58800,58770,58800,40
20171019,100000,58757,58949,58717,58830,13800
20171019,110000,58830,59097,58829,58959,13717
20171019,120000,58952,58977,58854,58910,1221
20171019,130000,58915,58956,58829,58915,2250
20171019,140000,58958,58985,58890,58890,1113
20171019,150000,58898,58997,58892,58939,2716
20171019,160000,58974,58974,58850,58882,585
20171019,170000,58906,58911,58657,58669,6242
20171019,180000,58650,58700,58630,58683,562
20171019,190000,58700,58762,58690,58700,277
20171019,200000,58690,58720,58688,58698,556
20171019,210000,58679,58708,58679,58700,114
20171019,220000,58700,58723,58684,58684,23
20171019,230000,58674,58674,58580,58605,115
20171020,100000,58720,58855,58661,58797,861
20171020,110000,58821,58948,58809,58875,5882
20171020,120000,58880,58930,58839,58845,17641
20171020,130000,58860,58880,58816,58869,4078
20171020,140000,58870,58882,58679,58715,6306
20171020,150000,58716,58840,58696,58840,3223
20171020,160000,58843,58895,58820,58846,3629
20171020,170000,58874,58902,58730,58810,831
20171020,180000,58813,58835,58733,58834,303
20171020,190000,58830,58875,58788,58810,192
20171020,200000,58803,58803,58777,58800,51
20171020,210000,58820,58855,58777,58781,71
20171020,220000,58774,58783,58774,58783,7
20171020,230000,58783,58784,58775,58775,18
20171023,100000,58795,58832,58698,58698,828
20171023,110000,58688,58772,58688,58772,1136
20171023,120000,58775,58785,58669,58785,1984
20171023,130000,58788,58792,58758,58765,303
20171023,140000,58765,58766,58714,58743,353
20171023,150000,58750,58770,58721,58770,1109
20171023,160000,58759,58759,58708,58708,354
20171023,170000,58714,58730,58698,58710,1755
20171023,180000,58711,58848,58710,58800,1973
20171023,190000,58779,58817,58779,58807,33
20171023,200000,58815,58835,58803,58803,10
20171023,210000,58803,58805,58798,58798,11
20171023,220000,58820,58846,58814,58814,19
20171023,230000,58820,58838,58820,58834,105
20171024,100000,58795,58942,58795,58895,4244
20171024,110000,58902,58927,58749,58800,1039
20171024,120000,58797,58846,58756,58756,1866
20171024,130000,58748,58760,58676,58690,4864
20171024,140000,58703,58758,58638,58745,679
20171024,150000,58738,58754,58696,58721,66
20171024,160000,58743,58815,58743,58813,306
20171024,170000,58794,58975,58793,58880,1495
20171024,180000,58900,58950,58860,58865,403
20171024,190000,58886,58930,58875,58930,56
20171024,200000,58896,58910,58890,58900,19
20171024,210000,58897,58897,58860,58860,16
20171024,220000,58840,58912,58838,58911,28
20171024,230000,58913,58921,58898,58910,55
20171025,100000,58859,58926,58840,58862,299
20171025,110000,58858,58869,58800,58847,409
20171025,120000,58866,58868,58773,58809,1768
20171025,130000,58810,58826,58767,58790,1954
20171025,140000,58787,58823,58782,58794,635
20171025,150000,58795,58955,58795,58920,3552
20171025,160000,58916,58927,58806,58838,1254
20171025,170000,58819,58915,58796,58910,781
20171025,180000,58908,59000,58908,58986,417
20171025,190000,59060,59060,59005,59005,62
20171025,200000,59003,59074,59003,59065,38
20171025,210000,59051,59067,59026,59035,47
20171025,220000,59023,59023,59023,59023,5
20171025,230000,59005,59005,58988,59000,36
20171026,100000,58980,59116,58939,59022,1008
20171026,110000,59024,59031,58918,58933,392
20171026,120000,58975,58975,58910,58935,677
20171026,130000,58909,58953,58909,58952,50
20171026,140000,58987,58987,58915,58915,103
20171026,150000,58900,58965,58828,58828,332
20171026,160000,58825,58893,58734,58871,347
20171026,170000,58877,58957,58868,58945,205
20171026,180000,58963,59013,58917,58917,651
20171026,190000,58960,59098,58960,59087,97
20171026,200000,59100,59144,59067,59119,89
20171026,210000,59116,59126,59093,59107,57
20171026,220000,59106,59114,59085,59108,86
20171026,230000,59105,59105,59090,59105,89
20171027,100000,59123,59384,59123,59340,5268
20171027,110000,59349,59401,59296,59365,3066
20171027,120000,59371,59380,59334,59347,313
20171027,130000,59339,59555,59244,59478,1429
20171027,140000,59516,59702,59516,59702,1724
20171027,150000,59660,60008,59651,59816,11352
20171027,160000,59781,59908,59758,59765,1943
20171027,170000,59750,59750,59358,59464,5307
20171027,180000,59465,59525,59378,59515,1270
20171027,190000,59473,59532,59400,59438,445
20171027,200000,59430,59453,59375,59398,97
20171027,210000,59368,59403,59352,59376,353
20171027,220000,59379,59388,59321,59345,118
20171027,230000,59372,59372,59302,59319,131
20171030,100000,59302,59323,58972,59025,1683
20171030,110000,59035,59057,58967,59038,559
20171030,120000,59022,59054,58940,59054,185
20171030,130000,59037,59044,58997,58997,212
20171030,140000,58982,58987,58895,58973,1065
20171030,150000,58979,59030,58950,59030,351
20171030,160000,59012,59083,59012,59075,295
20171030,170000,59056,59181,58990,59167,679
20171030,180000,59188,59189,59117,59136,201
20171030,190000,59124,59179,59109,59146,409
20171030,200000,59138,59176,59133,59166,86
20171030,210000,59184,59209,59164,59164,41
20171030,220000,59165,59165,59164,59164,6
20171030,230000,59175,59224,59175,59224,67
20171031,100000,59175,59410,59175,59404,677
20171031,110000,59400,59458,59337,59350,245
20171031,120000,59370,59438,59350,59423,1656
20171031,130000,59429,59652,59418,59623,1699
20171031,140000,59651,59695,59478,59508,1322
20171031,150000,59533,59608,59528,59602,1170
20171031,160000,59601,59615,59535,59593,797
20171031,170000,59630,59822,59630,59822,783
20171031,180000,59820,59823,59616,59631,496
20171031,190000,59558,59585,59475,59555,151
20171031,200000,59549,59560,59518,59525,97
20171031,210000,59535,59559,59535,59546,25
20171031,220000,59564,59709,59544,59699,248
20171031,230000,59688,59688,59565,59565,47
20171101,100000,59500,59519,59280,59336,1664
20171101,110000,59325,59468,59290,59468,474
20171101,120000,59475,59540,59330,59417,3002
20171101,130000,59393,59441,59285,59387,1194
20171101,140000,59386,59386,59313,59317,118
20171101,150000,59341,59425,59313,59396,173
20171101,160000,59390,59390,59328,59372,549
20171101,170000,59345,59420,59239,59420,1178
20171101,180000,59420,59487,59371,59450,352
20171101,190000,59411,59440,59371,59380,145
20171101,200000,59397,59490,59384,59490,54
20171101,210000,59500,59615,59420,59576,999
20171101,220000,59584,59616,59512,59527,81
20171101,230000,59526,59526,59490,59490,226
20171102,100000,59412,59412,59188,59295,667
20171102,110000,59300,59380,59281,59380,190
20171102,120000,59340,59380,59322,59340,95
20171102,130000,59350,59417,59335,59415,405
20171102,140000,59430,59495,59425,59489,198
20171102,150000,59495,59600,59472,59552,561
20171102,160000,59582,59661,59550,59550,5317
20171102,170000,59577,59577,59440,59480,7174
20171102,180000,59470,59599,59470,59599,868
20171102,190000,59572,59589,59550,59550,94
20171102,200000,59541,59546,59500,59508,37
20171102,210000,59504,59504,59465,59485,27
20171102,220000,59456,59495,59383,59389,1225
20171102,230000,59375,59399,59373,59391,196
20171103,100000,59443,59804,59418,59705,3269
20171103,110000,59680,59680,59547,59585,1079
20171103,120000,59569,59790,59535,59711,2648
20171103,130000,59715,59870,59662,59845,2525
20171103,140000,59850,59970,59772,59777,947
20171103,150000,59767,59858,59571,59817,2887
20171103,160000,59856,59963,59754,59934,1808
20171103,170000,59949,60451,59941,60325,5556
20171103,180000,60328,60369,60255,60286,1053
20171103,190000,60325,60408,60291,60306,471
20171103,200000,60300,60312,60270,60288,113
20171103,210000,60281,60281,60137,60137,379
20171103,220000,60137,60200,60125,60190,92
20171103,230000,60206,60268,60205,60250,73
20171107,100000,60100,60100,59501,59704,84927
20171107,110000,59702,59929,59702,59881,13401
20171107,120000,59880,59970,59791,59922,13135
20171107,130000,59922,60022,59887,59887,1380
20171107,140000,59935,60155,59920,60155,2968
20171107,150000,60165,60227,60084,60131,1538
20171107,160000,60115,60115,60006,60034,285
20171107,170000,60048,60207,59934,60202,5487
20171107,180000,60212,60435,60212,60335,1180
20171107,190000,60361,60624,60361,60550,2056
20171107,200000,60540,60540,60470,60513,1734
20171107,210000,60505,60559,60490,60509,659
20171107,220000,60542,60550,60520,60548,179
20171107,230000,60532,60538,60487,60506,46
20171108,100000,60450,60637,60290,60325,2212
20171108,110000,60329,60478,60307,60438,451
20171108,120000,60450,60508,60275,60460,1152
20171108,130000,60466,60525,60385,60518,1476
20171108,140000,60550,60755,60526,60670,3646
20171108,150000,60681,60741,60545,60549,1869
20171108,160000,60526,60531,60368,60381,3302
20171108,170000,60414,60541,60327,60473,3451
20171108,180000,60451,60453,60394,60423,909
20171108,190000,60304,60359,60289,60350,675
20171108,200000,60310,60447,60245,60447,636
20171108,210000,60439,60461,60394,60394,2135
20171108,220000,60387,60414,60385,60403,5663
20171108,230000,60407,60435,60405,60405,55
20171109,100000,60376,60490,60307,60442,660
20171109,110000,60453,60510,60417,60458,622
20171109,120000,60450,60510,60417,60492,366
20171109,130000,60480,60584,60410,60482,2591
20171109,140000,60468,60468,60290,60290,1638
20171109,150000,60280,60551,60272,60526,2566
20171109,160000,60526,60588,60473,60555,1906
20171109,170000,60568,60596,60395,60402,1110
20171109,180000,60375,60392,60331,60380,828
20171109,190000,60399,60456,60375,60456,2427
20171109,200000,60459,60549,60459,60524,161
20171109,210000,60500,60542,60497,60503,239
20171109,220000,60486,60498,60462,60462,13
20171109,230000,60486,60486,60426,60426,27
20171110,100000,60434,60490,60362,60449,2795
20171110,110000,60450,60450,60305,60410,1005
20171110,120000,60410,60410,60287,60300,523
20171110,130000,60370,60428,60340,60410,323
20171110,140000,60400,60451,60377,60415,3838
20171110,150000,60417,60423,60345,60350,268
20171110,160000,60344,60415,60310,60390,669
20171110,170000,60397,60397,60185,60206,1016
20171110,180000,60190,60220,60092,60205,1693
20171110,190000,60235,60328,60235,60317,287
20171110,200000,60308,60335,60246,60312,319
20171110,210000,60320,60334,60320,60334,28
20171110,220000,60337,60337,60295,60324,125
20171110,230000,60317,60339,60308,60339,124
20171113,100000,60315,60315,60200,60258,1438
20171113,110000,60277,60428,60228,60420,8432
20171113,120000,60434,60669,60428,60558,1345
20171113,130000,60576,60621,60543,60575,605
20171113,140000,60571,60595,60450,60489,504
20171113,150000,60465,60672,60412,60664,1161
20171113,160000,60655,60714,60523,60584,899
20171113,170000,60595,60650,60575,60590,1594
20171113,180000,60595,60595,60460,60525,446
20171113,190000,60565,60588,60516,60554,545
20171113,200000,60541,60571,60525,60535,47
20171113,210000,60503,60522,60500,60522,64
20171113,220000,60515,60515,60484,60488,77
20171113,230000,60481,60490,60431,60490,54
20171114,100000,60509,60657,60509,60600,1302
20171114,110000,60602,60948,60602,60854,2637
20171114,120000,60857,60860,60635,60673,1771
20171114,130000,60692,60802,60670,60776,6155
20171114,140000,60785,60872,60740,60872,997
20171114,150000,60875,60959,60815,60920,2445
20171114,160000,60931,60931,60810,60869,1762
20171114,170000,60861,61127,60786,61120,4233
20171114,180000,61128,61209,61082,61141,1794
20171114,190000,61216,61265,61177,61222,1760
20171114,200000,61223,61354,61223,61295,1559
20171114,210000,61307,61307,61248,61248,286
20171114,220000,61268,61319,61256,61296,241
20171114,230000,61301,61364,61301,61340,245
20171115,100000,61388,61599,61312,61339,2226
20171115,110000,61321,61400,61167,61400,2099
20171115,120000,61401,61463,61283,61407,1536
20171115,130000,61424,61464,61350,61436,433
20171115,140000,61444,61550,61375,61438,1328
20171115,150000,61432,61503,61341,61341,515
20171115,160000,61335,61384,61138,61293,2045
20171115,170000,61270,61386,61200,61272,1448
20171115,180000,61275,61318,61230,61289,464
20171115,190000,61289,61350,61197,61233,315
20171115,200000,61207,61254,61194,61224,171
20171115,210000,61234,61250,61210,61212,153
20171115,220000,61241,61332,61241,61332,84
20171115,230000,61319,61324,61290,61290,67
20171116,100000,61250,61250,61031,61099,2922
20171116,110000,61098,61102,60938,60988,1888
20171116,120000,60984,61052,60895,60965,2141
20171116,130000,60960,61072,60936,61064,2923
20171116,140000,61050,61115,61021,61085,2067
20171116,150000,61077,61125,61040,61062,3395
20171116,160000,61063,61063,60883,60916,7817
20171116,170000,60926,60958,60850,60900,2259
20171116,180000,60910,60955,60780,60790,842
20171116,190000,60751,60765,60686,60749,722
20171116,200000,60750,60787,60704,60730,441
20171116,210000,60723,60744,60710,60727,129
20171116,220000,60745,60774,60733,60774,260
20171116,230000,60782,60806,60776,60806,293
20171117,100000,60761,60771,60604,60727,1873
20171117,110000,60744,60839,60737,60769,513
20171117,120000,60794,60795,60661,60693,1049
20171117,130000,60702,60710,60666,60697,458
20171117,140000,60699,60700,60445,60491,1957
20171117,150000,60510,60525,60398,60441,915
20171117,160000,60428,60579,60425,60493,1610
20171117,170000,60505,60535,60293,60331,3340
20171117,180000,60326,60443,60284,60382,1077
20171117,190000,60406,60422,60230,60245,582
20171117,200000,60226,60289,60128,60142,468
20171117,210000,60158,60163,60085,60107,240
20171117,220000,60108,60152,60091,60135,49
20171117,230000,60129,60163,60110,60138,1517
20171120,100000,60235,60440,60235,60398,4676
20171120,110000,60416,60417,60185,60248,7147
20171120,120000,60258,60320,60186,60303,2779
20171120,130000,60286,60404,60276,60400,1370
20171120,140000,60407,60476,60334,60384,4482
20171120,150000,60410,60648,60404,60584,8828
20171120,160000,60580,60620,60471,60514,4236
20171120,170000,60518,60566,60474,60478,3322
20171120,180000,60489,60580,60462,60533,1735
20171120,190000,60500,60500,60384,60478,419
20171120,200000,60490,60519,60440,60440,65
20171120,210000,60435,60436,60387,60387,149
20171120,220000,60387,60412,60387,60412,223
20171120,230000,60412,60412,60391,60397,23
20171121,100000,60415,60594,60415,60565,3633
20171121,110000,60564,60587,60452,60468,4514
20171121,120000,60472,60507,60395,60449,1474
20171121,130000,60434,60546,60430,60505,978
20171121,140000,60502,60539,60493,60535,349
20171121,150000,60535,60535,60471,60500,3259
20171121,160000,60476,60476,60380,60437,1173
20171121,170000,60428,60452,60227,60227,2173
20171121,180000,60223,60254,60161,60230,2016
20171121,190000,60230,60247,60185,60207,215
20171121,200000,60206,60241,60202,60240,99
20171121,210000,60223,60234,60201,60226,279
20171121,220000,60210,60235,60195,60235,349
20171121,230000,60235,60265,60229,60265,152
20171122,100000,60177,60195,60026,60056,4255
20171122,110000,60060,60085,59876,59962,4209
20171122,120000,59949,60019,59930,59979,3324
20171122,130000,59987,60015,59883,59895,2179
20171122,140000,59907,59915,59774,59851,2076
20171122,150000,59853,59919,59781,59802,1590
20171122,160000,59793,59834,59703,59804,4596
20171122,170000,59801,59804,59675,59693,4389
20171122,180000,59683,59800,59680,59735,2237
20171122,190000,59752,59752,59606,59644,679
20171122,200000,59618,59668,59585,59627,632
20171122,210000,59627,59652,59621,59638,206
20171122,220000,59638,59638,59496,59516,38571
20171122,230000,59522,59550,59500,59528,4003
20171123,100000,59535,59575,59411,59480,50830
20171123,110000,59475,59536,59409,59415,7569
20171123,120000,59411,59455,59354,59449,1357
20171123,130000,59446,59450,59391,59391,1181
20171123,140000,59387,59474,59355,59460,815
20171123,150000,59463,59495,59439,59484,1534
20171123,160000,59465,59500,59429,59468,1649
20171123,170000,59479,59515,59450,59471,4604
20171123,180000,59474,59474,59402,59447,2270
20171123,190000,59438,59496,59420,59438,420
20171123,200000,59426,59455,59413,59442,211
20171123,210000,59444,59491,59441,59480,223
20171123,220000,59485,59544,59482,59514,341
20171123,230000,59514,59533,59500,59500,91
20171124,100000,59540,59630,59519,59560,8343
20171124,110000,59555,59555,59375,59391,4562
20171124,120000,59401,59445,59380,59431,3180
20171124,130000,59435,59491,59425,59473,1145
20171124,140000,59457,59500,59363,59363,4112
20171124,150000,59365,59427,59323,59420,1475
20171124,160000,59445,59520,59420,59434,3584
20171124,170000,59448,59448,59350,59408,8413
20171124,180000,59387,59441,59387,59410,1893
20171124,190000,59333,59385,59224,59249,2201
20171124,200000,59231,59289,59231,59289,590
20171124,210000,59283,59305,59276,59305,682
20171124,220000,59310,59332,59303,59309,13
20171124,230000,59308,59355,59299,59352,131
20171127,100000,59332,59389,59174,59200,4878
20171127,110000,59207,59252,59111,59130,6316
20171127,120000,59126,59173,59094,59154,653
20171127,130000,59163,59180,59022,59078,2197
20171127,140000,59108,59145,59050,59103,3620
20171127,150000,59103,59186,59095,59173,2843
20171127,160000,59131,59164,59060,59094,1460
20171127,170000,59104,59174,59079,59158,711
20171127,180000,59172,59262,59153,59191,1694
20171127,190000,59199,59350,59180,59326,1375
20171127,200000,59327,59477,59327,59442,808
20171127,210000,59440,59440,59379,59397,159
20171127,220000,59403,59427,59393,59405,110
20171127,230000,59421,59465,59412,59465,485
20171128,100000,59468,59524,59325,59332,1883
20171128,110000,59340,59340,59230,59268,6926
20171128,120000,59268,59389,59268,59307,7334
20171128,130000,59292,59316,59247,59285,1602
20171128,140000,59286,59289,59203,59262,1004
20171128,150000,59265,59275,59226,59241,2278
20171128,160000,59241,59269,59166,59269,4060
20171128,170000,59240,59360,59218,59344,3352
20171128,180000,59353,59412,59306,59361,2559
20171128,190000,59358,59358,59327,59342,137
20171128,200000,59340,59344,59299,59314,222
20171128,210000,59325,59333,59318,59325,93
20171128,220000,59338,59359,59324,59355,75
20171128,230000,59335,59340,59315,59337,399
20171129,100000,59370,59413,59220,59233,2223
20171129,110000,59230,59289,59230,59269,6087
20171129,120000,59260,59286,59199,59257,5732
20171129,130000,59254,59313,59242,59309,5314
20171129,140000,59317,59320,59250,59277,1201
20171129,150000,59277,59295,59240,59295,9407
20171129,160000,59291,59453,59286,59373,4180
20171129,170000,59373,59405,59329,59398,1269
20171129,180000,59398,59490,59355,59447,5305
20171129,190000,59413,59589,59412,59476,4617
20171129,200000,59474,59635,59470,59625,936
20171129,210000,59627,59645,59550,59581,883
20171129,220000,59581,59581,59520,59555,439
20171129,230000,59555,59582,59551,59551,230
20171130,100000,59555,59555,59375,59534,16925
20171130,110000,59530,59650,59515,59561,7499
20171130,120000,59549,59595,59492,59552,6087
20171130,130000,59559,59582,59327,59371,3256
20171130,140000,59348,59421,59308,59414,965
20171130,150000,59410,59466,59270,59309,1737
20171130,160000,59300,59415,59274,59375,1475
20171130,170000,59400,59433,59324,59333,794
20171130,180000,59329,59448,59299,59413,1996
20171130,190000,59350,59435,59327,59355,1042
20171130,200000,59359,59378,59294,59378,350
20171130,210000,59377,59378,59346,59346,98
20171130,220000,59346,59390,59346,59390,25
20171130,230000,59376,59376,59349,59349,386
20171201,100000,59389,59468,59368,59440,5802
20171201,110000,59440,59490,59392,59464,3609
20171201,120000,59477,59582,59466,59580,3911
20171201,130000,59591,59680,59513,59680,1192
20171201,140000,59670,59677,59572,59580,6031
20171201,150000,59572,59584,59513,59533,655
20171201,160000,59544,59573,59455,59480,5980
20171201,170000,59478,59485,59413,59470,961
20171201,180000,59441,59478,59401,59415,1152
20171201,190000,59440,60052,59381,59881,10718
20171201,200000,59892,60024,59874,59945,1377
20171201,210000,59924,59924,59773,59800,3099
20171201,220000,59806,59835,59763,59799,1096
20171201,230000,59783,59825,59778,59800,352
20171204,100000,59757,60005,59740,59876,8788
20171204,110000,59878,59920,59699,59723,3484
20171204,120000,59721,59864,59711,59829,1381
20171204,130000,59840,59875,59789,59853,1220
20171204,140000,59848,59849,59738,59761,1053
20171204,150000,59755,59820,59755,59795,475
20171204,160000,59800,59800,59645,59707,1902
20171204,170000,59718,59838,59680,59784,3122
20171204,180000,59789,59815,59717,59765,631
20171204,190000,59787,59798,59729,59762,201
20171204,200000,59758,59758,59601,59643,633
20171204,210000,59643,59653,59545,59602,1413
20171204,220000,59612,59688,59599,59682,311
20171204,230000,59671,59695,59671,59683,88
20171205,100000,59694,59735,59540,59550,7824
20171205,110000,59550,59587,59491,59519,8449
20171205,120000,59539,59556,59470,59512,4352
20171205,130000,59513,59527,59483,59492,7993
20171205,140000,59485,59551,59467,59547,6523
20171205,150000,59553,59600,59540,59596,8614
20171205,160000,59597,59625,59535,59595,3067
20171205,170000,59605,59639,59559,59625,1426
20171205,180000,59626,59684,59554,59565,2314
20171205,190000,59549,59601,59493,59599,1198
20171205,200000,59582,59601,59499,59562,593
20171205,210000,59550,59568,59546,59567,220
20171205,220000,59556,59603,59547,59601,312
20171205,230000,59605,59605,59580,59598,531
20171206,100000,59595,59861,59591,59807,4811
20171206,110000,59815,59864,59767,59795,14188
20171206,120000,59795,59909,59795,59878,3420
20171206,130000,59887,59990,59862,59989,3250
20171206,140000,59980,60000,59931,59968,2931
20171206,150000,59965,60000,59920,59949,1277
20171206,160000,59945,60035,59886,60028,11624
20171206,170000,60023,60073,59941,60000,5979
20171206,180000,60004,60009,59925,59998,2626
20171206,190000,59976,60099,59974,60077,5239
20171206,200000,60061,60062,60033,60052,1140
20171206,210000,60046,60052,60015,60037,774
20171206,220000,60020,60075,60019,60055,3092
20171206,230000,60059,60076,60046,60066,1291
20171207,100000,60075,60230,60075,60165,10115
20171207,110000,60168,60173,60008,60091,13230
20171207,120000,60089,60107,60035,60042,2147
20171207,130000,60030,60065,59972,60034,2239
20171207,140000,60032,60123,60031,60094,4807
20171207,150000,60087,60108,60024,60085,2820
20171207,160000,60084,60106,60028,60079,4659
20171207,170000,60078,60200,60045,60061,5499
20171207,180000,60051,60090,59997,60011,2543
20171207,190000,60004,60033,59951,59981,1704
20171207,200000,59985,60016,59966,59979,585
20171207,210000,59979,59993,59926,59993,446
20171207,220000,59982,60043,59971,60017,1861
20171207,230000,60017,60044,59997,60024,545
20171208,100000,60036,60174,60011,60038,9083
20171208,110000,60035,60160,60029,60151,19170
20171208,120000,60154,60195,60112,60162,12089
20171208,130000,60165,60174,60083,60147,18246
20171208,140000,60163,60197,60104,60112,11884
20171208,150000,60108,60148,60075,60145,3920
20171208,160000,60147,60150,59865,59899,9495
20171208,170000,59899,59966,59842,59940,4587
20171208,180000,59940,60077,59918,60049,5984
20171208,190000,60040,60103,60027,60075,1177
20171208,200000,60073,60120,60072,60111,1069
20171208,210000,60111,60112,60066,60067,665
20171208,220000,60080,60094,60059,60072,324
20171208,230000,60073,60080,59960,59979,1704
20171211,100000,59989,60130,59925,60103,26243
20171211,110000,60109,60150,60081,60118,6532
20171211,120000,60112,60127,59999,60031,6349
20171211,130000,60027,60063,59990,60063,2936
20171211,140000,60058,60090,60018,60069,10029
20171211,150000,60066,60068,59930,59948,8081
20171211,160000,59950,60039,59934,60008,3536
20171211,170000,60015,60054,59949,59949,20083
20171211,180000,59946,60000,59933,59947,3935
20171211,190000,59921,59921,59730,59744,7920
20171211,200000,59731,59775,59670,59759,6656
20171211,210000,59752,59791,59735,59746,1826
20171211,220000,59741,59799,59735,59779,890
20171211,230000,59780,59816,59780,59800,1530
20171212,100000,59800,59800,59551,59563,26711
20171212,110000,59558,59636,59550,59632,13056
20171212,120000,59635,59643,59558,59608,7043
20171212,130000,59602,59619,59580,59590,5105
20171212,140000,59586,59631,59584,59625,7388
20171212,150000,59626,59653,59571,59589,10583
20171212,160000,59590,59780,59580,59769,13439
20171212,170000,59780,59861,59708,59816,6051
20171212,180000,59815,59970,59792,59970,5882
20171212,190000,59934,60034,59934,60019,3978
20171212,200000,60029,60053,59965,60024,2103
20171212,210000,60020,60053,60000,60038,844
20171212,220000,60040,60067,60002,60024,874
20171212,230000,60023,60060,60005,60060,852
20171213,100000,60040,60053,59855,59863,9361
20171213,110000,59868,59891,59824,59857,11609
20171213,120000,59857,59933,59829,59910,13532
20171213,130000,59908,59915,59840,59852,9292
20171213,140000,59845,59858,59804,59834,2103
20171213,150000,59835,59846,59684,59687,14629
20171213,160000,59693,59705,59539,59643,27474
20171213,170000,59640,59684,59606,59674,18183
20171213,180000,59677,59703,59561,59564,16867
20171213,190000,59560,59636,59460,59578,10301
20171213,200000,59574,59622,59534,59557,3220
20171213,210000,59552,59576,59357,59364,5825
20171213,220000,59364,59468,59267,59346,10771
20171213,230000,59342,59396,59310,59365,3100
20171214,100000,59415,59531,59400,59460,25901
20171214,110000,59460,59482,59290,59338,19218
20171214,120000,59347,59402,59312,59348,18845
20171214,130000,59358,59390,59340,59352,6708
20171214,140000,59365,59385,59250,59368,14094
20171214,150000,59368,59481,59355,59449,17038
20171214,160000,59440,59536,59400,59494,21468
20171214,170000,59497,59581,59457,59492,35393
20171214,180000,59495,59656,59480,59538,27349
20171214,190000,59578,59619,59531,59603,3488
20171214,200000,59610,59648,59551,59577,3237
20171214,210000,59586,59593,59482,59569,1847
20171214,220000,59566,59569,59510,59536,1686
20171214,230000,59536,59541,59475,59480,2826
20171215,100000,59500,59669,59500,59617,27808
20171215,110000,59617,59625,59535,59582,11232
20171215,120000,59578,59603,59557,59572,12622
20171215,130000,59573,59746,59491,59511,37935
20171215,140000,59520,59606,59485,59582,16241
20171215,150000,59583,59620,59566,59599,12521
20171215,160000,59595,59602,59421,59434,19349
20171215,170000,59435,59606,59422,59563,20491
20171215,180000,59564,59618,59487,59487,8894
20171215,190000,59480,59524,59400,59482,5091
20171215,200000,59480,59520,59457,59502,2473
20171215,210000,59499,59541,59489,59503,3142
20171215,220000,59501,59533,59493,59505,2022
20171215,230000,59507,59535,59480,59499,1447
20171218,100000,59480,59480,59331,59374,33042
20171218,110000,59374,59389,59326,59383,29066
20171218,120000,59383,59384,59237,59279,66727
20171218,130000,59279,59340,59257,59282,41852
20171218,140000,59283,59339,59272,59322,13193
20171218,150000,59317,59337,59260,59307,18666
20171218,160000,59308,59329,59274,59315,12050
20171218,170000,59314,59364,59293,59350,16385
20171218,180000,59352,59362,59271,59278,10021
20171218,190000,59271,59311,59213,59292,11979
20171218,200000,59292,59365,59288,59349,10412
20171218,210000,59349,59370,59329,59352,4402
20171218,220000,59349,59352,59308,59323,3405
20171218,230000,59318,59351,59318,59351,3416
20171219,100000,59337,59350,59259,59267,29985
20171219,110000,59267,59293,59202,59265,75294
20171219,120000,59265,59318,59237,59285,51234
20171219,130000,59286,59295,59250,59267,32247
20171219,140000,59259,59279,59248,59265,5942
20171219,150000,59262,59306,59227,59287,28831
20171219,160000,59287,59325,59266,59301,36785
20171219,170000,59305,59451,59283,59451,56878
20171219,180000,59449,59525,59408,59450,38804
20171219,190000,59485,59515,59460,59462,19541
20171219,200000,59464,59470,59460,59460,20740
20171219,210000,59460,59486,59451,59460,8923
20171219,220000,59454,59468,59450,59463,7536
20171219,230000,59462,59467,59450,59450,13389
20171220,100000,59459,59464,59351,59390,286279
20171220,110000,59393,59395,59308,59362,109000
20171220,120000,59363,59378,59276,59316,85008
20171220,130000,59318,59320,59251,59304,41675
20171220,140000,59300,59353,59290,59324,54246
20171220,150000,59323,59356,59290,59351,74877
20171220,160000,59353,59359,59308,59339,42004
20171220,170000,59338,59416,59288,59350,57932
20171220,180000,59345,59391,59316,59318,36675
20171220,190000,59313,59363,59311,59356,25884
20171220,200000,59359,59380,59326,59342,11028
20171220,210000,59340,59370,59316,59365,9217
20171220,220000,59366,59392,59360,59377,10707
20171220,230000,59381,59382,59362,59370,8343
20171221,100000,59370,59382,59145,59221,216400
20171221,110000,59223,59240,59115,59222,225772
20171221,120000,59221,59242,59195,59200,146861
20171221,130000,59201,59208,59109,59130,140415
20171221,140000,59127,59189,59085,59147,135988
20171221,150000,59148,59177,59105,59107,122502
20171221,160000,59106,59158,59071,59091,121219
20171221,170000,59091,59169,59085,59139,104019
20171221,180000,59140,59178,59121,59149,57905
20171221,190000,59176,59230,59158,59206,61748
20171221,200000,59205,59217,59144,59180,26497
20171221,210000,59180,59193,59122,59130,20336
20171221,220000,59129,59143,59107,59119,17142
20171221,230000,59120,59147,59118,59118,17007
20171222,100000,59117,59133,58876,58882,271215
20171222,110000,58880,58922,58813,58897,197209
20171222,120000,58897,58955,58890,58949,143965
20171222,130000,58950,58950,58855,58900,138697
20171222,140000,58898,58929,58885,58899,44952
20171222,150000,58898,58934,58893,58924,53447
20171222,160000,58924,58938,58880,58920,81719
20171222,170000,58920,58925,58875,58878,51306
20171222,180000,58876,58963,58872,58959,79353
20171222,190000,58959,58988,58912,58966,54608
20171222,200000,58966,58994,58953,58986,26779
20171222,210000,58986,58990,58937,58956,26294
20171222,220000,58956,58974,58941,58974,10549
20171222,230000,58971,58999,58968,58999,24591
20171225,100000,58982,59000,58740,58748,199707
20171225,110000,58750,58761,58712,58734,85493
20171225,120000,58734,58781,58678,58707,116779
20171225,130000,58707,58707,58614,58625,107576
20171225,140000,58625,58644,58509,58532,92824
20171225,150000,58528,58560,58422,58499,147727
20171225,160000,58499,58601,58493,58586,95556
20171225,170000,58583,58617,58515,58551,70246
20171225,180000,58555,58610,58524,58565,42873
20171225,190000,58567,58609,58560,58609,14371
20171225,200000,58610,58619,58565,58580,15263
20171225,210000,58580,58597,58570,58586,5669
20171225,220000,58586,58608,58576,58604,6372
20171225,230000,58605,58608,58566,58583,13984
20171226,100000,58594,58693,58156,58286,609298
20171226,110000,58287,58375,58267,58347,173696
20171226,120000,58347,58378,58334,58362,92129
20171226,130000,58362,58375,58302,58357,148346
20171226,140000,58360,58393,58338,58378,81646
20171226,150000,58378,58424,58300,58324,163299
20171226,160000,58322,58372,58305,58317,59687
20171226,170000,58317,58358,58254,58334,95995
20171226,180000,58334,58355,58277,58291,98742
20171226,190000,58304,58320,58249,58259,53473
20171226,200000,58259,58300,58258,58293,29905
20171226,210000,58292,58312,58265,58279,15169
20171226,220000,58279,58290,58229,58246,20653
20171226,230000,58242,58263,58220,58258,15420
20171227,100000,58221,58221,58000,58070,313784
20171227,110000,58071,58150,58056,58149,187383
20171227,120000,58149,58357,58145,58296,304856
20171227,130000,58295,58545,58278,58460,306338
20171227,140000,58459,58470,58291,58344,203605
20171227,150000,58344,58367,58303,58312,129935
20171227,160000,58309,58377,58220,58370,150767
20171227,170000,58369,58399,58228,58352,182791
20171227,180000,58349,58384,58255,58269,85809
20171227,190000,58274,58420,58274,58416,49945
20171227,200000,58416,58492,58403,58475,46666
20171227,210000,58478,58486,58386,58401,23419
20171227,220000,58401,58415,58355,58369,19347
20171227,230000,58369,58388,58315,58331,15893
20171228,100000,58324,58324,58177,58200,198438
20171228,110000,58200,58210,58102,58146,166784
20171228,120000,58143,58144,57961,58073,366471
20171228,130000,58074,58140,58066,58104,112106
20171228,140000,58106,58209,58054,58180,110560
20171228,150000,58178,58239,58164,58215,118079
20171228,160000,58216,58255,58077,58091,130103
20171228,170000,58094,58148,58035,58139,128716
20171228,180000,58138,58172,58101,58133,66048
20171228,190000,58144,58194,58118,58141,51092
20171228,200000,58139,58191,58124,58185,16530
20171228,210000,58186,58192,58133,58142,11593
20171228,220000,58144,58153,58110,58120,14961
20171228,230000,58120,58153,58100,58103,15301
20171229,100000,58129,58220,58050,58183,137363
20171229,110000,58185,58189,58000,58018,167526
20171229,120000,58016,58162,58015,58137,135160
20171229,130000,58137,58244,58133,58239,129238
20171229,140000,58235,58392,58191,58381,164758
20171229,150000,58379,58474,58361,58419,161569
20171229,160000,58421,58424,58315,58389,78522
20171229,170000,58387,58410,58171,58176,102124
20171229,180000,58177,58191,58083,58100,98119
20180103,100000,58099,58111,57900,58072,154976
20180103,110000,58068,58090,57811,57834,190747
20180103,120000,57833,57915,57828,57907,77608
20180103,130000,57907,57940,57847,57890,56730
20180103,140000,57889,57962,57884,57947,48254
20180103,150000,57947,57974,57883,57970,37523
20180103,160000,57969,58003,57837,57865,80033
20180103,170000,57865,57924,57816,57837,68591
20180103,180000,57837,57895,57837,57845,52926
20180103,190000,57840,57874,57729,57761,54606
20180103,200000,57763,57766,57649,57668,35050
20180103,210000,57667,57745,57630,57724,45628
20180103,220000,57723,57825,57723,57787,34023
20180103,230000,57784,57790,57731,57790,14257
20180104,100000,57785,57814,57657,57783,111368
20180104,110000,57783,57796,57652,57688,88813
20180104,120000,57687,57722,57591,57623,76973
20180104,130000,57621,57750,57605,57734,76271
20180104,140000,57730,57750,57640,57694,47859
20180104,150000,57694,57708,57563,57632,76148
20180104,160000,57634,57715,57568,57650,97432
20180104,170000,57650,57655,57552,57624,74051
20180104,180000,57622,57648,57557,57579,44268
20180104,190000,57563,57563,57392,57473,73308
20180104,200000,57475,57483,57321,57369,63644
20180104,210000,57369,57420,57327,57405,39177
20180104,220000,57407,57439,57390,57417,23424
20180104,230000,57419,57425,57372,57390,24693
20180105,100000,57390,57579,57390,57570,110890
20180105,110000,57566,57603,57487,57574,81149
20180105,120000,57574,57594,57479,57586,83163
20180105,130000,57587,57636,57558,57578,56983
20180105,140000,57579,57600,57534,57552,23851
20180105,150000,57550,57645,57550,57620,44247
20180105,160000,57617,57668,57430,57537,171381
20180105,170000,57537,57617,57462,57550,74377
20180105,180000,57550,57558,57428,57510,61496
20180105,190000,57525,57563,57504,57517,20725
20180105,200000,57515,57527,57495,57513,8317
20180105,210000,57510,57544,57509,57513,7760
20180105,220000,57514,57528,57483,57503,12588
20180105,230000,57504,57519,57485,57519,12854
20180109,100000,57520,57635,57475,57617,158363
20180109,110000,57617,57706,57575,57702,169397
20180109,120000,57702,57715,57597,57619,125047
20180109,130000,57619,57640,57500,57542,100928
20180109,140000,57540,57577,57329,57364,198236
20180109,150000,57365,57599,57332,57548,169287
20180109,160000,57548,57634,57538,57625,108479
20180109,170000,57625,57686,57534,57622,168068
20180109,180000,57623,57625,57519,57565,116882
20180109,190000,57576,57578,57425,57467,75607
20180109,200000,57467,57559,57461,57493,42672
20180109,210000,57491,57503,57478,57487,20653
20180109,220000,57489,57540,57477,57490,22497
20180109,230000,57493,57531,57480,57519,16003
20180110,100000,57506,57521,57270,57435,274142
20180110,110000,57435,57439,57312,57396,182284
20180110,120000,57399,57535,57382,57487,168094
20180110,130000,57490,57609,57431,57557,202608
20180110,140000,57545,57578,57417,57439,117641
20180110,150000,57439,57536,57438,57525,96969
20180110,160000,57525,57566,57442,57509,87062
20180110,170000,57507,57563,57422,57504,134620
20180110,180000,57505,57542,57450,57464,118422
20180110,190000,57451,57554,57428,57552,96068
20180110,200000,57554,57559,57475,57486,27505
20180110,210000,57487,57508,57470,57484,14229
20180110,220000,57485,57618,57471,57548,45220
20180110,230000,57548,57555,57507,57514,16172
20180111,100000,57534,57583,57432,57472,184568
20180111,110000,57473,57499,57420,57442,147872
20180111,120000,57440,57540,57431,57483,105000
20180111,130000,57484,57537,57457,57519,95913
20180111,140000,57519,57534,57465,57493,67753
20180111,150000,57493,57497,57406,57451,146096
20180111,160000,57450,57484,57353,57396,136630
20180111,170000,57396,57399,57261,57288,184364
20180111,180000,57288,57305,57186,57224,127764
20180111,190000,57182,57188,57101,57169,129392
20180111,200000,57169,57173,57062,57072,47811
20180111,210000,57072,57100,57050,57080,39675
20180111,220000,57081,57110,56929,56970,90705
20180111,230000,56968,56986,56923,56923,31754
20180112,100000,56941,57172,56940,57165,238670
20180112,110000,57168,57170,57007,57065,160319
20180112,120000,57065,57068,56910,56981,201973
20180112,130000,56982,57041,56962,57005,67071
20180112,140000,57002,57020,56972,57016,58683
20180112,150000,57012,57119,57006,57077,90346
20180112,160000,57079,57223,56988,57170,336909
20180112,170000,57168,57198,57030,57049,213631
20180112,180000,57047,57058,56992,57023,69387
20180112,190000,57037,57111,57003,57101,52157
20180112,200000,57101,57107,57045,57063,37768
20180112,210000,57062,57067,57030,57041,20182
20180112,220000,57041,57055,57016,57045,26128
20180112,230000,57046,57117,57042,57086,30318
20180115,100000,57085,57085,56676,56789,240788
20180115,110000,56790,56838,56742,56801,176410
20180115,120000,56802,56949,56792,56850,192950
20180115,130000,56850,56934,56836,56906,82776
20180115,140000,56905,56997,56895,56971,118280
20180115,150000,56971,56986,56895,56908,60572
20180115,160000,56908,56968,56867,56940,90079
20180115,170000,56940,57029,56917,56919,126683
20180115,180000,56921,56943,56812,56819,92337
20180115,190000,56811,56915,56811,56892,47872
20180115,200000,56890,56900,56824,56843,20128
20180115,210000,56843,56884,56830,56839,10452
20180115,220000,56839,56860,56793,56814,21998
20180115,230000,56811,56830,56773,56802,15941
20180116,100000,56794,56936,56750,56859,347347
20180116,110000,56860,56908,56800,56886,119811
20180116,120000,56887,56937,56850,56876,141080
20180116,130000,56876,56976,56874,56942,146959
20180116,140000,56942,56983,56905,56958,80817
20180116,150000,56958,56975,56892,56913,77640
20180116,160000,56910,56974,56878,56916,100042
20180116,170000,56916,56967,56886,56908,108157
20180116,180000,56907,56918,56825,56842,78861
20180116,190000,56863,56954,56829,56936,54371
20180116,200000,56940,56959,56884,56938,43624
20180116,210000,56939,56950,56914,56935,14434
20180116,220000,56935,56963,56932,56943,25859
20180116,230000,56941,57013,56929,56997,29921
20180117,100000,57006,57190,56998,57000,228615
20180117,110000,57002,57058,56988,57034,145471
20180117,120000,57032,57093,56994,57066,169920
20180117,130000,57064,57117,57042,57090,110656
20180117,140000,57090,57113,57074,57108,69852
20180117,150000,57110,57361,57106,57321,424020
20180117,160000,57321,57416,57263,57325,348956
20180117,170000,57324,57345,57225,57244,189340
20180117,180000,57245,57272,57175,57200,111335
20180117,190000,57200,57222,57135,57158,58136
20180117,200000,57158,57160,57069,57124,59831
20180117,210000,57124,57139,57055,57066,48964
20180117,220000,57067,57172,57055,57168,34970
20180117,230000,57168,57250,57157,57214,103104
20180118,100000,57216,57284,57104,57180,305555
20180118,110000,57180,57214,57131,57214,115201
20180118,120000,57212,57221,57115,57127,132254
20180118,130000,57124,57179,57119,57169,83455
20180118,140000,57169,57171,57039,57063,165251
20180118,150000,57062,57096,57007,57027,145169
20180118,160000,57027,57031,56926,56947,197769
20180118,170000,56947,56990,56900,56921,133468
20180118,180000,56922,56999,56921,56999,56993
20180118,190000,56973,56984,56834,56861,70809
20180118,200000,56861,56936,56841,56922,35801
20180118,210000,56922,56935,56882,56897,25242
20180118,220000,56900,56907,56860,56870,14020
20180118,230000,56871,56950,56852,56947,59292
