20170925,111500,10180,10180,10180,10180,2
20170926,100000,10110,10110,10110,10110,2
20170926,124500,10410,10410,10410,10410,2
20170927,120000,10340,10340,10245,10245,21
20170927,143000,10270,10270,10270,10270,1
20170927,154500,10281,10281,10281,10281,1
20170927,174500,10239,10255,10239,10255,2
20170928,101500,10230,10230,10214,10214,2
20170928,103000,10205,10205,10205,10205,1
20170929,111500,10236,10245,10236,10245,2
20170929,121500,10214,10214,10214,10214,1
20170929,124500,10205,10205,10205,10205,1
20171002,100000,10189,10189,10189,10189,1
20171002,101500,10180,10180,10180,10180,1
20171002,113000,10210,10210,10210,10210,1
20171002,231500,10155,10155,10155,10155,1
20171003,163000,10130,10130,10130,10130,1
20171003,180000,10121,10121,10121,10121,1
20171004,204500,9966,9966,9966,9966,1
20171004,210000,9966,9966,9966,9966,1
20171005,100000,9930,9960,9930,9960,4
20171005,110000,9940,9940,9940,9940,1
20171005,121500,9908,9927,9896,9927,3
20171005,123000,9902,9902,9877,9877,4
20171005,151500,9854,9854,9854,9854,1
20171005,183000,9807,9813,9807,9813,2
20171005,201500,9804,9804,9804,9804,1
20171005,214500,9796,9796,9796,9796,1
20171005,224500,9800,9800,9800,9800,1
20171006,100000,9824,9848,9824,9848,3
20171006,103000,9861,9861,9861,9861,1
20171006,104500,9878,9902,9878,9902,3
20171006,110000,9926,9926,9926,9926,1
20171006,123000,10000,10000,10000,10000,14
20171006,130000,10319,10320,10050,10050,36
20171006,170000,10057,10058,10057,10058,10
20171006,171500,10000,10000,10000,10000,28
20171009,100000,10023,10026,10020,10026,54
20171009,101500,10029,10029,10029,10029,14
20171009,104500,9970,9970,9970,9970,10
20171009,110000,9914,9914,9914,9914,5
20171009,111500,9886,9886,9886,9886,5
20171012,234500,9700,9700,9700,9700,1
20171013,133000,9676,9676,9676,9676,1
20171013,134500,9676,9676,9676,9676,1
20171013,160000,9600,9600,9600,9600,1
20171016,103000,9500,9500,9500,9500,3
20171016,121500,9476,9476,9476,9476,4
20171016,134500,9502,9502,9500,9500,3
20171016,143000,9499,9499,9499,9499,1
20171016,144500,9466,9466,9464,9464,4
20171016,170000,9481,9481,9481,9481,10
20171016,181500,9479,9479,9479,9479,4
20171017,100000,9400,9400,9400,9400,1
20171017,151500,9401,9401,9401,9401,26
20171017,221500,9419,9419,9419,9419,10
20171017,233000,9417,9417,9417,9417,5
20171018,100000,9350,9375,9350,9375,11
20171018,131500,9302,9302,9302,9302,10
20171018,134500,9340,9354,9340,9354,15
20171019,100000,9454,9454,9454,9454,4
20171019,101500,9400,9400,9400,9400,4
20171020,100000,9304,9304,9200,9200,3
20171020,101500,9201,9201,9179,9179,21
20171020,103000,9100,9100,9100,9100,1
20171020,104500,9162,9195,9161,9179,50
20171020,110000,9151,9151,9151,9151,10
20171020,120000,9100,9100,9100,9100,1
20171020,130000,9000,9000,9000,9000,2
20171020,133000,9050,9050,9050,9050,7
20171020,151500,8908,8908,8908,8908,4
20171020,160000,8908,8908,8908,8908,2
20171020,161500,8831,8831,8831,8831,2
20171020,164500,8700,8700,8700,8700,1
20171020,170000,8698,8714,8600,8600,13
20171020,171500,8618,8765,8523,8765,8
20171020,173000,8783,8822,8783,8822,6
20171020,180000,8832,8833,8815,8833,11
20171020,183000,8845,8846,8845,8846,5
20171020,220000,8770,8770,8759,8759,3
20171023,100000,8714,8714,8535,8535,20
20171023,103000,8543,8543,8543,8543,1
20171023,114500,8518,8518,8518,8518,5
20171023,141500,8584,8584,8584,8584,5
20171023,224500,8554,8554,8554,8554,1
20171024,113000,8392,8400,8392,8400,2
20171024,114500,8343,8343,8343,8343,5
20171024,143000,8250,8250,8249,8249,2
20171024,144500,8203,8203,8163,8163,22
20171024,151500,8122,8122,8079,8079,12
20171024,153000,8100,8100,8100,8100,1
20171024,170000,8104,8104,8100,8100,2
20171024,183000,8139,8139,8100,8100,2
20171025,104500,8349,8400,8349,8400,20
20171025,111500,8395,8395,8395,8395,1
20171025,123000,8412,8412,8400,8400,9
20171025,130000,8434,8434,8434,8434,9
20171025,141500,8379,8379,8379,8379,1
20171025,151500,8385,8385,8385,8385,5
20171025,153000,8374,8374,8374,8374,1
20171025,160000,8391,8391,8391,8391,2
20171025,163000,8455,8455,8455,8455,10
20171026,100000,8303,8303,8303,8303,10
20171026,124500,8379,8448,8379,8406,12
20171026,183000,8450,8450,8450,8450,8
20171027,100000,8491,8491,8491,8491,1
20171027,143000,8254,8254,8254,8254,1
20171027,153000,8267,8267,8267,8267,5
20171027,154500,8200,8200,8200,8200,1
20171030,100000,8236,8236,8200,8200,15
20171030,113000,8246,8246,8246,8246,1
20171031,110000,8276,8276,8276,8276,1
20171031,111500,8180,8180,8180,8180,5
20171031,160000,8000,8000,8000,8000,4
20171031,164500,7990,7990,7990,7990,4
20171031,180000,7972,7973,7900,7900,11
20171031,181500,7919,7919,7919,7919,1
20171031,183000,7963,7963,7963,7963,1
20171101,103000,7939,7939,7939,7939,2
20171101,104500,7920,7937,7920,7937,2
20171101,110000,7943,7957,7943,7957,8
20171101,111500,7959,7974,7959,7969,8
20171101,114500,7800,7800,7800,7800,3
20171101,120000,7779,7783,7779,7783,2
20171101,121500,7769,7769,7769,7769,10
20171101,124500,7780,7780,7746,7746,20
20171101,143000,7805,7805,7800,7800,13
20171101,144500,7899,7900,7899,7900,6
20171101,190000,7862,7900,7862,7900,4
20171101,193000,7853,7861,7853,7861,5
20171101,214500,7849,7849,7849,7849,1
20171102,101500,7836,7842,7767,7767,13
20171102,131500,7619,7619,7619,7619,4
20171102,133000,7591,7591,7591,7591,1
20171102,141500,7557,7557,7557,7557,12
20171102,143000,7505,7505,7500,7500,6
20171102,150000,7741,7742,7741,7742,2
20171102,171500,7755,7755,7755,7755,3
20171102,210000,7660,7661,7660,7661,5
20171102,224500,7554,7554,7444,7554,21
20171102,230000,7488,7488,7487,7487,20
20171103,103000,7531,7617,7531,7617,2
20171103,104500,7594,7599,7518,7599,6
20171103,110000,7659,7662,7659,7662,7
20171103,111500,7697,7697,7697,7697,1
20171103,151500,7702,7702,7701,7701,2
20171103,160000,7628,7628,7628,7628,2
20171103,200000,7610,7610,7568,7568,2
20171107,114500,7500,7500,7500,7500,1
20171107,173000,7614,7666,7614,7666,10
20171108,100000,7600,7600,7600,7600,10
20171108,101500,7575,7575,7575,7575,13
20171108,120000,7663,7663,7663,7663,1
20171108,163000,7678,7682,7678,7682,2
20171108,173000,7656,7656,7656,7656,9
20171108,174500,7591,7591,7591,7591,5
20171108,214500,7682,7682,7682,7682,1
20171109,101500,7673,7673,7673,7673,1
20171109,103000,7611,7611,7611,7611,1
20171109,120000,7556,7556,7556,7556,10
20171109,123000,7618,7618,7618,7618,2
20171109,130000,7537,7537,6905,6905,50
20171109,131500,7582,7582,7582,7582,1
20171109,143000,7607,7607,7607,7607,1
20171109,160000,7587,7587,7370,7370,10
20171110,101500,7501,7558,6929,7544,91
20171110,103000,7455,7455,7455,7455,1
20171110,111500,7430,7480,7430,7480,3
20171110,123000,7426,7426,7426,7426,1
20171110,144500,7399,7399,7399,7399,1
20171110,150000,7389,7414,7389,7414,2
20171110,151500,7375,7375,7190,7190,120
20171110,154500,7219,7219,7219,7219,1
20171110,160000,7301,7301,7301,7301,1
20171110,161500,7291,7291,7291,7291,5
20171110,164500,7291,7291,7291,7291,2
20171110,170000,7254,7254,7254,7254,6
20171110,173000,7267,7279,7267,7279,6
20171110,174500,7269,7269,7269,7269,1
20171110,183000,7203,7203,7200,7200,4
20171110,190000,7201,7201,7200,7200,75
20171110,193000,7283,7283,7283,7283,3
20171110,203000,7278,7278,7278,7278,1
20171110,231500,7284,7499,7284,7285,95
20171110,234500,7294,7294,7294,7294,2
20171113,101500,7292,7292,7292,7292,1
20171113,103000,7265,7265,7265,7265,1
20171113,110000,7248,7248,7248,7248,1
20171113,113000,7352,7352,7352,7352,1
20171113,121500,7352,7385,7352,7385,7
20171113,154500,7309,7309,7309,7309,5
20171113,161500,7303,7500,7300,7500,25
20171113,164500,7331,7331,7331,7331,1
20171113,171500,7300,7300,7300,7300,1
20171113,180000,7300,7300,7300,7300,2
20171113,233000,7300,7300,7300,7300,1
20171114,101500,7300,7300,7300,7300,1
20171114,110000,7250,7250,7200,7200,20
20171114,114500,7250,7250,7250,7250,1
20171114,120000,7250,7250,7250,7250,3
20171114,121500,7250,7250,7250,7250,4
20171114,130000,7255,7255,7255,7255,1
20171114,131500,7200,7200,7200,7200,1
20171114,133000,7177,7177,7177,7177,6
20171114,134500,7186,7186,7144,7144,11
20171114,140000,7171,7171,7171,7171,10
20171114,144500,7249,7256,7249,7256,20
20171114,153000,7230,7230,7230,7230,1
20171114,154500,7235,7235,7195,7195,2
20171114,160000,7195,7195,7195,7195,4
20171114,161500,7195,7200,7195,7200,8
20171114,163000,7200,7200,7200,7200,6
20171114,181500,7170,7170,7162,7162,2
20171114,183000,7162,7162,7162,7162,10
20171114,193000,7078,7298,6950,6950,20
20171114,194500,6938,6954,6901,6901,52
20171114,200000,6945,6945,6930,6930,5
20171114,201500,6900,6900,6900,6900,2
20171114,203000,6901,6901,6820,6820,2
20171114,204500,6860,6860,6800,6810,49
20171114,210000,6784,6785,6733,6733,26
20171114,211500,6756,6756,6733,6733,40
20171114,214500,6775,6775,6768,6768,10
20171114,220000,6769,6878,6769,6878,30
20171114,221500,6841,6879,6841,6879,44
20171114,224500,6858,6858,6858,6858,4
20171114,230000,6821,6821,6821,6821,18
20171114,231500,6872,6872,6872,6872,2
20171114,233000,6873,6876,6873,6876,4
20171114,234500,6850,6850,6850,6850,10
20171115,100000,6833,6833,6495,6500,653
20171115,101500,6500,6600,6495,6495,118
20171115,103000,6573,6758,6501,6550,283
20171115,104500,6537,6580,6495,6510,326
20171115,111500,6500,6539,6495,6495,14
20171115,113000,6530,6539,6520,6539,30
20171115,114500,6570,6575,6550,6550,16
20171115,120000,6550,6550,6550,6550,20
20171115,121500,6540,6543,6516,6521,23
20171115,123000,6521,6521,6521,6521,1
20171115,130000,6561,6561,6529,6529,99
20171115,131500,6529,6529,6529,6529,10
20171115,133000,6529,6529,6500,6514,81
20171115,140000,6523,6523,6500,6512,18
20171115,141500,6500,6500,6455,6455,18
20171115,143000,6463,6475,6463,6475,3
20171115,144500,6484,6494,6484,6494,32
20171115,150000,6499,6499,6481,6481,11
20171115,151500,6480,6480,6455,6475,37
20171115,153000,6480,6490,6474,6490,33
20171115,154500,6478,6478,6474,6478,8
20171115,160000,6492,6494,6460,6469,33
20171115,161500,6472,6472,6449,6449,4
20171115,163000,6444,6444,6402,6402,86
20171115,164500,6400,6413,6392,6413,51
20171115,173000,6367,6367,6367,6367,10
20171115,174500,6362,6370,6350,6350,15
20171115,180000,6352,6352,6336,6336,7
20171115,183000,6309,6334,6309,6334,8
20171115,190000,6320,6500,6320,6500,1826
20171115,191500,6487,6526,6465,6465,29
20171115,193000,6450,6450,6411,6411,49
20171115,194500,6465,6465,6464,6464,11
20171115,211500,6495,6500,6495,6500,68
20171115,214500,6467,6467,6466,6466,2
20171115,223000,6411,6411,6411,6411,10
20171115,224500,6461,6461,6461,6461,1
20171116,100000,6483,6569,6480,6495,187
20171116,101500,6500,6649,6495,6580,357
20171116,103000,6648,6659,6511,6560,95
20171116,104500,6560,6560,6534,6534,187
20171116,110000,6521,6548,6521,6545,90
20171116,114500,6565,6565,6565,6565,3
20171116,123000,6502,6502,6500,6500,30
20171116,124500,6501,6501,6475,6475,15
20171116,130000,6479,6517,6479,6505,7
20171116,131500,6505,6505,6481,6505,5
20171116,134500,6550,6550,6550,6550,1
20171116,141500,6564,6565,6564,6565,3
20171116,144500,6539,6545,6539,6545,2
20171116,150000,6571,6633,6571,6579,95
20171116,151500,6599,6634,6599,6634,30
20171116,153000,6630,6634,6630,6634,2
20171116,160000,6579,6602,6579,6602,40
20171116,161500,6620,6620,6583,6583,4
20171116,163000,6581,6585,6570,6585,8
20171116,164500,6579,6595,6576,6594,12
20171116,170000,6609,6640,6608,6639,7
20171116,171500,6640,6700,6639,6700,318
20171116,173000,6696,6710,6696,6710,1003
20171116,180000,6697,6705,6697,6704,93
20171116,181500,6729,6733,6720,6733,79
20171116,183000,6719,6719,6693,6693,76
20171116,190000,6740,6740,6740,6740,1
20171116,193000,6750,6750,6749,6749,3
20171116,194500,6749,6750,6674,6674,63
20171116,200000,6674,6698,6674,6698,2
20171116,201500,6677,6763,6664,6670,5
20171116,210000,6688,6688,6688,6688,1
20171116,220000,6730,6749,6730,6749,15
20171116,221500,6730,6730,6710,6710,13
20171116,223000,6747,6747,6747,6747,1
20171116,230000,6778,6778,6778,6778,1
20171117,100000,6701,6750,6677,6732,1019
20171117,101500,6800,6850,6800,6850,30
20171117,103000,6810,6841,6748,6757,439
20171117,104500,6744,6759,6701,6735,103
20171117,110000,6750,6765,6747,6763,69
20171117,111500,6761,6800,6761,6780,112
20171117,113000,6798,6811,6798,6811,56
20171117,114500,6823,6835,6823,6830,15
20171117,120000,6836,6837,6829,6831,5
20171117,121500,6832,6849,6832,6849,472
20171117,123000,6859,6859,6859,6859,6
20171117,124500,6859,6860,6859,6860,21
20171117,130000,6888,6940,6888,6917,11
20171117,131500,6910,6939,6910,6939,22
20171117,133000,6940,6956,6903,6949,43
20171117,134500,6949,6994,6949,6994,66
20171117,140000,6961,6961,6927,6927,4
20171117,141500,6960,6975,6960,6975,11
20171117,143000,6974,6974,6950,6971,127
20171117,144500,6980,6997,6979,6997,32
20171117,150000,6998,7019,6991,7005,65
20171117,151500,6999,7037,6997,6997,660
20171117,153000,6975,6975,6962,6962,11
20171117,154500,6999,7010,6994,7010,156
20171117,161500,6985,6995,6985,6995,19
20171117,163000,6992,6998,6992,6997,133
20171117,164500,6994,7010,6994,7010,36
20171117,170000,6971,6971,6920,6920,150
20171117,171500,6977,6985,6972,6972,13
20171117,173000,6986,7007,6986,7007,11
20171117,180000,6951,6951,6951,6951,1
20171117,181500,6951,6951,6951,6951,1
20171117,183000,6970,6970,6969,6969,2
20171117,191500,7033,7043,7033,7043,4
20171117,193000,7015,7015,7015,7015,1
20171117,194500,7044,7044,7044,7044,1
20171117,200000,7015,7015,7007,7007,14
20171117,204500,6986,6986,6986,6986,1
20171117,224500,7019,7019,7019,7019,2
20171117,230000,6989,6989,6989,6989,1
20171117,233000,6960,6960,6960,6960,1
20171117,234500,6961,6961,6950,6950,20
20171120,100000,7044,7094,7001,7001,57
20171120,101500,7058,7058,7058,7058,1
20171120,103000,7000,7000,7000,7000,3
20171120,104500,6950,6981,6877,6880,278
20171120,110000,6880,6880,6880,6880,4
20171120,111500,6901,6901,6871,6871,10
20171120,113000,6854,6854,6815,6823,44
20171120,120000,6889,6910,6889,6910,2
20171120,121500,6919,6919,6919,6919,10
20171120,123000,6860,6860,6860,6860,2
20171120,124500,6865,6865,6865,6865,1
20171120,130000,6851,6884,6850,6884,13
20171120,131500,6855,6855,6855,6855,5
20171120,133000,6870,6880,6870,6880,2
20171120,134500,6871,6890,6870,6890,6
20171120,140000,6870,6870,6870,6870,17
20171120,151500,6865,6865,6850,6850,12
20171120,160000,6851,6851,6850,6850,51
20171120,163000,6846,6846,6846,6846,3
20171120,164500,6817,6817,6817,6817,1
20171120,170000,6862,6862,6862,6862,3
20171120,173000,6892,6892,6892,6892,3
20171120,181500,6855,6855,6855,6855,10
20171120,183000,6829,6829,6827,6827,6
20171120,191500,6811,6811,6811,6811,14
20171120,194500,6805,6805,6805,6805,27
20171120,200000,6805,6805,6805,6805,93
20171120,201500,6852,6852,6852,6852,1
20171120,203000,6845,6852,6845,6852,64
20171121,100000,6860,6865,6860,6865,107
20171121,101500,6817,6817,6712,6712,67
20171121,103000,6798,6798,6798,6798,3
20171121,110000,6799,6799,6799,6799,1
20171121,111500,6794,6794,6794,6794,3
20171121,113000,6752,6752,6730,6730,37
20171121,114500,6720,6720,6720,6720,2
20171121,120000,6714,6714,6634,6650,120
20171121,121500,6650,6650,6650,6650,60
20171121,123000,6641,6641,6606,6628,60
20171121,124500,6629,6634,6629,6634,6
20171121,131500,6687,6735,6687,6735,20
20171121,133000,6739,6739,6739,6739,1
20171121,160000,6777,6780,6777,6780,100
20171121,161500,6719,6719,6696,6696,52
20171121,163000,6696,6696,6696,6696,18
20171121,174500,6699,6699,6699,6699,1
20171121,180000,6695,6695,6695,6695,1
20171121,181500,6695,6695,6695,6695,3
20171122,100000,6675,6756,6675,6701,86
20171122,101500,6656,6777,6631,6777,165
20171122,103000,6760,6760,6716,6716,111
20171122,104500,6723,6723,6700,6700,11
20171122,110000,6695,6695,6655,6655,2
20171122,111500,6650,6650,6650,6650,11
20171122,113000,6650,6650,6650,6650,12
20171122,114500,6650,6661,6644,6644,134
20171122,121500,6695,6717,6695,6710,25
20171122,124500,6670,6670,6660,6665,33
20171122,130000,6665,6683,6665,6683,4
20171122,131500,6655,6655,6655,6655,2
20171122,133000,6666,6666,6666,6666,1
20171122,134500,6690,6700,6690,6700,11
20171122,143000,6666,6666,6666,6666,1
20171122,144500,6655,6655,6635,6635,51
20171122,160000,6650,6650,6650,6650,17
20171122,163000,6695,6695,6695,6695,1
20171122,173000,6700,6764,6700,6750,22
20171122,174500,6735,6767,6735,6767,336
20171122,180000,6766,6800,6766,6800,22
20171122,181500,6835,6835,6835,6835,1
20171122,183000,6803,6803,6790,6790,6
20171122,194500,6831,6831,6831,6831,1
20171122,200000,6824,6852,6824,6852,25
20171122,201500,6800,6800,6800,6800,1
20171122,221500,6800,6800,6800,6800,1
20171123,101500,6820,6899,6820,6899,14
20171123,103000,6854,6854,6854,6854,2
20171123,104500,6863,6863,6863,6863,1
20171123,110000,6926,6926,6926,6926,1
20171123,111500,6940,6940,6920,6920,36
20171123,113000,6925,6945,6925,6945,41
20171123,114500,6949,6964,6949,6964,9
20171123,121500,6974,6974,6974,6974,1
20171123,123000,6974,6974,6954,6954,4
20171123,130000,6954,6954,6954,6954,56
20171123,131500,6924,6938,6900,6938,20
20171123,141500,6940,6973,6940,6973,6
20171123,161500,6955,6955,6955,6955,5
20171123,163000,6940,6940,6940,6940,2
20171123,164500,6974,6975,6974,6975,54
20171123,171500,6927,6954,6900,6954,15
20171123,183000,6929,6988,6929,6988,2
20171123,190000,6850,6961,6850,6961,2
20171123,191500,6969,6969,6969,6969,1
20171123,193000,7002,7003,7002,7003,81
20171123,201500,7005,7005,7005,7005,6
20171123,203000,7004,7004,7004,7004,12
20171123,204500,7004,7004,7004,7004,11
20171123,221500,7023,7023,6991,6991,4
20171123,230000,7019,7019,7010,7010,2
20171123,233000,6991,6991,6991,6991,5
20171124,100000,7009,7009,6980,6980,69
20171124,101500,6950,6950,6950,6950,1
20171124,103000,6978,6978,6922,6973,34
20171124,104500,6923,6923,6923,6923,3
20171124,113000,6970,6970,6970,6970,5
20171124,121500,6927,6927,6925,6925,76
20171124,123000,6900,6932,6851,6932,59
20171124,124500,6887,6887,6887,6887,20
20171124,130000,6880,6880,6880,6880,30
20171124,131500,6881,6915,6880,6880,26
20171124,140000,6865,6865,6819,6819,22
20171124,141500,6801,6801,6800,6800,7
20171124,143000,6877,6878,6877,6878,10
20171124,150000,6831,6831,6830,6830,30
20171124,153000,6876,6878,6876,6878,12
20171124,170000,6875,6875,6875,6875,3
20171124,171500,6875,6875,6875,6875,10
20171124,173000,6875,6875,6875,6875,1
20171124,180000,6850,6850,6850,6850,1
20171124,181500,6837,6837,6826,6826,10
20171124,183000,6808,6811,6795,6811,23
20171124,190000,6868,6868,6700,6766,27
20171124,194500,6777,6777,6777,6777,1
20171124,203000,6859,6859,6850,6850,20
20171124,210000,6810,6810,6810,6810,7
20171124,211500,6810,6810,6810,6810,10
20171124,213000,6810,6810,6810,6810,3
20171124,221500,6810,6810,6807,6807,6
20171124,223000,6800,6800,6800,6800,10
20171124,233000,6829,6830,6829,6830,3
20171127,100000,6770,6770,6770,6770,1
20171127,103000,6757,6775,6750,6775,22
20171127,110000,6775,6780,6775,6780,30
20171127,120000,6726,6726,6722,6722,11
20171127,121500,6715,6715,6711,6711,4
20171127,123000,6735,6735,6735,6735,10
20171127,124500,6755,6755,6755,6755,1
20171127,150000,6729,6744,6722,6744,18
20171127,161500,6742,6742,6738,6738,103
20171127,163000,6721,6721,6721,6721,2
20171127,170000,6777,6813,6777,6811,11
20171127,181500,6750,6750,6750,6750,30
20171127,183000,6740,6740,6740,6740,5
20171128,100000,6750,6750,6750,6750,5
20171128,101500,6720,6720,6711,6711,4
20171128,111500,6715,6715,6683,6683,33
20171128,113000,6700,6700,6700,6700,6
20171128,114500,6720,6720,6715,6715,12
20171128,120000,6714,6716,6670,6671,1351
20171128,121500,6671,6671,6671,6671,23
20171128,123000,6664,6668,6664,6668,103
20171128,124500,6668,6668,6661,6661,6
20171128,130000,6639,6642,6635,6640,45
20171128,131500,6689,6689,6689,6689,1
20171128,140000,6645,6645,6645,6645,25
20171128,141500,6640,6640,6596,6616,125
20171128,151500,6612,6612,6612,6612,10
20171128,153000,6632,6632,6632,6632,2
20171128,160000,6627,6627,6600,6600,37
20171128,180000,6623,6623,6600,6600,89
20171128,181500,6595,6595,6595,6595,1
20171128,183000,6615,6615,6615,6615,3
20171128,190000,6635,6635,6635,6635,5
20171128,201500,6634,6634,6634,6634,1
20171128,220000,6629,6629,6629,6629,1
20171128,230000,6629,6629,6629,6629,2
20171129,100000,6601,6627,6600,6627,9
20171129,101500,6625,6625,6625,6625,4
20171129,103000,6636,6664,6636,6664,12
20171129,113000,6600,6600,6600,6600,5
20171129,114500,6640,6640,6640,6640,2
20171129,120000,6592,6592,6592,6592,2
20171129,121500,6591,6591,6539,6539,63
20171129,123000,6599,6599,6599,6599,1
20171129,124500,6580,6580,6580,6580,1
20171129,133000,6590,6590,6590,6590,2
20171129,134500,6563,6563,6547,6547,10
20171129,141500,6533,6533,6532,6533,14
20171129,144500,6574,6585,6574,6585,11
20171129,150000,6591,6591,6561,6577,13
20171129,160000,6550,6550,6550,6550,36
20171129,161500,6546,6546,6546,6546,12
20171129,163000,6554,6554,6554,6554,3
20171129,170000,6587,6596,6587,6596,10
20171129,180000,6542,6542,6541,6541,2
20171129,181500,6520,6560,6516,6560,18
20171129,183000,6581,6581,6581,6581,2
20171129,193000,6519,6519,6519,6519,1
20171129,194500,6522,6522,6522,6522,1
20171129,201500,6550,6550,6550,6550,8
20171129,204500,6522,6522,6522,6522,2
20171129,220000,6525,6525,6520,6520,24
20171130,101500,6509,6509,6509,6509,1
20171130,103000,6503,6504,6472,6500,134
20171130,104500,6519,6527,6519,6527,3
20171130,110000,6474,6474,6472,6472,57
20171130,111500,6480,6480,6462,6462,137
20171130,113000,6503,6509,6480,6480,3
20171130,121500,6523,6524,6523,6524,2
20171130,123000,6500,6500,6500,6500,70
20171130,130000,6465,6465,6459,6459,77
20171130,131500,6460,6498,6453,6453,224
20171130,133000,6498,6498,6451,6454,48
20171130,134500,6489,6490,6454,6455,27
20171130,140000,6450,6450,6450,6450,21
20171130,141500,6445,6460,6445,6460,7
20171130,143000,6470,6470,6462,6462,8
20171130,144500,6470,6470,6450,6450,90
20171130,150000,6442,6442,6410,6410,90
20171130,151500,6459,6459,6459,6459,10
20171130,154500,6405,6414,6378,6390,185
20171130,160000,6385,6410,6380,6391,40
20171130,161500,6391,6444,6383,6444,41
20171130,163000,6407,6407,6407,6407,2
20171130,164500,6393,6412,6393,6412,7
20171130,170000,6424,6490,6424,6490,13
20171130,173000,6414,6414,6408,6408,5
20171130,180000,6439,6455,6439,6455,108
20171130,181500,6414,6443,6414,6443,3
20171130,183000,6483,6499,6483,6499,3
20171130,191500,6498,6498,6406,6492,22
20171130,193000,6524,6527,6524,6527,5
20171130,201500,6545,6585,6545,6585,16
20171130,204500,6556,6556,6556,6556,2
20171130,213000,6568,6568,6566,6566,3
20171130,220000,6537,6537,6526,6526,43
20171130,221500,6526,6526,6526,6526,2
20171130,223000,6519,6519,6519,6519,1
20171130,224500,6514,6514,6514,6514,5
20171130,230000,6539,6539,6539,6539,2
20171201,100000,6560,6620,6560,6620,149
20171201,101500,6598,6606,6550,6550,86
20171201,103000,6510,6519,6503,6519,26
20171201,104500,6519,6519,6519,6519,1
20171201,110000,6551,6564,6551,6564,3
20171201,111500,6555,6555,6553,6553,5
20171201,113000,6537,6537,6484,6484,11
20171201,114500,6466,6466,6457,6457,5
20171201,121500,6460,6470,6450,6470,31
20171201,124500,6482,6482,6482,6482,1
20171201,130000,6490,6519,6490,6519,86
20171201,131500,6544,6559,6544,6559,2
20171201,134500,6510,6510,6495,6495,6
20171201,141500,6490,6490,6485,6485,2
20171201,143000,6480,6480,6475,6475,2
20171201,144500,6477,6477,6470,6470,18
20171201,151500,6487,6519,6487,6519,12
20171201,173000,6503,6503,6471,6471,25
20171201,180000,6540,6553,6540,6553,21
20171201,181500,6564,6564,6564,6564,2
20171201,183000,6495,6495,6489,6489,2
20171201,191500,6455,6455,6455,6455,2
20171201,193000,6473,6503,6450,6503,9
20171201,194500,6451,6451,6430,6430,61
20171201,200000,6415,6445,6415,6445,20
20171201,201500,6440,6440,6440,6440,5
20171204,100000,6492,6529,6492,6529,5
20171204,101500,6484,6484,6474,6474,4
20171204,103000,6448,6448,6444,6444,2
20171204,104500,6428,6428,6419,6419,16
20171204,110000,6430,6430,6420,6420,3
20171204,113000,6415,6415,6415,6415,7
20171204,123000,6448,6448,6435,6446,28
20171204,130000,6444,6457,6444,6457,11
20171204,140000,6452,6452,6452,6452,4
20171204,141500,6485,6485,6485,6485,1
20171204,144500,6492,6492,6492,6492,3
20171204,150000,6506,6506,6487,6487,3
20171204,151500,6460,6460,6431,6431,43
20171204,160000,6435,6470,6435,6460,19
20171204,163000,6470,6470,6468,6468,5
20171204,171500,6482,6510,6482,6510,21
20171204,173000,6518,6518,6517,6517,76
20171204,180000,6547,6547,6544,6544,5
20171204,181500,6550,6554,6510,6510,61
20171204,193000,6510,6510,6501,6510,9
20171204,203000,6549,6549,6549,6549,1
20171204,214500,6536,6536,6536,6536,5
20171204,221500,6511,6511,6510,6510,6
20171205,100000,6503,6503,6500,6500,35
20171205,101500,6480,6480,6480,6480,1
20171205,103000,6470,6470,6463,6463,4
20171205,104500,6475,6478,6475,6478,4
20171205,111500,6460,6460,6430,6430,31
20171205,120000,6446,6446,6445,6445,19
20171205,121500,6450,6450,6401,6401,187
20171205,133000,6460,6476,6460,6476,10
20171205,134500,6453,6453,6453,6453,10
20171205,140000,6471,6472,6471,6472,11
20171205,141500,6475,6475,6475,6475,5
20171205,143000,6491,6491,6491,6491,2
20171205,153000,6474,6474,6474,6474,1
20171205,160000,6471,6471,6471,6471,10
20171205,161500,6497,6501,6497,6501,6
20171205,174500,6456,6456,6456,6456,1
20171205,181500,6451,6451,6451,6451,7
20171205,183000,6488,6496,6452,6452,3
20171205,211500,6460,6460,6460,6460,1
20171205,213000,6460,6460,6460,6460,1
20171205,220000,6476,6476,6476,6476,3
20171205,221500,6460,6460,6460,6460,48
20171205,223000,6450,6450,6450,6450,9
20171206,100000,6450,6450,6430,6430,54
20171206,101500,6440,6450,6440,6450,5
20171206,103000,6461,6461,6461,6461,1
20171206,104500,6450,6468,6450,6468,9
20171206,120000,6497,6500,6497,6500,2
20171206,121500,6507,6583,6487,6487,32
20171206,123000,6479,6479,6478,6478,2
20171206,141500,6500,6793,6500,6500,182
20171206,144500,6520,6520,6520,6520,1
20171206,150000,6508,6508,6500,6500,7
20171206,151500,6547,6580,6502,6510,208
20171206,153000,6515,6549,6496,6549,31
20171206,154500,6499,6499,6495,6495,2
20171206,160000,6478,6478,6464,6464,5
20171206,161500,6474,6480,6474,6480,35
20171206,174500,6493,6493,6493,6493,2
20171206,180000,6524,6529,6524,6529,2
20171206,181500,6521,6521,6469,6469,35
20171206,183000,6476,6569,6465,6489,258
20171206,194500,6459,6459,6458,6458,12
20171206,204500,6457,6457,6449,6450,12
20171206,210000,6490,6490,6450,6450,4
20171206,220000,6477,6477,6477,6477,35
20171206,224500,6477,6487,6477,6487,6
20171206,230000,6479,6479,6475,6475,6
20171206,231500,6465,6465,6465,6465,10
20171207,100000,6456,6485,6450,6457,44
20171207,101500,6482,6495,6463,6495,20
20171207,104500,6460,6486,6460,6482,39
20171207,110000,6480,6493,6480,6493,4
20171207,114500,6475,6475,6475,6475,2
20171207,121500,6490,6490,6490,6490,1
20171207,130000,6452,6452,6432,6432,53
20171207,144500,6485,6485,6485,6485,1
20171207,150000,6496,6496,6488,6488,7
20171207,151500,6452,6452,6449,6449,47
20171207,160000,6495,6506,6495,6506,16
20171207,161500,6520,6520,6520,6520,1
20171207,163000,6517,6517,6480,6517,7
20171207,164500,6508,6508,6508,6508,1
20171207,170000,6500,6500,6500,6500,10
20171207,183000,6490,6490,6490,6490,1
20171207,214500,6538,6538,6538,6538,1
20171208,100000,6553,6592,6500,6584,61
20171208,101500,6599,6628,6599,6628,6
20171208,103000,6630,6630,6630,6630,1
20171208,104500,6603,6640,6600,6640,7
20171208,111500,6608,6635,6597,6597,111
20171208,113000,6588,6597,6574,6594,47
20171208,114500,6570,6570,6570,6570,6
20171208,120000,6588,6588,6570,6570,25
20171208,123000,6581,6581,6570,6570,32
20171208,124500,6590,6590,6590,6590,5
20171208,130000,6600,6600,6598,6598,16
20171208,131500,6600,6600,6580,6580,46
20171208,133000,6600,6600,6600,6600,1
20171208,140000,6601,6601,6599,6599,5
20171208,141500,6599,6600,6599,6600,3
20171208,143000,6600,6648,6600,6648,74
20171208,144500,6650,6710,6650,6695,66
20171208,150000,6708,6769,6700,6746,202
20171208,151500,6738,6740,6723,6723,4
20171208,153000,6718,6718,6716,6716,2
20171208,154500,6713,6720,6708,6708,69
20171208,161500,6710,6710,6703,6703,16
20171208,163000,6703,6703,6693,6693,33
20171208,164500,6693,6695,6693,6693,78
20171208,170000,6688,6688,6640,6640,37
20171208,171500,6660,6660,6651,6658,4
20171208,173000,6648,6648,6638,6638,2
20171208,174500,6626,6626,6620,6620,25
20171208,180000,6628,6632,6620,6632,38
20171208,181500,6620,6620,6607,6620,20
20171208,183000,6632,6664,6632,6664,61
20171208,190000,6676,6679,6675,6679,9
20171208,191500,6670,6670,6670,6670,10
20171208,204500,6676,6676,6676,6676,10
20171208,210000,6671,6671,6669,6669,13
20171208,211500,6670,6670,6668,6668,12
20171208,213000,6661,6661,6660,6660,5
20171208,214500,6696,6696,6696,6696,2
20171208,220000,6658,6695,6658,6695,2
20171208,230000,6680,6680,6680,6680,1
20171208,234500,6680,6693,6680,6693,10
20171211,100000,6700,6732,6700,6705,45
20171211,101500,6725,6725,6694,6694,20
20171211,103000,6695,6695,6693,6693,22
20171211,104500,6688,6695,6673,6695,27
20171211,110000,6708,6762,6708,6730,65
20171211,111500,6730,6730,6728,6728,4
20171211,113000,6720,6720,6700,6718,9
20171211,114500,6729,6760,6711,6728,156
20171211,120000,6767,6784,6749,6769,30
20171211,121500,6760,6760,6744,6744,4
20171211,123000,6760,6768,6748,6768,17
20171211,124500,6773,6785,6773,6785,28
20171211,130000,6800,6805,6795,6795,26
20171211,131500,6775,6775,6775,6775,3
20171211,133000,6768,6768,6768,6768,1
20171211,134500,6793,6793,6793,6793,1
20171211,140000,6794,6795,6794,6795,27
20171211,141500,6799,6800,6799,6800,57
20171211,143000,6800,6814,6800,6800,11
20171211,144500,6800,6800,6800,6800,4
20171211,150000,6785,6785,6781,6785,5
20171211,151500,6779,6779,6779,6779,1
20171211,154500,6790,6808,6790,6808,26
20171211,160000,6809,6809,6809,6809,1
20171211,164500,6792,6792,6792,6792,45
20171211,170000,6798,6800,6780,6785,184
20171211,171500,6780,6780,6780,6780,28
20171211,173000,6790,6800,6790,6800,12
20171211,180000,6799,6799,6799,6799,12
20171211,181500,6821,6845,6821,6845,2
20171211,183000,6818,6818,6795,6800,257
20171211,190000,6820,6820,6788,6815,22
20171211,191500,6800,6820,6800,6820,9
20171211,200000,6813,6813,6810,6810,9
20171211,201500,6810,6820,6810,6810,7
20171211,203000,6803,6825,6803,6825,14
20171211,210000,6823,6824,6823,6824,9
20171211,211500,6824,6824,6824,6824,1
20171211,214500,6826,6841,6826,6841,43
20171211,220000,6840,6840,6840,6840,20
20171211,221500,6807,6807,6800,6800,14
20171211,233000,6805,6805,6805,6805,2
20171211,234500,6800,6800,6800,6800,13
20171212,100000,6830,6846,6830,6840,222
20171212,101500,6839,6879,6839,6879,294
20171212,103000,6871,6871,6851,6851,204
20171212,104500,6850,6865,6850,6857,102
20171212,110000,6850,6859,6821,6834,58
20171212,111500,6829,6830,6801,6830,109
20171212,113000,6801,6804,6778,6790,220
20171212,114500,6793,6793,6793,6793,1
20171212,123000,6803,6803,6803,6803,5
20171212,124500,6799,6815,6740,6774,159
20171212,130000,6773,6773,6773,6773,1
20171212,131500,6770,6799,6768,6799,4
20171212,133000,6780,6795,6780,6794,31
20171212,134500,6797,6799,6797,6799,5
20171212,140000,6799,6799,6799,6799,11
20171212,141500,6806,6814,6806,6814,4
20171212,143000,6799,6799,6794,6794,10
20171212,144500,6794,6794,6794,6794,18
20171212,150000,6794,6803,6781,6803,42
20171212,153000,6789,6789,6779,6779,4
20171212,154500,6769,6769,6769,6769,2
20171212,160000,6761,6761,6733,6746,155
20171212,161500,6737,6737,6737,6737,1
20171212,163000,6750,6758,6747,6747,60
20171212,164500,6750,6750,6737,6737,68
20171212,170000,6738,6738,6738,6738,4
20171212,171500,6738,6741,6729,6729,52
20171212,173000,6728,6728,6667,6667,308
20171212,174500,6701,6704,6697,6697,14
20171212,180000,6701,6701,6685,6685,14
20171212,181500,6700,6707,6652,6660,182
20171212,183000,6682,6695,6682,6695,100
20171212,201500,6695,6719,6695,6719,27
20171212,203000,6724,6727,6724,6727,10
20171212,204500,6702,6702,6702,6702,1
20171212,210000,6702,6721,6685,6721,21
20171212,213000,6704,6704,6690,6696,33
20171212,214500,6684,6685,6684,6685,2
20171212,221500,6717,6717,6670,6670,22
20171212,231500,6671,6671,6671,6671,1
20171213,100000,6700,6717,6650,6650,348
20171213,101500,6666,6686,6666,6686,52
20171213,103000,6660,6660,6585,6589,1836
20171213,104500,6608,6612,6601,6603,77
20171213,110000,6600,6605,6600,6605,23
20171213,111500,6637,6637,6605,6605,23
20171213,113000,6601,6607,6601,6607,2
20171213,120000,6611,6611,6611,6611,1
20171213,121500,6620,6620,6610,6610,16
20171213,123000,6627,6627,6623,6625,21
20171213,124500,6620,6620,6607,6607,350
20171213,130000,6607,6610,6607,6610,142
20171213,131500,6607,6607,6581,6581,106
20171213,133000,6582,6612,6581,6594,26
20171213,134500,6614,6614,6556,6613,67
20171213,140000,6583,6583,6582,6582,2
20171213,141500,6610,6610,6578,6578,4
20171213,150000,6601,6601,6601,6601,5
20171213,151500,6616,6616,6616,6616,1
20171213,154500,6612,6617,6600,6600,57
20171213,160000,6602,6602,6574,6600,60
20171213,161500,6608,6614,6571,6614,113
20171213,163000,6605,6605,6600,6600,40
20171213,164500,6600,6612,6595,6612,13
20171213,170000,6618,6618,6595,6595,163
20171213,171500,6596,6627,6595,6621,175
20171213,173000,6612,6634,6570,6631,242
20171213,174500,6633,6633,6633,6633,3
20171213,180000,6625,6625,6595,6601,91
20171213,181500,6599,6608,6595,6602,71
20171213,183000,6598,6600,6550,6550,69
20171213,203000,6550,6550,6529,6529,41
20171213,210000,6545,6578,6545,6578,22
20171213,214500,6582,6582,6582,6582,1
20171213,220000,6541,6541,6540,6540,20
20171213,223000,6589,6591,6589,6591,4
20171213,224500,6592,6592,6589,6589,10
20171213,230000,6592,6592,6592,6592,3
20171213,233000,6592,6599,6592,6599,10
20171214,100000,6565,6565,6562,6562,25
20171214,101500,6575,6577,6570,6577,56
20171214,103000,6567,6571,6566,6571,83
20171214,104500,6560,6560,6510,6512,513
20171214,110000,6510,6512,6495,6506,421
20171214,111500,6504,6504,6470,6470,353
20171214,113000,6464,6474,6461,6461,165
20171214,114500,6466,6518,6466,6518,352
20171214,120000,6514,6518,6486,6518,71
20171214,121500,6520,6573,6520,6558,111
20171214,123000,6554,6565,6547,6547,42
20171214,124500,6557,6557,6547,6547,11
20171214,130000,6554,6556,6554,6556,27
20171214,131500,6539,6542,6539,6542,66
20171214,133000,6530,6558,6530,6556,59
20171214,134500,6545,6589,6530,6530,115
20171214,140000,6572,6595,6572,6593,20
20171214,141500,6580,6596,6564,6564,73
20171214,143000,6549,6550,6525,6530,77
20171214,144500,6546,6552,6546,6552,7
20171214,150000,6576,6579,6576,6579,20
20171214,151500,6557,6567,6557,6567,7
20171214,153000,6552,6583,6552,6583,42
20171214,160000,6572,6580,6571,6572,31
20171214,161500,6579,6579,6570,6570,13
20171214,163000,6578,6578,6565,6565,6
20171214,164500,6563,6570,6563,6563,18
20171214,170000,6550,6555,6547,6547,21
20171214,171500,6547,6557,6547,6557,12
20171214,173000,6568,6576,6568,6576,27
20171214,174500,6578,6580,6576,6576,30
20171214,180000,6578,6578,6578,6578,10
20171214,181500,6571,6593,6563,6588,32
20171214,183000,6598,6599,6578,6592,51
20171214,190000,6600,6650,6600,6614,10
20171214,191500,6602,6607,6602,6607,10
20171214,193000,6594,6607,6594,6600,15
20171214,194500,6595,6595,6594,6594,49
20171214,200000,6610,6610,6610,6610,1
20171214,201500,6609,6609,6609,6609,4
20171214,203000,6610,6612,6610,6610,5
20171214,204500,6600,6600,6600,6600,1
20171214,210000,6612,6630,6612,6630,40
20171214,211500,6600,6600,6594,6594,34
20171214,221500,6578,6578,6556,6556,11
20171214,230000,6556,6556,6556,6556,1
20171214,233000,6579,6579,6579,6579,4
20171215,100000,6574,6609,6574,6592,92
20171215,101500,6595,6630,6595,6620,89
20171215,103000,6630,6640,6603,6626,139
20171215,104500,6632,6632,6569,6570,164
20171215,110000,6570,6572,6549,6572,126
20171215,111500,6584,6584,6581,6581,5
20171215,113000,6573,6575,6567,6571,26
20171215,114500,6570,6572,6570,6572,20
20171215,120000,6565,6569,6556,6569,23
20171215,121500,6559,6559,6559,6559,1
20171215,123000,6540,6543,6531,6543,27
20171215,124500,6546,6559,6546,6557,40
20171215,130000,6550,6560,6530,6560,140
20171215,131500,6551,6551,6551,6551,1
20171215,133000,6573,6576,6559,6559,14
20171215,134500,6550,6570,6545,6545,30
20171215,140000,6540,6548,6537,6548,42
20171215,141500,6552,6578,6550,6554,234
20171215,143000,6556,6556,6547,6547,27
20171215,144500,6553,6553,6553,6553,20
20171215,150000,6552,6563,6552,6552,123
20171215,151500,6549,6549,6549,6549,5
20171215,153000,6555,6581,6555,6558,122
20171215,154500,6552,6576,6552,6565,223
20171215,160000,6562,6591,6562,6587,512
20171215,161500,6580,6599,6580,6580,226
20171215,163000,6585,6587,6564,6586,183
20171215,164500,6565,6595,6563,6571,338
20171215,170000,6562,6579,6561,6579,13
20171215,171500,6557,6557,6547,6554,44
20171215,173000,6550,6559,6550,6559,50
20171215,174500,6554,6554,6538,6538,714
20171215,180000,6549,6549,6549,6549,1
20171215,181500,6536,6541,6535,6536,9
20171215,183000,6540,6540,6532,6532,111
20171215,190000,6528,6545,6401,6508,311
20171215,191500,6508,6535,6500,6510,28
20171215,193000,6539,6558,6527,6527,42
20171215,194500,6549,6549,6532,6532,5
20171215,200000,6520,6529,6490,6528,123
20171215,204500,6490,6490,6480,6480,28
20171215,210000,6488,6530,6488,6492,46
20171215,211500,6492,6524,6480,6519,46
20171215,220000,6516,6518,6516,6518,15
20171215,221500,6517,6517,6492,6512,20
20171215,224500,6508,6508,6507,6507,7
20171215,230000,6506,6506,6506,6506,10
20171215,231500,6510,6510,6510,6510,10
20171215,234500,6519,6528,6519,6528,5
20171218,100000,6544,6593,6544,6579,257
20171218,101500,6572,6579,6558,6570,914
20171218,103000,6560,6570,6546,6547,177
20171218,104500,6550,6574,6546,6555,153
20171218,110000,6544,6558,6526,6558,97
20171218,111500,6567,6573,6567,6573,110
20171218,113000,6560,6561,6547,6547,36
20171218,114500,6535,6535,6527,6529,34
20171218,120000,6528,6539,6528,6538,4
20171218,121500,6540,6540,6540,6540,5
20171218,123000,6539,6539,6502,6505,301
20171218,124500,6505,6510,6467,6468,427
20171218,130000,6476,6499,6476,6484,72
20171218,131500,6500,6500,6481,6481,12
20171218,133000,6485,6495,6450,6450,401
20171218,134500,6454,6470,6444,6444,487
20171218,140000,6441,6445,6431,6439,246
20171218,141500,6438,6439,6409,6426,565
20171218,143000,6415,6452,6400,6452,571
20171218,144500,6454,6454,6416,6435,523
20171218,150000,6443,6446,6430,6430,52
20171218,151500,6432,6432,6428,6432,8
20171218,153000,6435,6440,6432,6432,70
20171218,154500,6430,6430,6409,6409,172
20171218,160000,6408,6433,6400,6433,251
20171218,161500,6424,6425,6403,6419,127
20171218,163000,6410,6433,6400,6433,208
20171218,164500,6434,6437,6423,6428,75
20171218,170000,6422,6428,6411,6411,38
20171218,171500,6410,6427,6410,6417,517
20171218,173000,6419,6430,6403,6415,242
20171218,174500,6413,6413,6400,6401,292
20171218,180000,6401,6404,6375,6404,706
20171218,181500,6412,6445,6412,6415,799
20171218,183000,6415,6428,6415,6418,194
20171218,190000,6413,6431,6400,6431,31
20171218,191500,6417,6433,6416,6433,36
20171218,194500,6433,6438,6433,6438,14
20171218,200000,6444,6465,6444,6462,51
20171218,201500,6451,6451,6451,6451,3
20171218,203000,6459,6460,6459,6460,5
20171218,204500,6459,6459,6459,6459,4
20171218,211500,6463,6463,6450,6450,15
20171218,213000,6458,6460,6450,6450,10
20171218,214500,6421,6421,6421,6421,1
20171218,221500,6455,6460,6455,6460,4
20171218,223000,6448,6448,6423,6423,3
20171218,224500,6454,6469,6423,6432,47
20171218,230000,6450,6450,6431,6431,5
20171218,233000,6429,6429,6428,6428,11
20171219,100000,6413,6414,6400,6414,190
20171219,101500,6416,6443,6416,6438,68
20171219,103000,6431,6436,6378,6381,1428
20171219,104500,6381,6391,6375,6391,245
20171219,110000,6381,6402,6360,6360,1148
20171219,111500,6368,6389,6360,6370,1033
20171219,113000,6367,6380,6353,6355,2068
20171219,114500,6353,6377,6351,6360,584
20171219,120000,6367,6367,6361,6365,30
20171219,121500,6364,6367,6356,6367,516
20171219,123000,6366,6372,6355,6367,227
20171219,124500,6359,6367,6355,6360,112
20171219,130000,6367,6367,6351,6351,122
20171219,131500,6360,6361,6351,6358,82
20171219,133000,6364,6364,6350,6350,566
20171219,134500,6357,6357,6330,6354,1631
20171219,140000,6354,6372,6346,6352,938
20171219,141500,6355,6384,6355,6373,319
20171219,143000,6373,6381,6372,6374,949
20171219,144500,6380,6406,6367,6378,522
20171219,150000,6376,6394,6376,6390,311
20171219,151500,6383,6383,6368,6374,295
20171219,153000,6375,6379,6363,6367,486
20171219,154500,6367,6367,6360,6360,253
20171219,160000,6360,6365,6357,6365,195
20171219,161500,6363,6366,6350,6352,105
20171219,163000,6351,6357,6346,6352,279
20171219,164500,6347,6356,6340,6348,267
20171219,170000,6346,6348,6338,6343,98
20171219,171500,6357,6365,6356,6361,111
20171219,173000,6361,6361,6336,6353,237
20171219,174500,6363,6383,6354,6380,384
20171219,180000,6380,6403,6378,6385,156
20171219,181500,6385,6390,6372,6390,93
20171219,183000,6390,6400,6390,6390,70
20171219,190000,6372,6400,6372,6399,143
20171219,191500,6400,6400,6389,6398,14
20171219,193000,6398,6400,6398,6400,56
20171219,194500,6400,6400,6392,6397,22
20171219,200000,6398,6399,6398,6398,4
20171219,201500,6398,6400,6398,6400,10
20171219,203000,6400,6400,6394,6399,27
20171219,204500,6399,6399,6380,6380,122
20171219,210000,6387,6387,6387,6387,2
20171219,211500,6390,6390,6379,6379,203
20171219,213000,6385,6386,6385,6386,9
20171219,220000,6370,6370,6360,6365,54
20171219,221500,6389,6396,6389,6396,8
20171219,223000,6392,6423,6390,6405,223
20171219,224500,6414,6414,6399,6402,35
20171219,230000,6413,6425,6401,6420,207
20171219,231500,6421,6421,6420,6420,10
20171219,233000,6416,6416,6414,6415,23
20171219,234500,6418,6428,6386,6386,45
20171220,100000,6428,6447,6364,6371,508
20171220,101500,6370,6380,6343,6352,1184
20171220,103000,6356,6363,6347,6356,260
20171220,104500,6356,6390,6355,6390,204
20171220,110000,6389,6415,6385,6394,574
20171220,111500,6388,6415,6376,6401,962
20171220,113000,6401,6410,6393,6403,639
20171220,114500,6401,6409,6401,6407,290
20171220,120000,6407,6411,6379,6379,788
20171220,121500,6381,6389,6365,6369,327
20171220,123000,6370,6378,6363,6375,251
20171220,124500,6375,6377,6364,6373,63
20171220,130000,6373,6373,6369,6372,31
20171220,131500,6372,6393,6372,6389,179
20171220,133000,6387,6393,6378,6385,186
20171220,134500,6388,6389,6376,6385,151
20171220,140000,6391,6404,6387,6396,31
20171220,141500,6403,6411,6400,6409,129
20171220,143000,6409,6423,6400,6421,198
20171220,144500,6427,6430,6420,6422,302
20171220,150000,6423,6453,6423,6433,2643
20171220,151500,6435,6445,6408,6413,1314
20171220,153000,6410,6437,6405,6418,1166
20171220,154500,6421,6424,6408,6411,249
20171220,160000,6409,6416,6404,6405,605
20171220,161500,6403,6403,6382,6392,496
20171220,163000,6397,6411,6390,6400,709
20171220,164500,6400,6418,6396,6412,507
20171220,170000,6412,6412,6397,6402,223
20171220,171500,6401,6409,6395,6398,631
20171220,173000,6399,6410,6392,6393,907
20171220,174500,6392,6409,6382,6397,766
20171220,180000,6398,6404,6395,6400,357
20171220,181500,6398,6401,6390,6397,1009
20171220,183000,6392,6409,6384,6409,444
20171220,190000,6410,6411,6395,6398,70
20171220,191500,6396,6417,6396,6407,64
20171220,193000,6413,6415,6401,6413,77
20171220,194500,6412,6417,6409,6413,29
20171220,200000,6409,6411,6409,6411,20
20171220,201500,6410,6410,6401,6405,15
20171220,203000,6401,6403,6401,6403,7
20171220,204500,6403,6411,6403,6410,38
20171220,210000,6410,6411,6401,6404,25
20171220,211500,6405,6408,6402,6408,10
20171220,213000,6407,6414,6402,6414,35
20171220,214500,6413,6415,6406,6409,45
20171220,220000,6408,6408,6408,6408,1
20171220,221500,6412,6412,6411,6411,17
20171220,223000,6414,6414,6412,6412,19
20171220,224500,6408,6416,6406,6414,49
20171220,230000,6407,6414,6405,6405,56
20171220,231500,6408,6414,6402,6406,163
20171220,233000,6406,6416,6406,6408,149
20171220,234500,6414,6414,6414,6414,6
20171221,100000,6410,6425,6401,6408,396
20171221,101500,6409,6424,6400,6402,1236
20171221,103000,6403,6403,6385,6394,746
20171221,104500,6394,6398,6376,6380,732
20171221,110000,6381,6390,6374,6387,287
20171221,111500,6387,6391,6384,6384,254
20171221,113000,6383,6409,6375,6393,1185
20171221,114500,6397,6400,6389,6389,355
20171221,120000,6393,6398,6392,6397,59
20171221,121500,6397,6401,6384,6384,679
20171221,123000,6386,6397,6384,6386,732
20171221,124500,6384,6384,6375,6382,409
20171221,130000,6377,6383,6361,6366,1291
20171221,131500,6366,6384,6355,6384,606
20171221,133000,6383,6392,6379,6379,110
20171221,134500,6378,6384,6376,6377,41
20171221,140000,6382,6382,6350,6353,559
20171221,141500,6353,6358,6350,6353,509
20171221,143000,6355,6364,6353,6364,892
20171221,144500,6367,6384,6365,6375,683
20171221,150000,6373,6377,6365,6373,518
20171221,151500,6377,6385,6370,6372,815
20171221,153000,6372,6376,6367,6367,318
20171221,154500,6369,6381,6367,6373,561
20171221,160000,6374,6391,6373,6390,692
20171221,161500,6389,6397,6380,6389,1223
20171221,163000,6390,6394,6381,6385,375
20171221,164500,6388,6445,6386,6432,1778
20171221,170000,6434,6435,6420,6421,2093
20171221,171500,6424,6427,6421,6425,494
20171221,173000,6423,6425,6414,6420,471
20171221,174500,6422,6425,6420,6422,437
20171221,180000,6422,6424,6411,6415,638
20171221,181500,6413,6422,6411,6417,185
20171221,183000,6415,6420,6411,6417,312
20171221,190000,6404,6425,6399,6425,78
20171221,191500,6427,6440,6427,6435,47
20171221,193000,6436,6436,6424,6435,27
20171221,194500,6429,6436,6425,6430,25
20171221,200000,6434,6446,6424,6439,87
20171221,201500,6430,6444,6427,6432,48
20171221,203000,6433,6440,6425,6425,49
20171221,204500,6435,6435,6435,6435,1
20171221,210000,6439,6439,6413,6415,124
20171221,211500,6428,6428,6420,6420,3
20171221,213000,6424,6428,6424,6427,11
20171221,214500,6428,6429,6426,6426,15
20171221,220000,6424,6425,6424,6425,5
20171221,221500,6429,6446,6423,6436,81
20171221,223000,6436,6442,6421,6442,62
20171221,224500,6435,6437,6435,6435,36
20171221,230000,6438,6446,6430,6430,35
20171221,231500,6436,6445,6434,6445,17
20171221,233000,6437,6437,6436,6436,2
20171221,234500,6431,6443,6431,6443,6
20171222,100000,6438,6442,6416,6425,1001
20171222,101500,6419,6426,6415,6415,1252
20171222,103000,6415,6419,6410,6411,404
20171222,104500,6410,6427,6410,6426,448
20171222,110000,6422,6424,6395,6402,2141
20171222,111500,6406,6424,6406,6417,216
20171222,113000,6416,6421,6411,6414,46
20171222,114500,6417,6422,6415,6420,181
20171222,120000,6417,6420,6413,6420,208
20171222,121500,6417,6420,6416,6416,142
20171222,123000,6419,6431,6419,6430,237
20171222,124500,6431,6442,6429,6431,307
20171222,130000,6436,6450,6433,6444,455
20171222,131500,6442,6451,6438,6440,284
20171222,133000,6436,6437,6432,6433,142
20171222,134500,6437,6437,6417,6419,129
20171222,140000,6419,6430,6414,6421,127
20171222,141500,6418,6427,6414,6421,754
20171222,143000,6424,6430,6424,6430,36
20171222,144500,6430,6435,6428,6428,40
20171222,150000,6431,6433,6423,6427,227
20171222,151500,6428,6428,6415,6423,107
20171222,153000,6424,6433,6419,6420,242
20171222,154500,6418,6422,6418,6418,30
20171222,160000,6423,6423,6410,6412,93
20171222,161500,6415,6419,6413,6418,86
20171222,163000,6417,6419,6416,6419,11
20171222,164500,6420,6421,6402,6409,268
20171222,170000,6408,6411,6392,6406,697
20171222,171500,6400,6402,6394,6395,32
20171222,173000,6397,6397,6371,6376,675
20171222,174500,6383,6391,6371,6386,147
20171222,180000,6387,6398,6386,6395,108
20171222,181500,6391,6391,6381,6384,181
20171222,183000,6385,6449,6382,6438,431
20171222,190000,6410,6420,6405,6408,71
20171222,191500,6407,6413,6386,6411,46
20171222,193000,6414,6425,6414,6420,36
20171222,194500,6417,6417,6414,6414,2
20171222,200000,6421,6425,6420,6425,12
20171222,201500,6424,6424,6415,6415,24
20171222,204500,6416,6416,6395,6400,257
20171222,210000,6396,6446,6395,6418,153
20171222,211500,6433,6545,6392,6434,2359
20171222,213000,6478,6482,6436,6450,265
20171222,214500,6454,6493,6440,6493,243
20171222,220000,6479,6493,6465,6465,41
20171222,221500,6474,6483,6465,6467,63
20171222,223000,6466,6466,6439,6439,127
20171222,224500,6438,6459,6436,6459,7
20171222,230000,6461,6465,6450,6450,14
20171222,231500,6457,6464,6457,6461,16
20171222,233000,6450,6450,6450,6450,2
20171225,100000,6450,6464,6386,6405,1803
20171225,101500,6400,6405,6391,6404,603
20171225,103000,6402,6416,6387,6395,813
20171225,104500,6387,6397,6386,6395,324
20171225,110000,6393,6395,6385,6388,237
20171225,111500,6388,6393,6380,6381,308
20171225,113000,6379,6386,6358,6376,1691
20171225,114500,6377,6380,6355,6372,612
20171225,120000,6372,6375,6371,6375,258
20171225,121500,6373,6379,6373,6376,64
20171225,123000,6377,6398,6375,6375,362
20171225,124500,6378,6383,6374,6375,223
20171225,130000,6374,6376,6374,6376,141
20171225,131500,6376,6379,6372,6373,256
20171225,133000,6373,6381,6373,6374,197
20171225,134500,6375,6379,6372,6373,292
20171225,140000,6374,6374,6371,6373,55
20171225,141500,6372,6372,6363,6370,260
20171225,143000,6370,6372,6370,6371,28
20171225,144500,6371,6371,6371,6371,45
20171225,150000,6371,6378,6371,6375,136
20171225,151500,6375,6381,6371,6371,174
20171225,153000,6377,6395,6373,6377,307
20171225,154500,6378,6381,6376,6377,317
20171225,160000,6379,6382,6374,6374,210
20171225,161500,6376,6379,6373,6379,28
20171225,163000,6384,6384,6377,6377,54
20171225,164500,6376,6378,6376,6378,35
20171225,170000,6378,6382,6377,6378,61
20171225,171500,6378,6384,6378,6380,461
20171225,173000,6377,6380,6376,6379,97
20171225,174500,6379,6380,6373,6378,22
20171225,180000,6379,6380,6372,6372,183
20171225,181500,6371,6373,6369,6369,103
20171225,183000,6369,6374,6368,6374,75
20171225,190000,6375,6387,6358,6369,85
20171225,191500,6371,6371,6370,6370,9
20171225,193000,6371,6371,6370,6370,41
20171225,194500,6369,6370,6369,6370,7
20171225,200000,6370,6370,6366,6366,24
20171225,201500,6369,6369,6369,6369,1
20171225,204500,6373,6389,6362,6362,159
20171225,210000,6363,6373,6362,6373,24
20171225,211500,6369,6369,6369,6369,10
20171225,213000,6366,6369,6363,6364,29
20171225,220000,6364,6364,6359,6359,423
20171225,221500,6359,6359,6352,6354,231
20171225,223000,6355,6370,6354,6369,64
20171225,224500,6361,6368,6360,6368,16
20171225,230000,6368,6368,6368,6368,1
20171225,231500,6360,6368,6354,6364,55
20171225,233000,6361,6363,6355,6355,205
20171225,234500,6362,6362,6352,6352,26
20171226,100000,6361,6365,6350,6352,1841
20171226,101500,6352,6357,6334,6342,2230
20171226,103000,6340,6354,6335,6340,988
20171226,104500,6340,6342,6337,6337,160
20171226,110000,6340,6345,6337,6341,197
20171226,111500,6341,6347,6337,6342,742
20171226,113000,6340,6343,6339,6339,35
20171226,114500,6341,6344,6338,6341,135
20171226,120000,6345,6361,6345,6361,436
20171226,121500,6362,6415,6361,6410,1055
20171226,123000,6412,6412,6375,6384,512
20171226,124500,6390,6393,6375,6380,68
20171226,130000,6386,6399,6379,6398,154
20171226,131500,6397,6399,6385,6388,49
20171226,133000,6388,6388,6364,6375,267
20171226,134500,6366,6375,6360,6364,107
20171226,140000,6359,6364,6358,6363,35
20171226,141500,6366,6373,6365,6368,47
20171226,143000,6371,6372,6371,6372,2
20171226,144500,6369,6369,6363,6363,9
20171226,150000,6363,6365,6355,6361,243
20171226,151500,6361,6361,6346,6356,49
20171226,153000,6357,6361,6355,6361,28
20171226,154500,6361,6369,6357,6363,68
20171226,160000,6369,6373,6365,6369,56
20171226,161500,6371,6372,6363,6366,9
20171226,163000,6365,6365,6358,6363,11
20171226,164500,6367,6367,6367,6367,2
20171226,170000,6371,6371,6363,6368,62
20171226,171500,6366,6368,6362,6368,128
20171226,173000,6367,6373,6365,6370,59
20171226,174500,6369,6370,6362,6362,38
20171226,180000,6367,6377,6365,6370,242
20171226,181500,6372,6376,6366,6376,179
20171226,183000,6374,6375,6358,6373,282
20171226,190000,6346,6365,6346,6365,74
20171226,191500,6355,6355,6026,6214,4715
20171226,193000,6212,6271,6200,6266,482
20171226,194500,6266,6270,6239,6239,286
20171226,200000,6238,6286,6226,6277,239
20171226,201500,6251,6274,6251,6272,12
20171226,203000,6271,6308,6268,6290,168
20171226,204500,6291,6300,6270,6281,40
20171226,210000,6285,6286,6266,6285,37
20171226,211500,6289,6290,6288,6288,10
20171226,213000,6292,6306,6292,6304,133
20171226,214500,6304,6306,6289,6289,77
20171226,220000,6289,6295,6289,6290,38
20171226,221500,6290,6309,6288,6297,420
20171226,223000,6295,6309,6295,6302,93
20171226,224500,6294,6295,6283,6283,115
20171226,230000,6281,6294,6280,6287,18
20171226,231500,6289,6291,6289,6291,17
20171226,233000,6285,6288,6265,6267,213
20171226,234500,6270,6290,6270,6290,338
20171227,100000,6284,6347,6284,6334,1872
20171227,101500,6330,6342,6329,6337,552
20171227,103000,6337,6346,6336,6343,187
20171227,104500,6345,6347,6334,6342,43
20171227,110000,6340,6354,6336,6351,539
20171227,111500,6349,6349,6335,6337,363
20171227,113000,6335,6346,6333,6343,350
20171227,114500,6339,6340,6336,6339,196
20171227,120000,6339,6350,6325,6346,929
20171227,121500,6347,6350,6321,6346,974
20171227,123000,6346,6352,6345,6349,168
20171227,124500,6349,6349,6346,6349,86
20171227,130000,6349,6371,6347,6371,313
20171227,131500,6366,6366,6336,6353,216
20171227,133000,6353,6380,6351,6380,707
20171227,134500,6382,6385,6368,6375,1441
20171227,140000,6371,6380,6368,6380,807
20171227,141500,6377,6385,6374,6385,529
20171227,143000,6382,6390,6381,6381,101
20171227,144500,6380,6387,6374,6375,275
20171227,150000,6379,6387,6378,6381,335
20171227,151500,6381,6384,6374,6377,506
20171227,153000,6378,6384,6376,6383,153
20171227,154500,6386,6392,6377,6380,248
20171227,160000,6379,6386,6375,6386,50
20171227,161500,6387,6400,6382,6390,665
20171227,163000,6386,6391,6380,6390,110
20171227,164500,6389,6394,6387,6393,23
20171227,170000,6395,6395,6379,6381,47
20171227,171500,6384,6387,6380,6381,303
20171227,173000,6379,6379,6379,6379,102
20171227,174500,6382,6384,6377,6383,112
20171227,180000,6384,6385,6378,6378,164
20171227,181500,6381,6389,6380,6388,536
20171227,183000,6387,6389,6373,6373,442
20171227,190000,6373,6394,6324,6389,290
20171227,191500,6384,6387,6359,6384,41
20171227,193000,6368,6368,6365,6365,2
20171227,194500,6375,6381,6362,6366,43
20171227,200000,6360,6378,6357,6366,14
20171227,201500,6364,6364,6342,6356,23
20171227,203000,6350,6379,6349,6379,31
20171227,204500,6367,6367,6367,6367,1
20171227,210000,6362,6379,6353,6379,23
20171227,211500,6371,6372,6371,6372,3
20171227,213000,6373,6373,6373,6373,1
20171227,220000,6379,6379,6366,6373,5
20171227,221500,6376,6376,6376,6376,1
20171227,223000,6374,6374,6374,6374,1
20171227,224500,6377,6377,6377,6377,3
20171227,231500,6376,6376,6376,6376,2
20171227,233000,6376,6379,6376,6379,300
20171228,100000,6379,6393,6368,6376,485
20171228,101500,6375,6383,6370,6373,141
20171228,103000,6371,6382,6371,6382,39
20171228,104500,6384,6385,6381,6385,16
20171228,110000,6385,6397,6385,6395,91
20171228,111500,6392,6397,6373,6388,129
20171228,113000,6391,6394,6372,6372,130
20171228,114500,6374,6382,6366,6379,63
20171228,120000,6377,6377,6361,6362,56
20171228,121500,6367,6370,6359,6361,26
20171228,123000,6361,6372,6313,6367,344
20171228,124500,6366,6367,6361,6367,17
20171228,130000,6361,6370,6361,6370,2
20171228,131500,6367,6370,6362,6366,148
20171228,133000,6365,6365,6356,6364,262
20171228,134500,6359,6372,6359,6372,29
20171228,140000,6361,6363,6360,6363,15
20171228,141500,6364,6364,6354,6354,71
20171228,143000,6365,6366,6361,6361,15
20171228,144500,6361,6361,6358,6359,13
20171228,150000,6362,6365,6361,6364,11
20171228,151500,6361,6363,6361,6363,24
20171228,153000,6363,6363,6360,6362,13
20171228,154500,6362,6363,6362,6363,11
20171228,160000,6359,6363,6359,6360,9
20171228,161500,6361,6361,6355,6358,67
20171228,163000,6358,6375,6358,6374,315
20171228,164500,6372,6374,6363,6366,246
20171228,170000,6365,6372,6364,6370,290
20171228,171500,6368,6373,6365,6369,233
20171228,173000,6371,6372,6366,6370,38
20171228,174500,6370,6387,6370,6379,212
20171228,180000,6381,6384,6379,6382,118
20171228,181500,6381,6384,6377,6381,168
20171228,183000,6381,6388,6380,6388,73
20171228,190000,6388,6444,6386,6391,190
20171228,191500,6391,6393,6390,6392,29
20171228,194500,6385,6385,6380,6382,22
20171228,200000,6382,6383,6380,6380,28
20171228,201500,6376,6376,6376,6376,3
20171228,210000,6380,6380,6377,6377,10
20171228,213000,6380,6380,6380,6380,2
20171228,220000,6381,6381,6381,6381,1
20171228,221500,6387,6387,6387,6387,1
20171228,223000,6382,6382,6381,6381,2
20171228,224500,6394,6397,6380,6380,65
20171228,231500,6380,6380,6365,6365,17
20171229,100000,6382,6382,6371,6377,142
20171229,101500,6374,6381,6360,6368,142
20171229,103000,6366,6377,6364,6377,41
20171229,104500,6377,6377,6375,6375,4
20171229,110000,6375,6393,6375,6393,193
20171229,111500,6398,6478,6394,6442,1954
20171229,113000,6446,6449,6411,6424,553
20171229,114500,6423,6446,6422,6440,315
20171229,120000,6442,6455,6441,6450,597
20171229,121500,6449,6451,6430,6434,83
20171229,123000,6439,6446,6431,6434,199
20171229,124500,6434,6442,6430,6442,156
20171229,130000,6444,6459,6438,6438,272
20171229,131500,6440,6456,6438,6446,93
20171229,133000,6450,6450,6431,6444,98
20171229,134500,6450,6450,6426,6437,89
20171229,140000,6437,6437,6428,6433,51
20171229,141500,6434,6434,6425,6428,14
20171229,143000,6433,6455,6433,6455,74
20171229,144500,6451,6453,6444,6453,81
20171229,150000,6450,6453,6450,6452,23
20171229,151500,6451,6459,6450,6455,59
20171229,153000,6451,6451,6440,6450,63
20171229,154500,6447,6447,6437,6437,19
20171229,160000,6438,6444,6437,6442,18
20171229,161500,6440,6450,6434,6436,353
20171229,163000,6435,6439,6434,6436,40
20171229,164500,6438,6438,6429,6436,174
20171229,170000,6437,6438,6420,6424,203
20171229,171500,6423,6426,6412,6423,454
20171229,173000,6423,6438,6420,6433,109
20171229,174500,6431,6431,6420,6420,35
20171229,180000,6411,6428,6406,6414,390
20171229,181500,6414,6420,6410,6420,738
20171229,183000,6417,6446,6400,6446,60
20180103,100000,6445,6549,6439,6503,1070
20180103,101500,6504,6505,6481,6497,94
20180103,103000,6500,6520,6485,6516,994
20180103,104500,6516,6525,6500,6523,1202
20180103,110000,6522,6540,6522,6540,352
20180103,111500,6540,6571,6537,6567,1203
20180103,113000,6563,6569,6548,6561,766
20180103,114500,6558,6558,6522,6525,331
20180103,120000,6521,6575,6521,6556,334
20180103,121500,6563,6565,6538,6540,100
20180103,123000,6547,6555,6547,6553,130
20180103,124500,6544,6547,6544,6547,11
20180103,130000,6547,6560,6545,6551,90
20180103,131500,6552,6563,6551,6558,198
20180103,133000,6558,6561,6557,6559,75
20180103,134500,6558,6568,6557,6564,68
20180103,140000,6551,6562,6551,6562,51
20180103,141500,6556,6564,6546,6555,60
20180103,143000,6563,6569,6563,6565,594
20180103,144500,6565,6580,6563,6570,340
20180103,150000,6574,6579,6546,6560,521
20180103,151500,6560,6569,6541,6560,243
20180103,153000,6573,6576,6556,6565,193
20180103,154500,6560,6567,6545,6551,33
20180103,160000,6567,6567,6557,6560,217
20180103,161500,6557,6559,6557,6559,6
20180103,163000,6559,6559,6556,6558,56
20180103,164500,6555,6555,6549,6553,31
20180103,170000,6549,6549,6534,6542,262
20180103,171500,6541,6556,6540,6555,42
20180103,173000,6559,6567,6550,6565,92
20180103,174500,6559,6564,6559,6561,9
20180103,180000,6559,6570,6557,6566,225
20180103,181500,6559,6577,6559,6576,34
20180103,183000,6576,6576,6557,6571,67
20180103,190000,6551,6551,6551,6551,2
20180103,193000,6565,6566,6553,6553,10
20180103,194500,6551,6560,6550,6557,14
20180103,201500,6567,6579,6567,6569,46
20180103,203000,6578,6580,6578,6579,15
20180103,210000,6579,6580,6572,6575,119
20180103,211500,6577,6586,6573,6577,67
20180103,213000,6570,6588,6561,6588,25
20180103,214500,6568,6574,6561,6573,31
20180103,220000,6573,6588,6573,6580,80
20180103,221500,6572,6590,6569,6581,88
20180103,223000,6577,6577,6560,6570,29
20180103,224500,6568,6568,6568,6568,3
20180103,233000,6566,6572,6566,6572,30
20180103,234500,6563,6563,6560,6560,44
20180104,100000,6575,6604,6575,6588,835
20180104,101500,6588,6588,6567,6575,365
20180104,103000,6570,6585,6569,6582,526
20180104,104500,6577,6580,6560,6570,487
20180104,110000,6573,6576,6549,6570,279
20180104,111500,6564,6603,6564,6598,480
20180104,113000,6594,6597,6564,6574,318
20180104,114500,6573,6589,6572,6582,137
20180104,120000,6580,6591,6569,6584,111
20180104,121500,6585,6591,6580,6587,166
20180104,123000,6587,6603,6586,6595,135
20180104,124500,6593,6600,6579,6580,142
20180104,130000,6579,6585,6571,6584,218
20180104,131500,6585,6603,6585,6595,104
20180104,133000,6594,6612,6591,6612,318
20180104,134500,6610,6665,6610,6650,2099
20180104,140000,6659,6665,6656,6660,175
20180104,141500,6658,6661,6653,6657,122
20180104,143000,6652,6652,6640,6646,276
20180104,144500,6647,6660,6647,6655,107
20180104,150000,6655,6657,6653,6653,72
20180104,151500,6656,6675,6656,6669,405
20180104,153000,6672,6680,6672,6672,195
20180104,154500,6676,6679,6675,6679,137
20180104,160000,6681,6684,6670,6674,168
20180104,161500,6670,6673,6658,6667,80
20180104,163000,6668,6669,6652,6660,55
20180104,164500,6664,6673,6662,6662,72
20180104,170000,6668,6674,6661,6663,42
20180104,171500,6663,6665,6661,6663,39
20180104,173000,6663,6680,6658,6675,321
20180104,174500,6675,6690,6672,6680,205
20180104,180000,6683,6697,6679,6696,279
20180104,181500,6697,6710,6692,6708,710
20180104,183000,6708,6711,6700,6700,246
20180104,190000,6702,6706,6689,6689,137
20180104,191500,6683,6700,6664,6700,112
20180104,193000,6692,6697,6680,6697,7
20180104,194500,6691,6722,6691,6720,17
20180104,200000,6720,6722,6707,6708,17
20180104,201500,6705,6707,6701,6701,7
20180104,203000,6713,6714,6713,6714,2
20180104,204500,6717,6717,6701,6704,12
20180104,213000,6712,6713,6710,6713,15
20180104,214500,6715,6723,6715,6723,17
20180104,220000,6724,6730,6713,6714,40
20180104,221500,6713,6713,6693,6693,60
20180104,223000,6692,6692,6692,6692,5
20180104,224500,6694,6707,6692,6704,62
20180104,230000,6713,6715,6713,6714,6
20180104,231500,6701,6701,6701,6701,1
20180104,234500,6707,6707,6707,6707,1
20180105,100000,6709,6720,6625,6670,1963
20180105,101500,6669,6722,6668,6711,967
20180105,103000,6713,6735,6713,6724,383
20180105,104500,6725,6749,6717,6720,455
20180105,110000,6723,6740,6720,6731,173
20180105,111500,6736,6738,6733,6735,8
20180105,113000,6738,6740,6730,6734,348
20180105,114500,6736,6737,6728,6734,49
20180105,120000,6731,6737,6720,6732,66
20180105,121500,6721,6730,6709,6717,182
20180105,123000,6719,6730,6719,6727,42
20180105,124500,6731,6732,6713,6722,47
20180105,130000,6716,6735,6712,6718,207
20180105,131500,6712,6719,6708,6717,141
20180105,133000,6716,6727,6713,6722,110
20180105,134500,6720,6730,6719,6730,14
20180105,140000,6728,6732,6723,6725,69
20180105,141500,6719,6722,6717,6722,58
20180105,143000,6715,6730,6710,6721,175
20180105,144500,6729,6733,6726,6729,38
20180105,150000,6725,6728,6723,6728,129
20180105,151500,6727,6730,6723,6729,45
20180105,153000,6730,6730,6727,6730,5
20180105,154500,6729,6731,6727,6727,9
20180105,160000,6731,6732,6726,6729,16
20180105,161500,6732,6777,6732,6761,1194
20180105,163000,6761,6764,6736,6760,248
20180105,164500,6760,6771,6755,6766,155
20180105,170000,6765,6783,6762,6779,416
20180105,171500,6780,6780,6761,6771,291
20180105,173000,6764,6775,6764,6772,188
20180105,174500,6772,6808,6772,6808,895
20180105,180000,6808,6812,6799,6812,1011
20180105,181500,6811,6813,6800,6804,821
20180105,183000,6800,6830,6796,6808,165
20180105,190000,6812,6824,6812,6824,13
20180105,191500,6825,6839,6821,6839,38
20180105,193000,6823,6834,6821,6830,36
20180105,194500,6831,6831,6822,6822,31
20180105,200000,6828,6828,6820,6826,83
20180105,201500,6826,6826,6820,6821,76
20180105,203000,6820,6829,6820,6829,5
20180105,204500,6828,6828,6822,6822,4
20180105,210000,6827,6828,6827,6828,6
20180105,211500,6829,6829,6829,6829,1
20180105,214500,6820,6820,6816,6816,72
20180105,220000,6816,6820,6810,6810,157
20180105,221500,6819,6820,6819,6820,5
20180105,223000,6821,6823,6821,6823,8
20180105,224500,6820,6820,6820,6820,1
20180105,230000,6820,6837,6820,6837,16
20180105,231500,6836,6836,6799,6799,141
20180105,233000,6799,6821,6799,6821,227
20180105,234500,6829,6829,6787,6787,37
20180109,100000,6791,6882,6791,6871,1535
20180109,101500,6867,6919,6864,6866,1435
20180109,103000,6874,6911,6874,6878,721
20180109,104500,6878,6878,6850,6866,669
20180109,110000,6870,6897,6870,6886,687
20180109,111500,6887,6891,6874,6878,591
20180109,113000,6877,6880,6866,6873,309
20180109,114500,6873,6881,6869,6875,105
20180109,120000,6871,6875,6871,6873,100
20180109,121500,6874,6879,6873,6879,142
20180109,123000,6879,6885,6878,6879,276
20180109,124500,6880,6896,6880,6887,273
20180109,130000,6888,6904,6883,6902,207
20180109,131500,6899,6899,6880,6880,81
20180109,133000,6880,6880,6871,6873,162
20180109,134500,6875,6880,6872,6872,138
20180109,140000,6872,6886,6871,6882,129
20180109,141500,6882,6887,6854,6854,326
20180109,143000,6858,6869,6820,6835,723
20180109,144500,6838,6841,6761,6770,1309
20180109,150000,6773,6817,6679,6805,3233
20180109,151500,6807,6816,6751,6758,993
20180109,153000,6758,6767,6726,6740,1576
20180109,154500,6745,6759,6738,6740,473
20180109,160000,6746,6750,6742,6742,365
20180109,161500,6743,6743,6725,6735,708
20180109,163000,6735,6735,6694,6707,2896
20180109,164500,6707,6709,6703,6703,481
20180109,170000,6706,6715,6695,6707,836
20180109,171500,6704,6714,6699,6710,617
20180109,173000,6713,6772,6713,6736,1044
20180109,174500,6730,6740,6700,6705,388
20180109,180000,6705,6713,6700,6710,356
20180109,181500,6716,6720,6706,6706,178
20180109,183000,6710,6718,6688,6690,567
20180109,190000,6693,6718,6676,6699,356
20180109,191500,6683,6700,6683,6700,134
20180109,193000,6700,6700,6690,6696,140
20180109,194500,6695,6716,6691,6716,65
20180109,200000,6716,6726,6709,6721,30
20180109,201500,6700,6700,6693,6696,16
20180109,203000,6717,6727,6717,6720,114
20180109,204500,6726,6726,6698,6698,28
20180109,210000,6710,6710,6709,6710,8
20180109,211500,6710,6710,6706,6708,7
20180109,213000,6710,6710,6706,6706,5
20180109,214500,6710,6720,6683,6718,57
20180109,220000,6705,6707,6704,6704,13
20180109,221500,6705,6720,6700,6706,99
20180109,223000,6715,6724,6714,6724,36
20180109,224500,6722,6724,6717,6717,169
20180109,230000,6721,6728,6713,6728,38
20180109,231500,6726,6730,6711,6711,18
20180109,233000,6726,6726,6700,6700,118
20180109,234500,6700,6700,6700,6700,2
20180110,100000,6715,6747,6712,6741,894
20180110,101500,6741,6773,6735,6752,785
20180110,103000,6757,6770,6720,6729,521
20180110,104500,6731,6740,6724,6737,139
20180110,110000,6733,6759,6726,6747,1096
20180110,111500,6749,6753,6744,6748,225
20180110,113000,6749,6750,6732,6736,185
20180110,114500,6731,6731,6701,6705,173
20180110,120000,6705,6726,6701,6701,172
20180110,121500,6705,6720,6698,6710,364
20180110,123000,6704,6713,6700,6710,74
20180110,124500,6708,6713,6702,6712,266
20180110,130000,6713,6718,6700,6702,364
20180110,131500,6701,6713,6699,6713,44
20180110,133000,6716,6720,6709,6709,127
20180110,134500,6706,6713,6704,6713,35
20180110,140000,6708,6709,6696,6696,251
20180110,141500,6695,6703,6661,6700,1029
20180110,143000,6694,6698,6670,6670,268
20180110,144500,6673,6685,6669,6677,518
20180110,150000,6674,6697,6671,6690,174
20180110,151500,6691,6694,6680,6686,154
20180110,153000,6690,6691,6671,6680,316
20180110,154500,6678,6678,6667,6667,307
20180110,160000,6664,6668,6630,6640,1003
20180110,161500,6643,6683,6643,6677,1448
20180110,163000,6678,6713,6678,6707,964
20180110,164500,6706,6745,6694,6719,884
20180110,170000,6723,6736,6718,6727,532
20180110,171500,6725,6767,6722,6755,919
20180110,173000,6757,6760,6744,6755,320
20180110,174500,6757,6767,6727,6755,710
20180110,180000,6754,6760,6724,6758,211
20180110,181500,6758,6765,6755,6763,700
20180110,183000,6757,6763,6744,6759,202
20180110,190000,6762,6762,6751,6759,35
20180110,191500,6753,6763,6753,6757,85
20180110,193000,6759,6759,6759,6759,1
20180110,194500,6759,6762,6752,6762,28
20180110,200000,6753,6763,6753,6763,6
20180110,201500,6763,6770,6763,6770,33
20180110,204500,6759,6770,6759,6770,15
20180110,210000,6757,6770,6757,6770,11
20180110,211500,6768,6768,6768,6768,1
20180110,213000,6769,6769,6753,6757,14
20180110,214500,6753,6755,6753,6755,5
20180110,220000,6760,6787,6760,6764,81
20180110,221500,6774,6774,6774,6774,1
20180110,223000,6773,6773,6763,6763,3
20180110,224500,6774,6775,6766,6766,33
20180110,230000,6773,6775,6763,6763,54
20180110,233000,6775,6775,6775,6775,4
20180111,100000,6775,6780,6725,6733,1356
20180111,101500,6740,6753,6733,6744,258
20180111,103000,6744,6759,6744,6759,56
20180111,104500,6761,6837,6759,6818,2257
20180111,110000,6823,6823,6777,6784,334
20180111,111500,6785,6792,6752,6763,391
20180111,113000,6763,6818,6760,6802,2186
20180111,114500,6804,6804,6760,6779,579
20180111,120000,6778,6804,6769,6799,499
20180111,121500,6799,6799,6779,6783,325
20180111,123000,6778,6783,6774,6778,40
20180111,124500,6777,6777,6768,6772,67
20180111,130000,6780,6789,6772,6785,106
20180111,131500,6786,6786,6779,6782,13
20180111,133000,6781,6786,6775,6775,65
20180111,134500,6776,6780,6771,6778,127
20180111,140000,6777,6780,6775,6776,152
20180111,141500,6777,6795,6770,6795,163
20180111,143000,6795,6799,6757,6768,292
20180111,144500,6768,6771,6751,6752,470
20180111,150000,6762,6770,6732,6748,396
20180111,151500,6751,6757,6746,6749,77
20180111,153000,6752,6752,6711,6734,1023
20180111,154500,6730,6733,6725,6725,447
20180111,160000,6725,6736,6722,6736,340
20180111,161500,6736,6736,6727,6728,265
20180111,163000,6729,6758,6729,6740,492
20180111,164500,6741,6754,6740,6745,294
20180111,170000,6736,6741,6730,6732,168
20180111,171500,6737,6743,6734,6743,100
20180111,173000,6742,6743,6735,6737,191
20180111,174500,6739,6745,6736,6741,314
20180111,180000,6741,6755,6737,6747,264
20180111,181500,6744,6769,6743,6748,333
20180111,183000,6752,6767,6744,6765,315
20180111,190000,6753,6767,6733,6764,51
20180111,191500,6761,6764,6746,6764,5
20180111,193000,6765,6777,6746,6759,82
20180111,194500,6758,6758,6751,6752,17
20180111,201500,6753,6753,6753,6753,1
20180111,203000,6753,6753,6746,6746,24
20180111,204500,6756,6756,6756,6756,1
20180111,210000,6756,6757,6747,6756,13
20180111,211500,6747,6747,6746,6747,7
20180111,213000,6747,6760,6747,6760,11
20180111,214500,6754,6754,6754,6754,1
20180111,220000,6751,6751,6751,6751,1
20180111,221500,6751,6751,6751,6751,7
20180111,223000,6747,6759,6747,6753,15
20180111,224500,6750,6760,6750,6751,103
20180111,230000,6759,6759,6759,6759,12
20180111,231500,6747,6760,6745,6760,111
20180111,233000,6755,6755,6716,6740,117
20180111,234500,6749,6749,6740,6740,10
20180112,100000,6734,6780,6727,6768,461
20180112,101500,6768,6779,6744,6777,424
20180112,103000,6779,6799,6764,6773,604
20180112,104500,6772,6777,6754,6757,95
20180112,110000,6760,6805,6758,6799,771
20180112,111500,6800,6808,6787,6807,349
20180112,113000,6807,6817,6800,6801,382
20180112,114500,6801,6802,6791,6792,121
20180112,120000,6786,6812,6779,6806,570
20180112,121500,6807,6829,6794,6825,438
20180112,123000,6818,6827,6816,6823,55
20180112,124500,6823,6824,6812,6816,193
20180112,130000,6815,6819,6808,6808,235
20180112,131500,6812,6823,6805,6813,763
20180112,133000,6815,6847,6800,6843,866
20180112,134500,6837,6841,6825,6835,206
20180112,140000,6834,6835,6807,6820,141
20180112,141500,6814,6827,6800,6804,308
20180112,143000,6802,6810,6792,6794,367
20180112,144500,6800,6807,6781,6782,411
20180112,150000,6788,6798,6767,6771,483
20180112,151500,6773,6798,6770,6791,160
20180112,153000,6796,6804,6780,6786,300
20180112,154500,6784,6795,6780,6795,26
20180112,160000,6801,6803,6794,6794,56
20180112,161500,6797,6830,6793,6818,144
20180112,163000,6818,6820,6801,6808,105
20180112,164500,6805,6806,6783,6793,158
20180112,170000,6790,6796,6771,6784,227
20180112,171500,6779,6779,6765,6768,289
20180112,173000,6768,6786,6765,6781,136
20180112,174500,6780,6792,6779,6792,72
20180112,180000,6792,6792,6784,6784,52
20180112,181500,6785,6805,6784,6796,194
20180112,183000,6796,6796,6784,6795,75
20180112,190000,6784,6800,6700,6777,288
20180112,191500,6776,6776,6767,6767,5
20180112,193000,6765,6778,6765,6778,9
20180112,194500,6778,6779,6767,6767,52
20180112,200000,6779,6780,6768,6778,18
20180112,201500,6789,6789,6789,6789,1
20180112,203000,6789,6789,6789,6789,1
20180112,204500,6778,6778,6778,6778,8
20180112,211500,6778,6778,6778,6778,1
20180112,213000,6778,6780,6778,6780,7
20180112,220000,6785,6797,6785,6797,26
20180112,221500,6797,6807,6797,6798,91
20180112,223000,6799,6812,6787,6812,51
20180112,224500,6799,6807,6777,6807,31
20180112,231500,6782,6803,6781,6803,13
20180112,233000,6804,6812,6804,6812,30
20180112,234500,6782,6782,6782,6782,1
20180115,100000,6816,6816,6779,6796,661
20180115,101500,6798,6800,6780,6794,246
20180115,103000,6800,6810,6799,6806,231
20180115,104500,6802,6804,6790,6795,143
20180115,110000,6797,6800,6763,6780,441
20180115,111500,6780,6799,6780,6790,221
20180115,113000,6790,6791,6787,6791,75
20180115,114500,6789,6800,6785,6788,43
20180115,120000,6789,6801,6789,6798,197
20180115,121500,6798,6801,6756,6787,367
20180115,123000,6780,6791,6764,6769,151
20180115,124500,6768,6768,6750,6750,460
20180115,130000,6751,6753,6720,6744,504
20180115,131500,6738,6755,6729,6742,217
20180115,133000,6741,6747,6708,6721,567
20180115,134500,6723,6728,6713,6724,110
20180115,140000,6720,6720,6701,6719,200
20180115,141500,6720,6742,6720,6736,112
20180115,143000,6738,6748,6738,6747,47
20180115,144500,6744,6759,6729,6741,276
20180115,150000,6738,6748,6728,6741,265
20180115,151500,6736,6746,6730,6735,163
20180115,153000,6735,6739,6720,6727,132
20180115,154500,6720,6727,6707,6715,237
20180115,160000,6714,6715,6704,6708,103
20180115,161500,6711,6735,6710,6730,577
20180115,163000,6730,6733,6718,6729,303
20180115,164500,6729,6730,6675,6680,1136
20180115,170000,6680,6691,6661,6679,1247
20180115,171500,6676,6678,6660,6663,698
20180115,173000,6670,6687,6663,6666,471
20180115,174500,6667,6673,6660,6665,403
20180115,180000,6667,6669,6655,6664,276
20180115,181500,6669,6681,6668,6668,199
20180115,183000,6673,6677,6666,6674,117
20180115,190000,6670,6677,6670,6671,42
20180115,191500,6675,6675,6672,6674,20
20180115,193000,6675,6675,6670,6674,27
20180115,194500,6672,6672,6667,6667,23
20180115,200000,6666,6666,6656,6656,19
20180115,201500,6656,6659,6653,6659,43
20180115,203000,6655,6659,6655,6658,23
20180115,204500,6655,6655,6652,6652,122
20180115,210000,6659,6659,6659,6659,113
20180115,211500,6660,6660,6660,6660,1
20180115,213000,6669,6669,6669,6669,1
20180115,214500,6661,6668,6661,6668,6
20180115,220000,6660,6666,6650,6650,133
20180115,221500,6652,6723,6650,6715,279
20180115,223000,6715,6743,6695,6695,124
20180115,224500,6713,6713,6697,6697,2
20180115,231500,6697,6707,6689,6689,57
20180115,233000,6687,6687,6675,6685,28
20180115,234500,6676,6684,6675,6684,22
20180116,100000,6675,6713,6664,6669,1938
20180116,101500,6665,6684,6661,6676,756
20180116,103000,6681,6681,6650,6659,473
20180116,104500,6656,6673,6650,6661,1098
20180116,110000,6660,6707,6660,6680,763
20180116,111500,6676,6676,6657,6659,113
20180116,113000,6661,6666,6632,6641,683
20180116,114500,6642,6644,6599,6622,1688
20180116,120000,6623,6626,6600,6607,1268
20180116,121500,6607,6613,6590,6610,625
20180116,123000,6613,6617,6580,6604,1628
20180116,124500,6599,6615,6584,6586,314
20180116,130000,6588,6592,6570,6571,652
20180116,131500,6576,6580,6551,6565,373
20180116,133000,6561,6562,6491,6532,2107
20180116,134500,6533,6547,6503,6504,487
20180116,140000,6514,6514,6464,6494,1001
20180116,141500,6494,6499,6464,6480,1943
20180116,143000,6480,6485,6471,6479,701
20180116,144500,6480,6485,6468,6474,415
20180116,150000,6475,6485,6475,6478,944
20180116,151500,6477,6500,6476,6493,466
20180116,153000,6487,6491,6482,6486,189
20180116,154500,6489,6490,6481,6487,275
20180116,160000,6486,6495,6482,6492,224
20180116,161500,6495,6500,6486,6497,239
20180116,163000,6497,6514,6494,6501,446
20180116,164500,6504,6532,6504,6525,615
20180116,170000,6525,6530,6500,6517,860
20180116,171500,6517,6518,6498,6500,299
20180116,173000,6504,6505,6490,6502,537
20180116,174500,6503,6520,6498,6508,293
20180116,180000,6502,6504,6491,6495,393
20180116,181500,6495,6496,6484,6495,214
20180116,183000,6493,6520,6477,6509,446
20180116,190000,6472,6513,6472,6500,24
20180116,191500,6495,6497,6484,6488,81
20180116,193000,6491,6492,6480,6480,14
20180116,194500,6479,6489,6470,6470,36
20180116,200000,6480,6480,6480,6480,1
20180116,201500,6472,6477,6458,6462,55
20180116,203000,6480,6481,6480,6480,24
20180116,204500,6481,6481,6466,6466,3
20180116,210000,6467,6467,6467,6467,6
20180116,211500,6479,6480,6479,6479,22
20180116,213000,6470,6474,6469,6474,39
20180116,214500,6464,6464,6451,6463,74
20180116,220000,6457,6460,6451,6460,92
20180116,221500,6459,6460,6423,6444,210
20180116,223000,6431,6446,6430,6439,45
20180116,224500,6438,6438,6422,6436,55
20180116,230000,6438,6439,6438,6439,5
20180116,231500,6444,6445,6444,6445,9
20180116,233000,6445,6445,6430,6430,34
20180116,234500,6444,6444,6430,6444,5
20180117,100000,6446,6478,6401,6475,1292
20180117,101500,6475,6475,6410,6420,1537
20180117,103000,6421,6439,6411,6430,811
20180117,104500,6427,6475,6426,6467,844
20180117,110000,6470,6507,6453,6488,1509
20180117,111500,6491,6572,6491,6557,1999
20180117,113000,6560,6569,6528,6540,885
20180117,114500,6539,6539,6512,6532,327
20180117,120000,6537,6556,6524,6534,511
20180117,121500,6534,6537,6519,6519,212
20180117,123000,6518,6519,6496,6500,442
20180117,124500,6500,6514,6498,6513,359
20180117,130000,6516,6536,6512,6514,259
20180117,131500,6510,6518,6496,6501,408
20180117,133000,6498,6509,6453,6457,445
20180117,134500,6459,6480,6450,6477,376
20180117,140000,6493,6501,6459,6467,170
20180117,141500,6472,6527,6467,6518,385
20180117,143000,6524,6527,6508,6522,446
20180117,144500,6523,6523,6515,6523,183
20180117,150000,6523,6523,6512,6516,146
20180117,151500,6521,6521,6500,6508,266
20180117,153000,6508,6514,6504,6511,85
20180117,154500,6512,6513,6495,6510,118
20180117,160000,6501,6508,6500,6508,13
20180117,161500,6508,6509,6497,6501,287
20180117,163000,6494,6497,6490,6497,109
20180117,164500,6495,6497,6467,6486,717
20180117,170000,6483,6487,6473,6481,222
20180117,171500,6479,6497,6476,6484,365
20180117,173000,6483,6484,6475,6479,631
20180117,174500,6474,6479,6471,6475,327
20180117,180000,6474,6492,6474,6490,94
20180117,181500,6483,6509,6483,6494,331
20180117,183000,6493,6510,6491,6492,49
20180117,190000,6509,6547,6483,6504,156
20180117,191500,6506,6517,6493,6517,54
20180117,193000,6506,6517,6500,6516,23
20180117,194500,6513,6513,6511,6511,2
20180117,200000,6517,6528,6506,6511,40
20180117,201500,6526,6531,6513,6525,64
20180117,203000,6513,6514,6492,6499,123
20180117,204500,6499,6500,6499,6500,16
20180117,210000,6521,6521,6513,6518,10
20180117,211500,6516,6518,6502,6502,17
20180117,213000,6502,6531,6502,6530,385
20180117,214500,6530,6536,6515,6534,169
20180117,220000,6533,6533,6501,6516,119
20180117,221500,6516,6523,6502,6502,22
20180117,223000,6521,6531,6512,6512,51
20180117,224500,6513,6513,6501,6506,102
20180117,230000,6513,6515,6513,6514,15
20180117,233000,6516,6516,6516,6516,4
20180117,234500,6512,6512,6503,6503,30
20180118,100000,6501,6542,6498,6520,645
20180118,101500,6517,6526,6497,6520,341
20180118,103000,6520,6520,6497,6506,24
20180118,104500,6510,6521,6482,6496,420
20180118,110000,6499,6504,6455,6464,548
20180118,111500,6462,6478,6456,6476,346
20180118,113000,6477,6478,6450,6450,485
20180118,114500,6454,6455,6423,6428,829
20180118,120000,6429,6429,6409,6412,1231
20180118,121500,6417,6417,6365,6397,2056
20180118,123000,6398,6403,6380,6388,291
20180118,124500,6382,6398,6368,6370,252
20180118,130000,6368,6379,6364,6367,734
20180118,131500,6366,6368,6328,6332,1998
20180118,133000,6332,6391,6332,6385,2417
20180118,134500,6380,6385,6350,6364,357
20180118,140000,6360,6371,6341,6353,354
20180118,141500,6356,6362,6336,6339,1344
20180118,143000,6339,6350,6334,6346,634
20180118,144500,6346,6364,6346,6353,247
20180118,150000,6353,6362,6341,6347,1218
20180118,151500,6342,6360,6322,6349,683
20180118,153000,6348,6360,6339,6350,908
20180118,154500,6350,6352,6340,6342,162
20180118,160000,6343,6350,6310,6339,2553
20180118,161500,6344,6358,6335,6351,534
20180118,163000,6348,6351,6331,6331,218
20180118,164500,6336,6363,6323,6348,867
20180118,170000,6349,6351,6332,6345,215
20180118,171500,6345,6364,6344,6360,436
20180118,173000,6360,6379,6341,6349,1012
20180118,174500,6355,6395,6355,6389,781
20180118,180000,6388,6388,6364,6371,497
20180118,181500,6372,6380,6368,6371,219
20180118,183000,6369,6369,6360,6361,268
20180118,190000,6361,6370,6345,6370,54
20180118,191500,6350,6367,6345,6347,79
20180118,193000,6360,6364,6345,6345,34
20180118,194500,6357,6357,6345,6357,14
20180118,200000,6357,6357,6357,6357,6
20180118,203000,6355,6361,6355,6356,16
20180118,204500,6355,6355,6345,6345,25
20180118,210000,6362,6364,6350,6362,148
20180118,211500,6354,6365,6340,6341,117
20180118,213000,6341,6350,6341,6349,36
20180118,214500,6338,6340,6338,6340,261
20180118,220000,6340,6348,6337,6348,56
20180118,221500,6333,6356,6333,6353,92
20180118,223000,6350,6365,6350,6359,152
20180118,224500,6357,6364,6349,6359,40
20180118,230000,6359,6360,6358,6360,35
20180118,231500,6361,6383,6350,6350,124
20180118,233000,6351,6359,6340,6351,135
20180118,234500,6351,6354,6351,6354,24
20180119,100000,6365,6387,6343,6355,926
20180119,101500,6355,6375,6333,6373,506
20180119,103000,6373,6379,6364,6370,474
20180119,104500,6368,6390,6366,6370,583
20180119,110000,6369,6377,6341,6350,1307
20180119,111500,6350,6353,6330,6333,1126
20180119,113000,6333,6363,6333,6358,247
20180119,114500,6355,6360,6347,6355,400
20180119,120000,6354,6356,6346,6356,440
20180119,121500,6350,6360,6338,6345,471
20180119,123000,6336,6341,6333,6337,162
20180119,124500,6335,6340,6332,6339,270
20180119,130000,6339,6339,6330,6333,223
20180119,131500,6333,6342,6330,6341,70
20180119,133000,6341,6341,6332,6332,127
20180119,134500,6336,6344,6332,6338,153
20180119,140000,6334,6337,6331,6336,51
20180119,141500,6332,6338,6331,6337,51
20180119,143000,6340,6340,6335,6339,176
20180119,144500,6337,6338,6334,6334,395
20180119,150000,6334,6334,6315,6320,792
20180119,151500,6320,6345,6315,6333,410
20180119,153000,6327,6332,6323,6323,764
20180119,154500,6323,6333,6318,6328,224
20180119,160000,6328,6330,6318,6323,326
20180119,161500,6321,6321,6311,6315,160
20180119,163000,6317,6325,6311,6323,449
20180119,164500,6323,6329,6319,6319,108
20180119,170000,6324,6326,6318,6326,44
20180119,171500,6322,6341,6322,6341,108
20180119,173000,6341,6345,6335,6340,122
20180119,174500,6336,6361,6333,6334,402
20180119,180000,6332,6350,6327,6334,176
20180119,181500,6337,6340,6333,6334,96
20180119,183000,6334,6360,6333,6358,285
20180119,190000,6329,6348,6329,6340,3
20180119,191500,6335,6335,6334,6334,4
20180119,193000,6340,6345,6337,6340,65
20180119,194500,6340,6340,6340,6340,72
20180119,200000,6336,6336,6336,6336,2
20180119,201500,6338,6340,6338,6340,87
20180119,203000,6338,6344,6335,6344,14
20180119,204500,6344,6344,6344,6344,21
20180119,210000,6343,6343,6343,6343,1
20180119,211500,6341,6341,6339,6339,23
20180119,214500,6342,6342,6342,6342,1
20180119,220000,6339,6343,6339,6343,35
20180119,221500,6342,6342,6342,6342,10
20180119,223000,6341,6341,6320,6320,333
20180119,224500,6334,6338,6319,6319,34
20180119,230000,6320,6332,6320,6332,92
20180119,231500,6333,6340,6235,6270,1859
20180119,233000,6308,6315,6270,6300,260
20180119,234500,6305,6307,6305,6307,20
20180122,100000,6317,6348,6310,6329,1397
20180122,101500,6328,6346,6315,6345,418
20180122,103000,6346,6422,6340,6408,2699
20180122,104500,6408,6430,6404,6408,1066
20180122,110000,6408,6409,6337,6357,1199
20180122,111500,6355,6364,6341,6353,778
20180122,113000,6356,6379,6350,6369,490
20180122,114500,6370,6411,6370,6374,1132
20180122,120000,6377,6386,6367,6367,288
20180122,121500,6369,6381,6364,6377,168
20180122,123000,6386,6388,6372,6374,141
20180122,124500,6375,6377,6361,6370,83
20180122,130000,6370,6376,6370,6374,105
20180122,131500,6376,6382,6376,6382,49
20180122,133000,6378,6386,6374,6386,216
20180122,134500,6389,6400,6389,6397,230
20180122,140000,6397,6400,6385,6396,230
20180122,141500,6394,6399,6382,6386,180
20180122,143000,6387,6393,6383,6391,214
20180122,144500,6383,6400,6383,6400,215
20180122,150000,6395,6395,6382,6382,98
20180122,151500,6389,6391,6385,6386,12
20180122,153000,6388,6390,6386,6387,68
20180122,154500,6381,6383,6370,6373,757
20180122,160000,6375,6378,6373,6373,158
20180122,161500,6375,6379,6366,6371,77
20180122,163000,6365,6374,6364,6371,73
20180122,164500,6368,6370,6365,6370,20
20180122,170000,6366,6366,6360,6365,167
20180122,171500,6361,6367,6360,6367,161
20180122,173000,6366,6371,6363,6366,125
20180122,174500,6367,6369,6363,6363,149
20180122,180000,6363,6366,6360,6360,160
20180122,181500,6356,6374,6351,6374,308
20180122,183000,6370,6370,6355,6364,139
20180122,190000,6369,6369,6305,6347,188
20180122,191500,6338,6344,6311,6344,114
20180122,193000,6343,6350,6343,6346,19
20180122,194500,6346,6346,6331,6344,142
20180122,200000,6345,6345,6335,6344,57
20180122,201500,6340,6340,6321,6333,143
20180122,203000,6333,6333,6327,6327,196
20180122,204500,6328,6334,6326,6331,32
20180122,210000,6332,6332,6332,6332,6
20180122,211500,6338,6338,6338,6338,1
20180122,213000,6334,6336,6333,6336,5
20180122,214500,6333,6348,6333,6346,9
20180122,220000,6341,6350,6340,6350,99
20180122,221500,6358,6359,6358,6359,2
20180122,223000,6352,6363,6345,6363,107
20180122,224500,6354,6358,6350,6358,85
20180122,230000,6348,6348,6346,6346,11
20180122,231500,6355,6355,6355,6355,5
20180122,233000,6350,6359,6350,6359,7
20180122,234500,6347,6347,6347,6347,4
20180123,100000,6368,6414,6368,6390,2877
20180123,101500,6388,6400,6382,6385,1197
20180123,103000,6386,6392,6379,6391,1901
20180123,104500,6392,6417,6391,6411,1797
20180123,110000,6412,6447,6390,6390,4252
20180123,111500,6390,6434,6387,6418,2407
20180123,113000,6418,6420,6396,6396,1208
20180123,114500,6394,6399,6389,6392,177
20180123,120000,6396,6400,6388,6392,131
20180123,121500,6390,6397,6389,6394,136
20180123,123000,6389,6410,6389,6408,118
20180123,124500,6410,6411,6395,6395,166
20180123,130000,6401,6401,6388,6391,326
20180123,131500,6394,6397,6389,6389,74
20180123,133000,6389,6389,6373,6383,363
20180123,134500,6383,6383,6374,6379,174
20180123,140000,6380,6406,6380,6392,401
20180123,141500,6390,6400,6383,6400,145
20180123,143000,6394,6399,6391,6395,97
20180123,144500,6391,6402,6380,6382,327
20180123,150000,6384,6397,6381,6396,103
20180123,151500,6396,6401,6384,6384,128
20180123,153000,6387,6404,6387,6400,197
20180123,154500,6404,6405,6397,6397,240
20180123,160000,6398,6400,6398,6400,27
20180123,161500,6400,6400,6395,6395,84
20180123,163000,6400,6417,6400,6415,309
20180123,164500,6415,6417,6408,6411,205
20180123,170000,6413,6414,6409,6413,89
20180123,171500,6413,6415,6410,6415,215
20180123,173000,6414,6415,6402,6410,139
20180123,174500,6412,6413,6400,6405,150
20180123,180000,6403,6420,6400,6417,455
20180123,181500,6413,6419,6411,6414,54
20180123,183000,6410,6420,6402,6420,193
20180123,190000,6420,6420,6412,6419,18
20180123,191500,6423,6425,6413,6413,67
20180123,193000,6420,6420,6414,6414,32
20180123,194500,6414,6414,6411,6411,68
20180123,201500,6414,6421,6413,6419,64
20180123,203000,6415,6415,6415,6415,1
20180123,204500,6416,6416,6415,6415,14
20180123,210000,6424,6425,6424,6424,3
20180123,211500,6424,6424,6424,6424,3
20180123,214500,6423,6424,6423,6424,8
20180123,220000,6421,6425,6421,6424,16
20180123,221500,6426,6426,6422,6422,5
20180123,223000,6429,6430,6420,6420,64
20180123,224500,6420,6420,6420,6420,45
20180123,230000,6430,6430,6430,6430,22
20180123,231500,6431,6434,6431,6434,33
20180123,233000,6433,6434,6433,6434,376
20180123,234500,6434,6445,6434,6445,330
20180124,100000,6445,6475,6440,6463,1155
20180124,101500,6459,6459,6435,6442,656
20180124,103000,6443,6464,6442,6452,247
20180124,104500,6460,6461,6440,6440,76
20180124,110000,6440,6440,6428,6433,193
20180124,111500,6432,6436,6410,6420,492
20180124,113000,6417,6420,6380,6396,1324
20180124,114500,6401,6413,6392,6392,317
20180124,120000,6397,6419,6392,6404,146
