20170921,120000,6500,6500,6320,6400,60
20170921,130000,6420,6420,6420,6420,1
20170922,100000,6408,6427,6407,6427,3
20170922,110000,6407,6407,6403,6403,2
20170922,130000,6424,6441,6424,6441,8
20170922,140000,6421,6421,6419,6419,2
20170922,150000,6440,6440,6420,6420,36
20170922,160000,6405,6405,6390,6390,4
20170922,170000,6375,6375,6375,6375,2
20170922,220000,6393,6393,6393,6393,1
20170925,100000,6397,6408,6397,6408,2
20170925,110000,6388,6388,6377,6377,2
20170925,120000,6396,6396,6396,6396,1
20170925,160000,6408,6486,6408,6486,17
20170925,170000,6498,6515,6493,6515,8
20170925,180000,6495,6513,6493,6513,3
20170925,190000,6515,6515,6515,6515,1
20170926,100000,6520,6520,6480,6500,17
20170926,110000,6505,6520,6495,6495,14
20170926,120000,6515,6530,6515,6530,3
20170926,130000,6510,6510,6494,6494,4
20170926,150000,6485,6485,6470,6470,3
20170926,170000,6490,6505,6490,6505,3
20170926,180000,6487,6487,6465,6465,4
20170927,100000,6485,6507,6474,6474,7
20170927,110000,6465,6465,6465,6465,1
20170927,120000,6459,6459,6459,6459,1
20170927,130000,6479,6544,6476,6499,62
20170927,140000,6475,6475,6475,6475,1
20170927,150000,6495,6551,6433,6445,20
20170927,160000,6435,6540,6398,6415,76
20170927,170000,6435,6470,6429,6429,9
20170927,180000,6416,6485,6416,6425,7
20170927,230000,6415,6457,6415,6427,7
20170928,100000,6447,6447,6427,6427,2
20170928,110000,6447,6450,6447,6450,2
20170928,120000,6462,6521,6433,6435,52
20170928,130000,6445,6445,6445,6445,1
20170928,140000,6433,6482,6427,6464,96
20170928,150000,6458,6463,6458,6463,3
20170928,170000,6442,6442,6415,6435,15
20170928,180000,6447,6447,6427,6427,2
20170928,190000,6415,6415,6154,6410,18
20170928,200000,6420,6426,6420,6426,2
20170929,100000,6415,6435,6415,6435,3
20170929,110000,6445,6460,6368,6450,28
20170929,120000,6430,6460,6416,6460,19
20170929,140000,6440,6440,6440,6440,1
20170929,150000,6430,6434,6415,6434,8
20170929,160000,6435,6435,6435,6435,1
20170929,180000,6415,6415,6410,6410,2
20171002,100000,6430,6448,6430,6448,14
20171002,110000,6449,6449,6443,6443,6
20171002,120000,6457,6457,6457,6457,1
20171002,130000,6436,6436,6416,6436,14
20171002,170000,6413,6413,6361,6361,8
20171002,230000,6383,6392,6383,6392,2
20171003,100000,6402,6422,6402,6402,12
20171003,130000,6388,6388,6388,6388,1
20171003,140000,6407,6417,6407,6417,2
20171003,150000,6415,6415,6413,6413,10
20171003,160000,6423,6423,6423,6423,1
20171003,170000,6442,6446,6432,6432,17
20171003,180000,6421,6421,6392,6392,6
20171004,100000,6384,6384,6374,6374,3
20171004,110000,6364,6364,6362,6362,2
20171004,120000,6381,6382,6381,6382,2
20171004,130000,6390,6390,6390,6390,10
20171004,150000,6388,6397,6388,6397,2
20171004,160000,6376,6376,6376,6376,1
20171005,160000,6350,6350,6318,6318,8
20171005,170000,6308,6329,6307,6329,5
20171005,180000,6336,6355,6329,6355,6
20171005,190000,6364,6364,6364,6364,1
20171005,200000,6362,6363,6362,6363,2
20171005,230000,6369,6369,6369,6369,1
20171006,100000,6378,6502,6360,6411,93
20171006,130000,6428,6428,6428,6428,1
20171006,150000,6400,6438,6400,6400,12
20171006,170000,6441,6490,6383,6383,61
20171009,120000,6387,6406,6356,6380,28
20171010,140000,6368,6368,6368,6368,3
20171010,160000,6380,6380,6380,6380,1
20171011,100000,6388,6388,6388,6388,1
20171011,150000,6357,6357,6357,6357,60
20171011,160000,6357,6357,6357,6357,60
20171011,170000,6357,6357,6357,6357,180
20171011,200000,6358,6358,6358,6358,1
20171011,230000,6354,6354,6354,6354,1
20171012,190000,6364,6366,6340,6340,3
20171013,160000,6340,6340,6340,6340,1
20171016,150000,6351,6351,6351,6351,5
20171016,200000,6340,6340,6340,6340,1
20171017,140000,6300,6300,6300,6300,1
20171017,160000,6300,6300,6300,6300,200
20171018,120000,6279,6279,6279,6279,1
20171018,190000,6269,6270,6263,6269,19
20171018,220000,6268,6270,6268,6270,3
20171019,100000,6258,6258,6257,6257,3
20171019,110000,6257,6257,6253,6253,5
20171019,140000,6255,6255,6255,6255,3
20171019,150000,6252,6252,6252,6252,1
20171019,160000,6240,6240,6234,6234,7
20171019,190000,6235,6235,6235,6235,1
20171020,100000,6270,6270,6260,6260,2
20171020,110000,6250,6250,6250,6250,142
20171020,120000,6250,6250,6250,6250,58
20171020,160000,6245,6245,6245,6245,1
20171023,130000,6245,6245,6245,6245,3
20171023,170000,6244,6244,6244,6244,1
20171023,180000,6240,6240,6230,6230,2
20171023,190000,6253,6256,6253,6256,30
20171023,200000,6255,6256,6255,6256,20
20171024,100000,6243,6243,6241,6241,2
20171024,230000,6296,6333,6296,6333,4
20171025,100000,6328,6334,6296,6306,791
20171025,110000,6286,6300,6285,6285,22
20171025,120000,6300,6306,6300,6306,10
20171025,130000,6304,6304,6304,6304,2
20171025,170000,6290,6290,6280,6280,4
20171025,180000,6275,6275,6270,6270,2
20171026,100000,6247,6247,6240,6240,8
20171026,120000,6238,6238,6238,6238,1
20171026,140000,6235,6235,6235,6235,90
20171026,150000,6235,6235,6235,6235,10
20171026,160000,6230,6230,6230,6230,60
20171026,180000,6230,6230,6230,6230,1
20171026,190000,6230,6230,6230,6230,1
20171027,110000,6270,6270,6270,6270,5
20171027,130000,6255,6255,6255,6255,7
20171027,150000,6263,6263,6263,6263,1
20171027,160000,6275,6275,6255,6260,8
20171027,170000,6255,6255,6255,6255,1
20171027,180000,6260,6260,6240,6245,6
20171030,110000,6251,6251,6251,6251,10
20171030,120000,6247,6250,6247,6247,138
20171030,170000,6245,6245,6245,6245,1
20171030,180000,6228,6228,6228,6228,5
20171031,100000,6229,6229,6229,6229,5
20171031,110000,6237,6247,6237,6247,3
20171031,140000,6224,6224,6224,6224,3
20171031,170000,6210,6210,6210,6210,1
20171101,110000,6250,6250,6250,6250,1
20171101,140000,6230,6230,6230,6230,1
20171101,160000,6228,6228,6228,6228,1
20171101,180000,6181,6181,6181,6181,1
20171101,190000,6200,6200,6200,6200,1
20171102,170000,6130,6185,6130,6185,2
20171103,100000,6157,6157,6156,6156,5
20171103,110000,6181,6181,6181,6181,12
20171103,120000,6165,6165,6152,6152,22
20171103,160000,6173,6173,6173,6173,10
20171103,170000,6148,6148,6148,6148,10
20171107,110000,6169,6169,6169,6169,10
20171107,140000,6264,6264,6235,6235,11
20171108,130000,6255,6262,6255,6262,3
20171108,160000,6268,6268,6251,6251,2
20171108,170000,6272,6272,6272,6272,24
20171108,210000,6196,6196,6196,6196,2
20171109,100000,6315,6404,6315,6352,66
20171109,110000,6340,6340,6340,6340,10
20171109,130000,6341,6341,6341,6341,1
20171109,170000,6332,6332,6332,6332,10
20171110,100000,6250,6250,6250,6250,1
20171110,190000,6200,6200,6200,6200,1
20171113,120000,6233,6234,6233,6234,2
20171113,130000,6214,6214,6214,6214,12
20171113,170000,6219,6219,6219,6219,1
20171113,180000,6218,6218,6194,6194,2
20171113,230000,6220,6235,6220,6235,5
20171114,100000,6174,6175,6174,6175,15
20171114,110000,6110,6110,6110,6110,10
20171114,120000,6155,6155,6155,6155,1
20171114,150000,6140,6140,6138,6138,9
20171114,160000,6135,6135,6135,6135,1
20171114,170000,6141,6141,6099,6099,5
20171114,180000,6090,6090,6075,6075,6
20171114,190000,6084,6084,6084,6084,1
20171114,210000,6090,6093,6090,6093,4
20171114,220000,6094,6097,6094,6097,4
20171115,100000,6070,6070,5975,5975,971
20171115,110000,5975,5986,5970,5970,131
20171115,120000,5970,5975,5855,5910,4264
20171115,130000,5910,5910,5850,5859,2869
20171115,140000,5846,5852,5790,5791,959
20171115,150000,5791,5830,5789,5830,916
20171115,160000,5780,5780,5757,5760,1784
20171115,170000,5756,5758,5750,5758,796
20171115,180000,5771,5771,5717,5731,1375
20171115,190000,5746,5747,5674,5674,437
20171115,200000,5676,5707,5666,5707,607
20171115,210000,5716,5716,5680,5680,6
20171115,220000,5680,5680,5680,5680,4
20171116,100000,5666,5681,5538,5574,160
20171116,120000,5551,5551,5360,5360,492
20171116,130000,5354,5354,5218,5231,5043
20171116,140000,5257,5280,5180,5201,52
20171116,150000,5238,5247,5211,5247,58
20171116,160000,5277,5282,5244,5270,614
20171116,170000,5268,5285,5260,5275,32
20171116,180000,5282,5371,5252,5360,304
20171116,190000,5357,5357,5357,5357,2
20171116,200000,5360,5360,5360,5360,5
20171116,220000,5377,5377,5377,5377,9
20171116,230000,5382,5400,5382,5400,6
20171117,100000,5399,5483,5370,5370,73
20171117,110000,5421,5425,5378,5425,99
20171117,120000,5430,5507,5413,5505,219
20171117,130000,5505,5514,5445,5445,228
20171117,140000,5423,5458,5422,5456,9
20171117,150000,5477,5518,5433,5433,71
20171117,160000,5451,5451,5443,5443,3
20171117,170000,5453,5477,5416,5477,322
20171117,180000,5455,5455,5455,5455,1
20171117,190000,5482,5482,5462,5462,3
20171120,100000,5458,5515,5455,5515,14
20171120,110000,5520,5520,5520,5520,20
20171120,120000,5498,5518,5491,5518,3
20171120,130000,5519,5519,5519,5519,1
20171120,140000,5560,5622,5560,5622,7
20171120,150000,5620,5621,5572,5577,1224
20171120,160000,5577,5583,5577,5583,68
20171120,170000,5553,5589,5540,5589,130
20171120,190000,5560,5571,5560,5570,7
20171121,100000,5563,5563,5493,5493,19
20171121,110000,5528,5528,5415,5415,368
20171121,120000,5450,5453,5450,5450,14
20171121,130000,5450,5450,5420,5424,29
20171121,140000,5440,5442,5440,5442,20
20171121,170000,5460,5462,5460,5461,15
20171121,180000,5478,5478,5478,5478,5
20171121,210000,5489,5499,5489,5499,20
20171121,230000,5479,5479,5479,5479,2
20171122,100000,5478,5478,5445,5445,47
20171122,110000,5440,5440,5365,5381,284
20171122,120000,5398,5398,5394,5394,147
20171122,130000,5419,5419,5419,5419,10
20171122,140000,5419,5429,5417,5429,280
20171122,160000,5413,5415,5399,5399,107
20171122,170000,5413,5413,5391,5391,2
20171122,180000,5410,5410,5410,5410,2
20171122,210000,5405,5405,5405,5405,1
20171122,220000,5405,5405,5405,5405,1
20171123,100000,5419,5419,5400,5405,30
20171123,120000,5393,5393,5374,5378,300
20171123,130000,5390,5390,5381,5381,60
20171123,150000,5377,5377,5330,5367,663
20171123,160000,5355,5365,5355,5365,135
20171123,170000,5366,5366,5363,5365,14
20171124,100000,5365,5434,5365,5434,12
20171124,120000,5423,5423,5423,5423,1
20171124,130000,5429,5445,5429,5436,66
20171124,140000,5414,5414,5414,5414,5
20171124,150000,5410,5410,5410,5410,2
20171124,160000,5430,5466,5430,5465,96
20171124,170000,5470,5478,5462,5474,32
20171124,190000,5430,5511,5430,5511,35
20171127,100000,5467,5468,5422,5461,117
20171127,110000,5445,5445,5414,5422,58
20171127,120000,5406,5406,5406,5406,45
20171127,140000,5409,5409,5406,5406,6
20171127,150000,5424,5450,5396,5400,185
20171127,160000,5410,5410,5393,5393,23
20171127,170000,5385,5385,5385,5385,1
20171127,180000,5386,5386,5386,5386,1
20171127,190000,5402,5415,5402,5415,15
20171128,100000,5419,5440,5415,5415,79
20171128,110000,5422,5435,5415,5419,68
20171128,120000,5408,5408,5393,5393,202
20171128,150000,5379,5379,5379,5379,40
20171128,160000,5386,5389,5386,5386,100
20171128,180000,5385,5385,5385,5385,2
20171128,200000,5417,5417,5416,5416,2
20171128,210000,5414,5414,5414,5414,5
20171129,100000,5395,5395,5395,5395,1
20171129,120000,5379,5386,5374,5382,569
20171129,130000,5371,5371,5371,5371,1
20171129,140000,5371,5374,5371,5374,26
20171129,160000,5374,5385,5367,5385,16
20171129,170000,5375,5375,5358,5358,4
20171129,180000,5358,5358,5355,5355,2
20171129,190000,5367,5367,5350,5350,13
20171129,200000,5350,5350,5344,5344,99
20171129,210000,5362,5362,5362,5362,5
20171130,100000,5364,5364,5290,5290,97
20171130,110000,5307,5308,5290,5290,150
20171130,130000,5357,5357,5357,5357,1
20171130,140000,5293,5300,5240,5240,214
20171130,150000,5250,5264,5210,5210,473
20171130,160000,5230,5230,5230,5230,28
20171130,170000,5260,5260,5210,5210,389
20171130,180000,5218,5218,5184,5187,1255
20171130,190000,5221,5235,5221,5226,26
20171130,200000,5213,5219,5213,5219,10
20171130,210000,5235,5237,5216,5216,4
20171130,220000,5216,5238,5216,5238,14
20171130,230000,5232,5232,5232,5232,1
20171201,100000,5258,5260,5258,5260,16
20171201,110000,5227,5227,5176,5176,379
20171201,120000,5177,5177,5177,5177,10
20171201,130000,5162,5181,5161,5170,24
20171201,140000,5166,5201,5166,5170,39
20171201,160000,5250,5264,5250,5264,61
20171201,170000,5264,5310,5264,5300,40
20171201,180000,5318,5318,5283,5283,34
20171201,190000,5278,5278,5256,5256,3
20171201,210000,5257,5257,5246,5246,143
20171201,230000,5274,5277,5245,5266,14
20171204,100000,5278,5289,5246,5269,29
20171204,110000,5264,5300,5264,5287,12
20171204,120000,5276,5276,5250,5259,9
20171204,160000,5291,5304,5289,5289,510
20171204,170000,5275,5275,5250,5251,24
20171204,180000,5250,5263,5241,5242,79
20171204,190000,5242,5242,5205,5205,51
20171204,200000,5224,5246,5224,5242,12
20171204,220000,5250,5250,5242,5242,7
20171205,100000,5227,5257,5226,5257,30
20171205,110000,5263,5265,5218,5237,77
20171205,120000,5224,5224,5201,5201,104
20171205,130000,5221,5222,5219,5219,13
20171205,160000,5227,5227,5208,5226,1984
20171205,170000,5223,5235,5212,5216,294
20171205,180000,5210,5231,5209,5215,192
20171205,200000,5235,5249,5235,5249,540
20171205,220000,5240,5240,5199,5215,223
20171206,100000,5208,5212,5190,5211,512
20171206,110000,5213,5238,5213,5223,23
20171206,120000,5223,5294,5222,5294,97
20171206,130000,5296,5296,5267,5267,363
20171206,140000,5289,5296,5273,5274,832
20171206,150000,5266,5270,5263,5269,528
20171206,170000,5294,5300,5266,5266,135
20171206,180000,5269,5269,5265,5265,3
20171206,190000,5255,5255,5247,5250,7
20171206,200000,5261,5261,5261,5261,75
20171206,210000,5261,5269,5261,5269,3
20171206,220000,5263,5263,5261,5261,12
20171207,100000,5274,5274,5244,5261,515
20171207,110000,5262,5274,5262,5274,27
20171207,120000,5292,5292,5264,5264,98
20171207,130000,5264,5277,5264,5277,5
20171207,140000,5264,5285,5245,5246,1683
20171207,150000,5244,5271,5211,5211,3299
20171207,160000,5218,5252,5218,5225,221
20171207,170000,5240,5240,5225,5225,118
20171207,180000,5228,5231,5220,5220,168
20171207,190000,5240,5240,5240,5240,1
20171207,220000,5233,5237,5222,5237,46
20171207,230000,5238,5238,5219,5219,91
20171208,100000,5235,5280,5225,5230,305
20171208,110000,5235,5235,5235,5235,50
20171208,120000,5230,5230,5213,5223,1243
20171208,130000,5216,5216,5212,5213,112
20171208,140000,5213,5213,5200,5201,1403
20171208,150000,5202,5211,5202,5211,152
20171208,170000,5210,5210,5198,5200,544
20171208,180000,5200,5200,5189,5191,86
20171208,190000,5181,5196,5177,5193,49
20171208,200000,5203,5204,5203,5204,4
20171208,210000,5189,5189,5189,5189,1
20171208,230000,5195,5195,5195,5195,1
20171211,100000,5195,5238,5194,5222,392
20171211,110000,5223,5241,5215,5215,624
20171211,120000,5215,5215,5204,5210,524
20171211,130000,5212,5238,5212,5238,784
20171211,140000,5241,5242,5235,5241,472
20171211,150000,5235,5235,5220,5220,326
20171211,160000,5212,5234,5198,5213,640
20171211,170000,5205,5237,5201,5237,46
20171211,180000,5229,5242,5225,5225,26
20171211,190000,5225,5229,5220,5229,27
20171211,200000,5227,5230,5227,5230,3
20171211,210000,5230,5241,5230,5240,25
20171211,220000,5238,5241,5237,5241,12
20171211,230000,5229,5249,5229,5249,11
20171212,100000,5250,5260,5226,5228,364
20171212,110000,5226,5249,5214,5243,123
20171212,120000,5246,5249,5236,5241,98
20171212,140000,5241,5255,5241,5255,853
20171212,150000,5248,5248,5225,5225,211
20171212,160000,5226,5226,5211,5220,393
20171212,170000,5219,5219,5209,5216,937
20171212,180000,5208,5220,5205,5205,55
20171212,190000,5234,5239,5216,5217,14
20171212,200000,5230,5230,5230,5230,6
20171212,210000,5230,5238,5230,5238,55
20171212,220000,5230,5234,5229,5234,20
20171212,230000,5234,5236,5223,5223,33
20171213,100000,5236,5237,5212,5222,1668
20171213,110000,5220,5241,5215,5228,302
20171213,120000,5227,5235,5226,5235,226
20171213,130000,5227,5227,5197,5200,382
20171213,140000,5206,5209,5200,5200,250
20171213,150000,5200,5204,5190,5204,621
20171213,160000,5201,5201,5185,5185,1211
20171213,170000,5187,5188,5159,5168,1196
20171213,180000,5168,5187,5140,5145,1739
20171213,190000,5136,5145,5117,5145,49
20171213,200000,5134,5134,5114,5114,13
20171213,210000,5134,5149,5114,5114,124
20171213,220000,5134,5134,5120,5120,3
20171213,230000,5134,5137,5134,5137,10
20171214,100000,5120,5120,5025,5059,5637
20171214,110000,5072,5078,5050,5061,96
20171214,120000,5063,5153,5055,5131,681
20171214,130000,5134,5188,5128,5188,608
20171214,140000,5190,5191,5125,5130,203
20171214,150000,5150,5158,5140,5142,39
20171214,160000,5140,5156,5125,5142,237
20171214,170000,5143,5143,5099,5099,195
20171214,180000,5121,5156,5103,5129,473
20171214,190000,5142,5142,5142,5142,1
20171214,200000,5145,5155,5145,5155,12
20171214,210000,5152,5157,5152,5157,10
20171214,220000,5157,5157,5157,5157,25
20171214,230000,5136,5152,5136,5152,4
20171215,100000,5142,5158,5111,5115,2288
20171215,110000,5117,5148,5116,5140,582
20171215,120000,5133,5151,5114,5139,339
20171215,130000,5132,5145,5128,5128,609
20171215,140000,5128,5136,5116,5121,1666
20171215,150000,5116,5135,5101,5108,815
20171215,160000,5115,5119,5107,5114,542
20171215,170000,5111,5120,5107,5111,348
20171215,180000,5110,5121,5101,5105,281
20171215,190000,5110,5110,5090,5090,169
20171215,200000,5090,5098,5090,5098,5
20171215,210000,5090,5095,5080,5095,104
20171215,220000,5091,5105,5090,5098,48
20171215,230000,5098,5107,5098,5107,5
20171218,100000,5100,5143,5100,5130,561
20171218,110000,5135,5150,5135,5140,403
20171218,120000,5140,5141,5114,5121,1146
20171218,130000,5127,5127,5105,5105,223
20171218,140000,5109,5114,5106,5109,354
20171218,150000,5109,5111,5090,5096,1051
20171218,160000,5095,5109,5095,5101,1272
20171218,170000,5101,5112,5079,5107,2231
20171218,180000,5104,5104,5078,5084,170
20171218,190000,5090,5106,5090,5090,56
20171218,200000,5095,5095,5085,5085,30
20171218,210000,5095,5104,5090,5095,351
20171218,220000,5095,5102,5092,5092,59
20171218,230000,5093,5120,5088,5107,509
20171219,100000,5107,5119,5086,5094,4341
20171219,110000,5094,5104,5064,5076,2082
20171219,120000,5071,5079,5024,5040,5442
20171219,130000,5042,5045,5015,5021,2725
20171219,140000,5019,5024,4984,4987,3761
20171219,150000,4993,5011,4987,5010,5144
20171219,160000,5005,5015,4965,4966,6200
20171219,170000,4967,4985,4940,4958,4696
20171219,180000,4954,4970,4945,4945,2795
20171219,190000,4946,4957,4922,4937,818
20171219,200000,4931,4940,4930,4935,487
20171219,210000,4935,4946,4930,4932,835
20171219,220000,4931,4947,4928,4940,1400
20171219,230000,4940,4947,4933,4940,534
20171220,100000,4936,4938,4708,4774,26676
20171220,110000,4771,4776,4670,4685,20229
20171220,120000,4689,4763,4668,4744,13940
20171220,130000,4740,4762,4729,4742,10387
20171220,140000,4742,4745,4730,4742,7424
20171220,150000,4742,4751,4700,4715,14897
20171220,160000,4715,4730,4699,4711,8818
20171220,170000,4707,4734,4704,4732,1779
20171220,180000,4732,4737,4685,4686,8293
20171220,190000,4690,4712,4684,4700,1010
20171220,200000,4699,4707,4687,4692,1033
20171220,210000,4696,4705,4687,4699,1030
20171220,220000,4700,4702,4685,4698,940
20171220,230000,4695,4697,4670,4676,1451
20171221,100000,4677,4695,4542,4600,54736
20171221,110000,4600,4608,4572,4579,22055
20171221,120000,4580,4593,4532,4546,35259
20171221,130000,4543,4580,4509,4559,23979
20171221,140000,4555,4610,4550,4603,20202
20171221,150000,4603,4613,4571,4578,15631
20171221,160000,4578,4590,4573,4583,3482
20171221,170000,4586,4610,4584,4594,12519
20171221,180000,4593,4623,4581,4619,11765
20171221,190000,4618,4629,4595,4618,4539
20171221,200000,4618,4620,4607,4615,1229
20171221,210000,4615,4625,4615,4620,1752
20171221,220000,4620,4625,4610,4614,3165
20171221,230000,4614,4622,4611,4618,809
20171222,100000,4621,4640,4589,4618,23504
20171222,110000,4618,4640,4599,4637,12728
20171222,120000,4637,4727,4634,4707,38649
20171222,130000,4707,4716,4678,4689,9559
20171222,140000,4693,4764,4692,4763,26632
20171222,150000,4763,4800,4714,4715,24951
20171222,160000,4717,4754,4714,4744,14364
20171222,170000,4747,4756,4721,4732,9226
20171222,180000,4734,4785,4733,4785,29937
20171222,190000,4787,4798,4771,4780,2854
20171222,200000,4781,4790,4781,4790,2234
20171222,210000,4788,4795,4787,4792,1335
20171222,220000,4794,4795,4783,4786,685
20171222,230000,4785,4793,4783,4784,539
20171225,100000,4795,4803,4717,4774,22546
20171225,110000,4775,4789,4755,4775,5363
20171225,120000,4775,4796,4771,4777,4366
20171225,130000,4778,4789,4758,4787,8372
20171225,140000,4790,4790,4770,4775,1943
20171225,150000,4773,4786,4770,4778,2720
20171225,160000,4777,4782,4772,4775,873
20171225,170000,4773,4790,4772,4777,1705
20171225,180000,4777,4798,4775,4797,2717
20171225,190000,4799,4837,4799,4811,3619
20171225,200000,4812,4816,4808,4809,681
20171225,210000,4810,4815,4809,4812,897
20171225,220000,4813,4814,4810,4812,415
20171225,230000,4812,4815,4806,4815,587
20171226,100000,4807,4820,4753,4775,22968
20171226,110000,4777,4818,4777,4806,9588
20171226,120000,4806,4815,4778,4783,3032
20171226,130000,4783,4789,4771,4773,2798
20171226,140000,4774,4799,4766,4774,3352
20171226,150000,4772,4785,4761,4777,2925
20171226,160000,4777,4790,4773,4785,1835
20171226,170000,4786,4786,4768,4775,1962
20171226,180000,4773,4787,4770,4778,3252
20171226,190000,4782,4788,4733,4754,4149
20171226,200000,4754,4761,4742,4761,857
20171226,210000,4762,4763,4757,4757,727
20171226,220000,4757,4761,4751,4761,1098
20171226,230000,4761,4770,4747,4750,1892
20171227,100000,4758,4798,4735,4794,17270
20171227,110000,4792,4984,4784,4939,48769
20171227,120000,4938,4971,4871,4879,21931
20171227,130000,4879,4891,4831,4870,26096
20171227,140000,4874,4920,4864,4887,13201
20171227,150000,4887,4888,4822,4834,10596
20171227,160000,4833,4885,4827,4873,8501
20171227,170000,4872,4882,4834,4853,7597
20171227,180000,4855,4873,4815,4820,6709
20171227,190000,4824,4839,4806,4819,2025
20171227,200000,4817,4840,4795,4839,3375
20171227,210000,4839,4841,4832,4835,580
20171227,220000,4834,4840,4834,4836,439
20171227,230000,4839,4847,4832,4835,551
20171228,100000,4837,4859,4826,4835,9116
20171228,110000,4838,4838,4753,4775,19356
20171228,120000,4775,4776,4718,4737,25813
20171228,130000,4740,4759,4729,4734,3773
20171228,140000,4734,4738,4700,4722,5222
20171228,150000,4722,4751,4712,4740,3198
20171228,160000,4739,4751,4724,4750,4329
20171228,170000,4748,4766,4729,4759,5263
20171228,180000,4759,4767,4747,4755,2780
20171228,190000,4751,4764,4751,4752,1122
20171228,200000,4754,4766,4749,4762,1074
20171228,210000,4762,4769,4757,4760,271
20171228,220000,4761,4770,4753,4754,401
20171228,230000,4755,4773,4750,4764,1041
20171229,100000,4771,4794,4741,4773,7448
20171229,110000,4774,4798,4750,4764,4288
20171229,120000,4764,4786,4753,4769,3131
20171229,130000,4769,4789,4766,4775,2136
20171229,140000,4777,4785,4766,4777,5474
20171229,150000,4777,4788,4769,4775,3157
20171229,160000,4774,4786,4774,4782,1861
20171229,170000,4784,4851,4784,4828,10622
20171229,180000,4825,4827,4790,4800,5051
20180103,100000,4799,4895,4798,4877,12026
20180103,110000,4876,4918,4858,4869,8757
20180103,120000,4869,4891,4860,4882,4569
20180103,130000,4882,4895,4860,4880,3559
20180103,140000,4882,4900,4879,4900,2333
20180103,150000,4901,4942,4899,4925,6074
20180103,160000,4925,5018,4923,4989,19002
20180103,170000,4990,5000,4959,4988,5346
20180103,180000,4986,5000,4970,4998,8986
20180103,190000,4999,5001,4973,4992,3936
20180103,200000,4991,5005,4990,5000,1646
20180103,210000,5001,5015,5001,5008,1467
20180103,220000,5012,5012,5003,5009,595
20180103,230000,5008,5019,5003,5003,798
20180104,100000,5017,5074,4990,4995,21374
20180104,110000,4992,5045,4982,5019,12662
20180104,120000,5019,5030,4993,5030,3764
20180104,130000,5029,5056,5014,5040,7158
20180104,140000,5040,5068,5030,5042,6975
20180104,150000,5042,5077,5040,5077,2970
20180104,160000,5076,5077,5034,5054,5571
20180104,170000,5057,5105,5035,5085,9794
20180104,180000,5087,5093,5059,5066,6903
20180104,190000,5066,5080,5065,5077,879
20180104,200000,5078,5097,5073,5084,1242
20180104,210000,5082,5086,5071,5084,653
20180104,220000,5084,5093,5075,5082,1041
20180104,230000,5086,5090,5078,5083,713
20180105,100000,5090,5095,5046,5052,7045
20180105,110000,5053,5075,5036,5054,5379
20180105,120000,5054,5065,5023,5032,3523
20180105,130000,5033,5061,5030,5055,2008
20180105,140000,5054,5064,5044,5051,1962
20180105,150000,5052,5071,5046,5064,1772
20180105,160000,5065,5071,5053,5067,1707
20180105,170000,5066,5087,5060,5078,9327
20180105,180000,5077,5094,5069,5079,4180
20180105,190000,5079,5086,5073,5076,1358
20180105,200000,5078,5086,5076,5078,439
20180105,210000,5080,5085,5074,5076,476
20180105,220000,5075,5080,5071,5079,218
20180105,230000,5077,5092,5075,5087,940
20180109,100000,5082,5222,5070,5205,32525
20180109,110000,5203,5257,5195,5238,19272
20180109,120000,5238,5256,5224,5237,6124
20180109,130000,5240,5252,5227,5233,4143
20180109,140000,5235,5248,5223,5226,3933
20180109,150000,5227,5227,5185,5209,5932
20180109,160000,5202,5219,5180,5195,5498
20180109,170000,5194,5200,5150,5151,7694
20180109,180000,5151,5163,5119,5148,14891
20180109,190000,5157,5167,5144,5157,2857
20180109,200000,5157,5159,5151,5152,1079
20180109,210000,5152,5170,5151,5168,1611
20180109,220000,5167,5170,5160,5167,493
20180109,230000,5169,5179,5163,5170,920
20180110,100000,5177,5195,5150,5154,13048
20180110,110000,5155,5189,5141,5157,6158
20180110,120000,5155,5206,5151,5198,9019
20180110,130000,5194,5197,5165,5173,6644
20180110,140000,5171,5185,5161,5164,3668
20180110,150000,5164,5180,5153,5162,4021
20180110,160000,5161,5161,5120,5124,10582
20180110,170000,5124,5152,5112,5141,6779
20180110,180000,5143,5175,5138,5165,4341
20180110,190000,5160,5160,5130,5144,2001
20180110,200000,5143,5147,5138,5143,771
20180110,210000,5142,5151,5141,5150,223
20180110,220000,5149,5151,5140,5145,144
20180110,230000,5146,5151,5140,5147,300
20180111,100000,5146,5146,5087,5110,15104
20180111,110000,5110,5122,5104,5118,7845
20180111,120000,5118,5147,5108,5141,3866
20180111,130000,5138,5144,5122,5137,4129
20180111,140000,5137,5140,5124,5138,1976
20180111,150000,5139,5143,5127,5127,4463
20180111,160000,5127,5129,5052,5080,15282
20180111,170000,5079,5100,5077,5099,3350
20180111,180000,5098,5129,5096,5107,6025
20180111,190000,5108,5123,5103,5117,1272
20180111,200000,5118,5120,5114,5114,246
20180111,210000,5115,5120,5109,5116,530
20180111,220000,5117,5120,5105,5111,468
20180111,230000,5110,5113,5100,5100,650
20180112,100000,5113,5143,5098,5103,8298
20180112,110000,5101,5125,5085,5120,5281
20180112,120000,5117,5127,5100,5105,4174
20180112,130000,5105,5126,5085,5119,5449
20180112,140000,5114,5120,5076,5087,5326
20180112,150000,5089,5118,5085,5111,3716
20180112,160000,5113,5122,5093,5102,2675
20180112,170000,5102,5176,5098,5168,11394
20180112,180000,5168,5170,5137,5156,4953
20180112,190000,5154,5169,5136,5158,1579
20180112,200000,5161,5174,5149,5168,882
20180112,210000,5165,5173,5158,5169,693
20180112,220000,5169,5173,5166,5172,786
20180112,230000,5173,5184,5168,5183,1284
20180115,100000,5183,5247,5173,5186,15813
20180115,110000,5185,5204,5184,5199,2969
20180115,120000,5198,5203,5189,5199,1713
20180115,130000,5200,5215,5193,5208,3197
20180115,140000,5214,5225,5198,5200,2850
20180115,150000,5200,5210,5182,5197,4108
20180115,160000,5198,5208,5192,5204,1544
20180115,170000,5204,5219,5175,5180,2659
20180115,180000,5182,5192,5157,5167,5725
20180115,190000,5175,5189,5151,5153,1324
20180115,200000,5153,5160,5144,5152,664
20180115,210000,5153,5155,5148,5148,258
20180115,220000,5147,5174,5147,5165,452
20180115,230000,5168,5172,5152,5153,474
20180116,100000,5157,5174,5102,5121,13302
20180116,110000,5122,5142,5108,5127,6079
20180116,120000,5127,5138,5110,5124,6217
20180116,130000,5125,5125,5105,5108,8470
20180116,140000,5109,5123,5092,5108,6457
20180116,150000,5109,5149,5107,5123,5177
20180116,160000,5120,5158,5118,5152,6104
20180116,170000,5153,5163,5134,5155,3350
20180116,180000,5156,5156,5130,5143,2682
20180116,190000,5136,5153,5129,5129,1469
20180116,200000,5134,5145,5124,5132,739
20180116,210000,5126,5141,5124,5130,275
20180116,220000,5136,5136,5102,5108,2794
20180116,230000,5109,5120,5106,5107,523
20180117,100000,5117,5144,5096,5122,10584
20180117,110000,5121,5150,5113,5132,4922
20180117,120000,5133,5170,5124,5135,12857
20180117,130000,5133,5161,5122,5137,6709
20180117,140000,5135,5148,5124,5144,1847
20180117,150000,5144,5158,5129,5157,3788
20180117,160000,5156,5234,5148,5219,20062
20180117,170000,5220,5224,5165,5173,8685
20180117,180000,5173,5189,5163,5176,4095
20180117,190000,5170,5195,5163,5193,1203
20180117,200000,5191,5193,5182,5193,868
20180117,210000,5193,5207,5193,5205,1462
20180117,220000,5202,5205,5191,5201,899
20180117,230000,5197,5202,5192,5202,1076
20180118,100000,5201,5234,5174,5187,15552
20180118,110000,5187,5208,5178,5194,4230
20180118,120000,5193,5194,5122,5144,15271
20180118,130000,5144,5162,5140,5143,10735
20180118,140000,5142,5153,5125,5140,7597
20180118,150000,5139,5162,5138,5142,5630
20180118,160000,5143,5145,5121,5135,2971
20180118,170000,5133,5145,5107,5138,13192
20180118,180000,5136,5155,5125,5135,6274
20180118,190000,5141,5156,5135,5145,1073
20180118,200000,5146,5152,5133,5144,301
20180118,210000,5144,5149,5139,5139,432
20180118,220000,5140,5150,5138,5148,148
20180118,230000,5143,5156,5140,5150,1002
20180119,100000,5154,5154,5115,5138,7026
20180119,110000,5134,5139,5100,5115,4861
20180119,120000,5114,5127,5106,5114,3210
20180119,130000,5119,5121,5106,5113,1994
20180119,140000,5115,5128,5113,5120,1906
20180119,150000,5119,5142,5115,5118,2098
20180119,160000,5116,5116,4979,5013,25504
20180119,170000,5014,5069,4994,5062,13281
20180119,180000,5063,5078,5036,5044,6783
20180119,190000,5047,5047,5025,5034,1134
20180119,200000,5033,5039,5028,5034,803
20180119,210000,5031,5037,5027,5033,404
20180119,220000,5033,5035,5020,5027,839
20180119,230000,5028,5037,5027,5027,505
20180122,100000,5028,5084,5024,5073,17568
20180122,110000,5078,5079,5047,5053,3745
20180122,120000,5050,5088,5050,5055,7286
20180122,130000,5061,5065,5026,5043,3317
20180122,140000,5042,5055,5036,5038,1886
20180122,150000,5039,5054,5027,5045,3895
20180122,160000,5043,5044,5024,5040,3069
20180122,170000,5038,5064,5031,5064,3999
20180122,180000,5065,5073,5047,5056,3663
20180122,190000,5057,5090,5053,5070,2143
20180122,200000,5072,5072,5061,5068,702
20180122,210000,5070,5074,5065,5070,165
20180122,220000,5070,5076,5070,5076,414
20180122,230000,5074,5077,5065,5077,1028
20180123,100000,5074,5085,5057,5075,5501
20180123,110000,5074,5076,5055,5055,5300
20180123,120000,5055,5060,5024,5052,7742
20180123,130000,5050,5052,5027,5034,4732
20180123,140000,5032,5032,5005,5023,7930
20180123,150000,5023,5028,5010,5021,2685
20180123,160000,5021,5025,4985,5002,5732
20180123,170000,5004,5009,4971,4991,8240
20180123,180000,4992,5005,4973,5000,4980
20180123,190000,5007,5029,5006,5014,2652
20180123,200000,5014,5025,5011,5020,1051
20180123,210000,5021,5026,5016,5020,321
20180123,220000,5020,5021,5015,5015,169
20180123,230000,5016,5020,5015,5020,872
20180124,100000,5015,5019,4987,5000,9394
20180124,110000,5000,5011,4984,4996,5854
20180124,120000,4997,4997,4979,4980,2905
20180124,130000,4984,4984,4945,4969,8584
20180124,140000,4968,4984,4953,4960,4379
20180124,150000,4960,4979,4953,4968,3276
20180124,160000,4972,4975,4947,4963,2900
20180124,170000,4963,4968,4940,4947,5196
20180124,180000,4949,4970,4947,4950,7436
20180124,190000,4951,4959,4935,4947,1478
20180124,200000,4944,4954,4933,4943,1142
20180124,210000,4939,4946,4929,4941,801
20180124,220000,4941,4959,4939,4952,841
20180124,230000,4952,4960,4945,4960,642
20180125,100000,4960,5007,4946,4996,15615
20180125,110000,4995,5046,4992,5026,13711
20180125,120000,5026,5041,5003,5033,7852
20180125,130000,5035,5038,5016,5033,3915
20180125,140000,5034,5085,5030,5067,14451
20180125,150000,5067,5078,5062,5074,2648
20180125,160000,5074,5097,5043,5061,10173
20180125,170000,5059,5067,5032,5037,8199
20180125,180000,5036,5051,5000,5017,7477
20180125,190000,5016,5036,5000,5026,1291
20180125,200000,5030,5038,5015,5022,492
20180125,210000,5022,5040,5022,5032,886
20180125,220000,5032,5032,5000,5007,947
20180125,230000,5009,5030,4999,5012,1503
20180126,100000,5020,5034,5005,5018,4439
20180126,110000,5019,5032,5009,5018,2579
20180126,120000,5016,5019,4992,5002,3362
20180126,130000,5001,5030,4987,5014,3551
20180126,140000,5013,5018,4972,4972,3352
20180126,150000,4972,4977,4945,4958,6883
20180126,160000,4958,4961,4923,4950,7695
20180126,170000,4952,4957,4939,4953,4213
20180126,180000,4952,4958,4945,4950,4355
20180126,190000,4956,4975,4955,4974,1474
20180126,200000,4973,4974,4960,4970,755
20180126,210000,4967,4973,4965,4972,220
20180126,220000,4971,4972,4965,4968,237
20180126,230000,4969,4982,4966,4979,1494
20180129,100000,4978,4991,4928,4934,10567
20180129,110000,4934,4983,4922,4969,9878
20180129,120000,4973,5011,4961,4998,9330
20180129,130000,5000,5010,4990,4994,3302
20180129,140000,4992,4993,4962,4975,7002
20180129,150000,4975,4977,4952,4967,2122
20180129,160000,4968,4981,4960,4972,1849
20180129,170000,4972,4977,4952,4957,2496
20180129,180000,4960,4968,4949,4954,3080
20180129,190000,4958,4964,4938,4948,1465
20180129,200000,4948,4954,4939,4952,854
20180129,210000,4953,4955,4950,4953,309
20180129,220000,4954,4957,4949,4951,273
20180130,190000,4940,4940,4884,4922,3656
20180130,200000,4924,4926,4913,4915,1140
20180130,210000,4916,4918,4907,4918,645
20180130,220000,4917,4923,4911,4917,755
20180130,230000,4914,4920,4905,4910,385
20180131,100000,4915,4954,4915,4938,4596
20180131,110000,4940,4944,4908,4915,4372
20180131,120000,4918,4946,4914,4942,4296
20180131,130000,4943,4946,4916,4923,2817
20180131,140000,4926,4944,4924,4935,1413
20180131,150000,4937,4943,4931,4933,784
20180131,160000,4932,4941,4919,4931,1521
20180131,170000,4933,4940,4930,4936,1097
20180131,180000,4934,4955,4925,4949,3915
20180131,190000,4955,4973,4953,4960,2463
20180131,200000,4961,4962,4955,4955,341
20180131,210000,4956,4970,4956,4962,281
20180131,220000,4967,4969,4955,4964,688
