20170320,100000,14511,14511,14511,14511,2
20170320,130000,13833,13833,13833,13833,1
20170322,100000,13456,13456,13456,13456,1
20170322,110000,13454,13454,13454,13454,1
20170322,170000,13446,13879,13446,13879,2
20170322,200000,14000,14095,14000,14095,2
20170323,100000,13425,14844,13425,14844,20
20170324,120000,13989,13989,13989,13989,4
20170327,140000,13794,13794,13782,13782,3
20170328,100000,13193,13193,13192,13192,3
20170330,110000,13527,13850,13527,13850,3
20170412,130000,13050,13050,13050,13050,1
20170418,230000,12800,12800,12800,12800,1
20170419,100000,12777,12777,12777,12777,1
20170419,170000,12750,12750,12750,12750,1
20170419,200000,12700,12700,12700,12700,1
20170425,210000,13529,13529,13529,13529,1
20170426,140000,13791,13791,13791,13791,2
20170427,200000,13890,13890,13890,13890,1
20170503,100000,13770,13770,13770,13770,1
20170503,120000,14012,14012,14012,14012,1
20170504,190000,13363,13363,13363,13363,1
20170518,150000,13367,13367,13367,13367,1
20170522,160000,12661,12661,12661,12661,1
20170522,210000,12620,12620,12620,12620,3
20170524,140000,12583,12583,12583,12583,1
20170530,150000,12500,12500,12500,12500,1
20170531,200000,12205,12205,12205,12205,1
20170601,110000,12204,12204,12204,12204,1
20170605,170000,12275,12275,12275,12275,1
20170606,220000,12294,12294,12294,12294,1
20170609,140000,12160,12160,12160,12160,2
20170614,120000,11977,11977,11977,11977,2
20170614,150000,11900,11900,11900,11900,1
20170615,110000,11523,11523,11523,11523,1
20170615,150000,11529,11529,11529,11529,1
20170615,160000,11570,11570,11570,11570,1
20170616,100000,11856,11857,11856,11857,2
20170619,110000,11813,11826,11813,11826,20
20170619,140000,11817,11817,11817,11817,1
20170621,110000,11933,11933,11933,11933,1
20170621,150000,11950,11950,11950,11950,5
20170621,160000,11950,11950,11950,11950,1
20170621,200000,11999,11999,11999,11999,1
20170627,150000,12080,12080,12080,12080,2
20170703,140000,12000,12000,12000,12000,1
20170703,180000,12000,12000,12000,12000,1
20170705,210000,12403,12403,12403,12403,1
20170711,140000,12471,12471,12471,12471,1
20170714,160000,12620,12680,12620,12680,16
20170718,110000,12500,12500,12500,12500,3
20170718,130000,12400,12400,12400,12400,2
20170719,150000,12729,12729,12729,12729,2
20170727,130000,12537,12537,12537,12537,1
20170727,200000,12450,12450,12450,12450,1
20170728,100000,12450,12450,12450,12450,2
20170728,110000,12450,12450,12450,12450,2
20170728,120000,12333,12333,12333,12333,1
20170728,130000,12367,12367,12367,12367,8
20170731,160000,12368,12368,12368,12368,1
20170731,220000,12518,12518,12518,12518,1
20170803,120000,12725,12725,12725,12725,4
20170803,160000,12738,12738,12738,12738,6
20170803,170000,12633,12633,12630,12630,4
20170803,230000,12623,12623,12623,12623,1
20170804,150000,12661,12661,12661,12661,1
20170804,160000,12697,12697,12697,12697,1
20170804,170000,12697,12697,12697,12697,1
20170807,110000,12710,12710,12676,12676,9
20170807,130000,12660,12660,12660,12660,2
20170809,120000,12547,12547,12547,12547,14
20170809,170000,12490,12490,12490,12490,2
20170810,170000,12755,12755,12755,12755,1
20170810,230000,12259,12259,11975,11975,33
20170811,120000,12245,12245,12245,12245,1
20170811,180000,12379,12379,12379,12379,2
20170814,110000,12400,12400,12400,12400,1
20170818,100000,12210,12210,12210,12210,2
20170818,140000,12066,12066,12057,12057,7
20170824,120000,12068,12068,12068,12068,1
20170825,180000,12191,12191,12191,12191,1
20170825,190000,12417,12418,12416,12418,6
20170828,100000,12418,12418,12418,12418,6
20170901,100000,12300,12300,12300,12300,2
20170901,120000,12310,12310,12310,12310,2
20170901,170000,12396,12396,12396,12396,3
20170904,100000,12300,12300,12300,12300,2
20170905,110000,12288,12288,12288,12288,3
20170905,130000,12288,12288,12288,12288,17
20170905,150000,12281,12281,12245,12245,7
20170905,180000,12266,12266,12266,12266,3
20170905,230000,12171,12171,12131,12131,7
20170906,100000,12210,12210,12210,12210,1
20170906,170000,12287,12287,12287,12287,1
20170906,180000,12310,12310,12310,12310,1
20170906,190000,12318,12327,12318,12327,2
20170906,200000,12335,12335,12335,12335,1
20170906,230000,12348,12348,12348,12348,1
20170907,100000,12368,12368,12368,12368,1
20170908,110000,12426,12455,12426,12455,4
20170908,120000,12473,12550,12473,12550,8
20170908,140000,12503,12503,12503,12503,1
20170908,150000,12569,12569,12534,12534,2
20170908,160000,12624,12628,12624,12628,3
20170911,150000,12682,12682,12682,12682,1
20170911,210000,12700,12700,12700,12700,2
20170912,100000,12666,12666,12630,12630,2
20170912,130000,12675,12675,12675,12675,1
20170912,160000,12678,12678,12678,12678,1
20170912,180000,12724,12724,12724,12724,1
20170913,100000,12802,12802,12802,12802,1
20170913,110000,12820,12820,12820,12820,1
20170913,120000,12870,12890,12870,12890,5
20170913,140000,12926,12994,12926,12943,5
20170913,150000,12947,12947,12947,12947,1
20170913,160000,12950,12950,12943,12943,9
20170913,190000,12974,12974,12974,12974,3
20170914,110000,12915,12924,12891,12924,8
20170914,120000,12944,12944,12944,12944,1
20170914,130000,12946,12946,12946,12946,1
20170914,150000,12946,12946,12946,12946,1
20170915,100000,12888,12888,12789,12789,7
20170915,110000,12774,12774,12774,12774,1
20170915,140000,12790,12790,12790,12790,1
20170915,160000,12790,12790,12790,12790,2
20170915,170000,12760,12760,12728,12728,3
20170918,130000,12785,12785,12785,12785,1
20170918,140000,12750,12750,12750,12750,1
20170918,160000,12790,12829,12790,12829,5
20170918,170000,12841,12841,12841,12841,1
20170918,230000,12766,12766,12766,12766,1
20170919,110000,12744,12744,12730,12730,26
20170919,130000,12713,12713,12686,12686,48
20170919,180000,12740,12740,12740,12740,2
20170919,200000,12694,12694,12694,12694,1
20170920,100000,12760,12760,12760,12760,24
20170920,110000,12776,12776,12776,12776,1
20170920,130000,12720,12720,12720,12720,1
20170920,170000,12783,12809,12783,12809,3
20170921,100000,12750,12757,12750,12757,27
20170921,110000,12755,12755,12755,12755,100
20170921,130000,12817,12853,12817,12853,3
20170921,150000,12860,12891,12860,12891,11
20170921,160000,12813,12813,12804,12804,2
20170921,170000,12825,12828,12825,12828,13
20170921,180000,12802,12804,12767,12804,43
20170921,190000,12761,12761,12761,12761,1
20170921,210000,12790,12790,12790,12790,1
20170922,100000,12746,12752,12675,12707,20
20170922,110000,12686,12699,12677,12699,207
20170922,120000,12702,12758,12678,12732,178
20170922,130000,12721,12755,12721,12755,2
20170922,140000,12774,12774,12731,12760,4
20170922,150000,12747,12748,12713,12738,65
20170922,160000,12712,12720,12703,12703,59
20170922,170000,12709,12709,12709,12709,17
20170922,180000,12678,12678,12672,12672,21
20170922,230000,12732,12732,12732,12732,1
20170925,100000,12695,12750,12695,12750,15
20170925,110000,12723,12723,12723,12723,1
20170925,130000,12763,12763,12763,12763,1
20170925,140000,12770,12869,12770,12869,71
20170925,150000,12841,12841,12832,12832,23
20170925,160000,12882,12882,12857,12859,16
20170925,170000,12836,12836,12817,12817,217
20170925,180000,12812,12812,12810,12810,2
20170925,200000,12781,12781,12781,12781,4
20170925,210000,12814,12814,12814,12814,2
20170925,220000,12815,12815,12815,12815,1
20170925,230000,12837,12870,12837,12870,16
20170926,100000,12877,12914,12877,12914,8
20170926,110000,12892,12892,12892,12892,1
20170926,130000,12880,12880,12880,12880,2
20170926,140000,12880,12880,12870,12870,10
20170926,160000,12891,12894,12856,12894,5
20170926,170000,12897,12897,12814,12814,8
20170926,180000,12845,12845,12799,12799,10
20170926,220000,12826,12837,12826,12837,3
20170927,100000,12853,12867,12788,12788,11
20170927,110000,12781,12794,12727,12791,18
20170927,120000,12807,12807,12807,12807,1
20170927,130000,12812,12829,12812,12829,3
20170927,140000,12837,12849,12837,12849,4
20170927,150000,12845,12867,12845,12867,4
20170927,160000,12873,12879,12811,12811,17
20170927,170000,12849,12849,12801,12801,5
20170927,180000,12801,12801,12801,12801,1
20170928,100000,12799,12802,12791,12802,3
20170928,110000,12837,12837,12837,12837,1
20170928,120000,12849,12855,12849,12855,2
20170928,140000,12811,12811,12799,12799,3
20170928,160000,12782,12808,12781,12808,4
20170928,170000,12769,12769,12720,12720,6
20170928,180000,12735,12735,12716,12716,3
20170928,190000,12710,12738,12709,12709,8
20170928,230000,12742,12742,12742,12742,1
20170929,100000,12747,12774,12733,12733,5
20170929,130000,12710,12710,12696,12696,35
20170929,150000,12694,12694,12679,12679,3
20170929,160000,12671,12724,12671,12724,27
20170929,170000,12686,12686,12679,12679,2
20170929,190000,12717,12717,12717,12717,1
20170929,210000,12714,12714,12714,12714,1
20171002,100000,12732,12732,12732,12732,1
20171002,110000,12735,12735,12735,12735,1
20171002,130000,12724,12724,12724,12724,2
20171002,140000,12725,12725,12689,12689,2
20171002,150000,12725,12725,12725,12725,1
20171002,160000,12683,12683,12657,12657,3
20171002,170000,12652,12652,12626,12626,4
20171002,190000,12685,12685,12685,12685,1
20171002,200000,12688,12688,12688,12688,1
20171003,100000,12649,12649,12649,12649,1
20171003,120000,12630,12630,12622,12622,2
20171003,140000,12664,12668,12637,12637,8
20171003,160000,12681,12687,12681,12687,2
20171003,170000,12647,12647,12601,12601,4
20171003,180000,12600,12600,12526,12562,35
20171003,190000,12525,12525,12525,12525,1
20171003,200000,12587,12589,12587,12589,22
20171003,210000,12590,12593,12590,12593,27
20171004,100000,12550,12550,12538,12538,13
20171004,110000,12522,12522,12457,12500,94
20171004,120000,12511,12522,12511,12522,6
20171004,130000,12520,12532,12520,12531,5
20171004,140000,12538,12627,12538,12627,26
20171004,150000,12618,12632,12610,12632,3
20171004,160000,12636,12649,12636,12649,4
20171004,170000,12655,12673,12655,12673,3
20171004,180000,12678,12678,12678,12678,5
20171004,190000,12683,12683,12673,12673,2
20171005,100000,12699,12712,12664,12664,13
20171005,110000,12658,12705,12642,12673,7
20171005,120000,12705,12745,12705,12745,9
20171005,130000,12756,12792,12756,12792,6
20171005,140000,12775,12775,12734,12734,8
20171005,150000,12773,12773,12720,12720,5
20171005,160000,12759,12805,12759,12805,7
20171005,170000,12800,12865,12800,12865,6
20171005,180000,12824,12824,12812,12812,3
20171005,200000,12828,12828,12828,12828,1
20171005,210000,12828,12828,12828,12828,1
20171006,100000,12851,12908,12832,12888,57
20171006,110000,12917,12917,12917,12917,1
20171006,120000,12909,12909,12909,12909,21
20171006,140000,12883,12883,12862,12862,3
20171006,150000,12845,12845,12826,12840,14
20171006,160000,12840,12850,12838,12838,15
20171006,180000,12801,12801,12801,12801,1
20171006,190000,12798,12798,12798,12798,1
20171009,100000,12836,12888,12788,12850,126
20171009,120000,12845,12849,12845,12847,3
20171009,130000,12867,12884,12865,12884,4
20171009,140000,12880,12880,12875,12875,2
20171009,160000,12894,12894,12894,12894,1
20171009,170000,12903,12953,12903,12953,7
20171009,180000,12950,12950,12937,12937,3
20171009,190000,12973,12973,12973,12973,5
20171009,200000,12974,12974,12962,12962,7
20171009,230000,12978,12988,12978,12988,9
20171010,100000,12959,12959,12935,12935,4
20171010,110000,12935,12935,12935,12935,5
20171010,130000,12957,12957,12950,12950,6
20171010,140000,12939,12939,12939,12939,10
20171010,170000,12940,12940,12912,12912,20
20171010,180000,12900,12900,12888,12888,3
20171010,220000,12879,12879,12879,12879,2
20171010,230000,12899,12899,12899,12899,1
20171011,100000,12928,12975,12928,12975,203
20171011,120000,12957,12957,12957,12957,5
20171011,130000,12957,12990,12957,12990,9
20171011,140000,13000,13025,13000,13025,12
20171011,150000,13040,13044,13040,13044,20
20171011,160000,13046,13046,13019,13019,3
20171011,190000,13066,13078,13021,13037,9
20171011,200000,13045,13056,13045,13056,11
20171011,210000,13042,13042,13037,13037,40
20171011,230000,13081,13099,13081,13086,9
20171012,100000,13100,13123,13061,13061,7
20171012,110000,13041,13041,13015,13015,3
20171012,120000,13012,13012,13012,13012,14
20171012,150000,13055,13055,13055,13055,1
20171012,180000,13068,13068,13068,13068,1
20171012,190000,13071,13071,13045,13045,3
20171013,100000,13054,13106,13049,13106,10
20171013,110000,13119,13134,13119,13134,2
20171013,140000,13146,13175,13146,13175,46
20171013,150000,13171,13185,13171,13185,2
20171013,160000,13125,13125,13105,13105,10
20171013,170000,13101,13130,13095,13129,212
20171013,180000,13127,13128,13093,13093,20
20171013,190000,13147,13147,13147,13147,80
20171016,100000,13143,13150,13143,13150,28
20171016,110000,13132,13200,13124,13124,85
20171016,120000,13125,13183,13125,13183,49
20171016,130000,13180,13219,13180,13219,87
20171016,140000,13214,13214,13193,13205,45
20171016,150000,13205,13205,13187,13187,47
20171016,160000,13181,13181,13162,13162,4
20171016,170000,13155,13179,13140,13173,103
20171016,200000,13161,13201,13161,13192,14
20171016,210000,13161,13161,13146,13146,5
20171017,100000,13153,13153,13064,13064,627
20171017,110000,13067,13089,13067,13082,107
20171017,120000,13062,13067,13040,13056,133
20171017,130000,13054,13077,13026,13077,73
20171017,150000,13097,13097,13071,13093,13
20171017,160000,13067,13067,13002,13002,7
20171017,170000,12987,12987,12941,12962,21
20171017,180000,12950,12950,12950,12950,1
20171017,220000,12982,12982,12982,12982,1
20171018,100000,12999,13072,12970,13072,526
20171018,110000,13034,13043,13000,13001,87
20171018,120000,13043,13043,13043,13043,1
20171018,130000,13045,13048,13035,13035,7
20171018,140000,13085,13115,13085,13115,20
20171018,150000,13131,13131,13131,13131,1
20171018,160000,13131,13131,13131,13131,5
20171018,170000,13119,13119,13119,13119,12
20171018,200000,13148,13148,13148,13148,1
20171019,100000,13111,13111,13021,13021,9
20171019,110000,13002,13028,12987,13020,309
20171019,120000,13016,13033,13010,13033,15
20171019,130000,13036,13062,13036,13036,4
20171019,140000,13026,13026,13026,13026,1
20171019,150000,13049,13049,13022,13038,4
20171019,160000,13025,13025,13025,13025,1
20171019,170000,13000,13000,12947,12947,4
20171019,190000,12940,12940,12940,12940,2
20171019,210000,12961,12961,12961,12961,6
20171020,100000,12997,13050,12997,13037,6
20171020,110000,13061,13074,13061,13074,2
20171020,130000,13090,13104,13090,13104,4
20171020,140000,13083,13083,13057,13057,4
20171020,150000,13084,13095,13069,13095,7
20171020,160000,13069,13069,13063,13063,6
20171020,170000,13097,13099,13083,13099,3
20171020,200000,13105,13111,13105,13111,2
20171023,100000,13115,13139,13111,13111,24
20171023,110000,13111,13111,13068,13068,15
20171023,120000,13109,13122,13109,13122,12
20171023,130000,13100,13100,13100,13100,1
20171023,140000,13095,13095,13085,13085,6
20171023,160000,13069,13069,13069,13069,1
20171023,170000,13065,13065,13046,13046,6
20171023,180000,13097,13097,13088,13088,2
20171023,190000,13102,13102,13083,13083,2
20171023,200000,13116,13116,13116,13116,1
20171024,100000,13063,13063,13063,13063,1
20171024,110000,13036,13036,13000,13000,8
20171024,120000,13006,13006,12969,12969,32
20171024,130000,13047,13074,13047,13074,3
20171024,140000,13035,13035,13026,13026,2
20171024,150000,13020,13020,13020,13020,1
20171024,200000,13050,13050,13050,13050,1
20171024,220000,13065,13065,13065,13065,1
20171025,100000,13027,13037,12992,13005,12
20171025,110000,12964,12964,12901,12901,5
20171025,120000,12960,12960,12960,12960,20
20171025,140000,12973,12973,12973,12973,1
20171025,160000,12904,12907,12899,12907,35
20171025,170000,12898,12950,12898,12949,44
20171025,180000,12915,12915,12821,12882,27
20171025,190000,12892,12892,12869,12870,4
20171025,210000,12909,12915,12909,12915,4
20171026,100000,12900,12900,12800,12810,12
20171026,110000,12828,12859,12828,12859,3
20171026,120000,12874,12874,12874,12874,1
20171026,140000,12856,12856,12856,12856,1
20171026,150000,12873,12873,12866,12866,2
20171026,160000,12843,12846,12805,12815,9
20171026,170000,12828,12857,12828,12829,4
20171026,180000,12848,12860,12832,12832,5
20171026,190000,12815,12815,12815,12815,1
20171026,200000,12840,12853,12840,12853,3
20171026,210000,12865,12875,12865,12866,5
20171027,100000,12883,12894,12768,12787,127
20171027,110000,12798,12798,12798,12798,1
20171027,120000,12827,12857,12827,12838,4
20171027,130000,12847,12858,12847,12850,10
20171027,140000,12854,12875,12854,12875,3
20171027,150000,12886,12937,12886,12937,53
20171027,160000,12921,12938,12921,12938,10
20171027,170000,12950,12950,12913,12913,3
20171027,180000,12960,12960,12960,12960,1
20171027,190000,12977,13003,12977,13003,4
20171027,210000,12973,12973,12973,12973,1
20171027,220000,12999,12999,12999,12999,1
20171027,230000,12987,12987,12961,12961,3
20171030,100000,12952,13020,12935,13000,14
20171030,110000,13019,13033,13019,13033,3
20171030,120000,13020,13070,13020,13067,71
20171030,130000,13080,13080,13060,13060,2
20171030,140000,13042,13042,13040,13040,2
20171030,150000,13060,13060,13060,13060,1
20171030,160000,13040,13051,13033,13033,3
20171030,170000,13030,13040,13020,13040,3
20171030,180000,13020,13020,12993,12993,7
20171030,190000,12975,12980,12975,12980,2
20171030,200000,12998,13013,12998,13013,4
20171030,210000,13014,13014,13000,13000,2
20171031,100000,12990,13020,12959,13020,31
20171031,110000,13019,13040,13019,13020,4
20171031,120000,13011,13011,13011,13011,1
20171031,140000,13000,13000,12991,12991,2
20171031,150000,12987,13000,12980,13000,3
20171031,160000,12985,12985,12956,12956,44
20171031,170000,12980,13000,12980,13000,3
20171031,180000,13014,13020,13014,13020,3
20171031,210000,13021,13021,13021,13021,10
20171031,230000,13003,13003,12960,12960,6
20171101,100000,12995,13022,12988,13022,4
20171101,110000,13026,13065,13026,13055,47
20171101,120000,13040,13040,13020,13020,2
20171101,130000,13015,13015,13000,13000,4
20171101,140000,13020,13020,13020,13020,1
20171101,150000,13040,13049,13040,13049,2
20171101,160000,13040,13040,13040,13040,1
20171101,170000,13020,13020,12981,12981,4
20171101,180000,13009,13013,12995,13000,11
20171101,190000,13003,13003,12960,12960,7
20171101,200000,12942,12942,12890,12920,32
20171102,100000,12940,12960,12940,12960,2
20171102,110000,12931,12944,12901,12944,5
20171102,140000,12901,12901,12901,12901,1
20171102,150000,12894,12897,12894,12897,2
20171102,160000,12921,12949,12915,12915,3
20171102,170000,12881,12911,12840,12911,14
20171102,180000,12914,12927,12883,12883,8
20171102,190000,12911,12911,12911,12911,1
20171102,210000,12921,12921,12921,12921,1
20171102,230000,12931,12958,12931,12958,4
20171103,110000,12975,13035,12975,13035,14
20171103,120000,13036,13037,13032,13037,3
20171103,130000,13000,13000,13000,13000,1
20171103,150000,12990,13026,12971,13026,4
20171103,170000,12996,12999,12996,12999,2
20171103,180000,12982,12982,12982,12982,1
20171103,190000,13007,13011,13007,13011,2
20171103,200000,13006,13006,13006,13006,1
20171103,210000,13023,13023,13023,13023,1
20171103,220000,13038,13049,13038,13049,2
20171107,100000,13062,13120,13062,13093,10
20171107,110000,13135,13342,13135,13342,121
20171107,120000,13340,13340,13314,13314,6
20171107,130000,13367,13375,13367,13375,3
20171107,140000,13397,13570,13397,13490,50
20171107,150000,13529,13575,13525,13575,14
20171107,160000,13595,13604,13562,13562,67
20171107,170000,13549,13549,13516,13516,46
20171107,180000,13552,13576,13536,13551,98
20171107,190000,13579,13579,13579,13579,1
20171107,200000,13566,13566,13566,13566,40
20171107,210000,13553,13591,13553,13591,26
20171107,220000,13590,13590,13590,13590,1
20171107,230000,13566,13566,13566,13566,1
20171108,100000,13545,13668,13535,13668,17
20171108,110000,13692,13720,13692,13720,20
20171108,120000,13720,13720,13720,13720,5
20171108,130000,13719,13719,13704,13704,76
20171108,140000,13733,13740,13649,13650,72
20171108,150000,13646,13646,13641,13641,16
20171108,160000,13642,13642,13641,13641,25
20171108,170000,13650,13650,13602,13602,38
20171108,180000,13651,13651,13651,13651,2
20171108,190000,13601,13999,13600,13600,88
20171108,200000,13638,13638,13638,13638,1
20171109,100000,13594,13594,13516,13516,25
20171109,110000,13552,13575,13552,13575,21
20171109,120000,13547,13593,13547,13577,3
20171109,130000,13604,13604,13598,13598,2
20171109,140000,13610,13610,13585,13585,2
20171109,150000,13600,13600,13580,13580,3
20171109,160000,13556,13590,13556,13590,2
20171109,170000,13607,13624,13451,13521,320
20171109,180000,13531,13531,13490,13495,27
20171109,190000,13477,13477,13477,13477,1
20171109,200000,13430,13430,13351,13351,62
20171109,210000,13382,13394,13370,13394,23
20171109,220000,13419,13419,13419,13419,1
20171110,100000,13438,13550,13418,13550,224
20171110,110000,13466,13467,13416,13467,30
20171110,130000,13453,13595,13453,13595,63
20171110,140000,13609,13745,13609,13620,61
20171110,150000,13661,13661,13661,13661,1
20171110,160000,13642,13642,13642,13642,12
20171110,170000,13595,13595,13571,13571,5
20171110,180000,13555,13628,13555,13628,2
20171110,190000,13615,13615,13593,13593,2
20171113,100000,13638,13692,13527,13681,316
20171113,110000,13620,13700,13611,13700,20
20171113,120000,13717,13725,13705,13715,77
20171113,130000,13625,13625,13620,13620,46
20171113,150000,13683,13685,13683,13685,4
20171113,170000,13709,13777,13709,13777,9
20171113,180000,13720,13732,13720,13732,2
20171113,190000,13712,13717,13712,13717,2
20171113,210000,13736,13736,13736,13736,28
20171114,100000,13698,13773,13681,13773,40
20171114,110000,13774,13790,13725,13725,4
20171114,120000,13722,13722,13722,13722,1
20171114,130000,13740,13745,13740,13745,210
20171114,140000,13726,13726,13665,13665,59
20171114,150000,13693,13693,13615,13615,34
20171114,160000,13622,13668,13622,13668,5
20171114,180000,13650,13704,13650,13661,31
20171114,190000,13665,13665,13665,13665,14
20171114,210000,13650,13650,13650,13650,5
20171115,100000,13644,13644,13502,13560,54
20171115,110000,13585,13620,13556,13556,287
20171115,120000,13556,13556,13505,13535,171
20171115,130000,13537,13537,13537,13537,1
20171115,140000,13547,13550,13538,13538,31
20171115,150000,13559,13586,13549,13549,1641
20171115,160000,13549,13549,13521,13522,106
20171115,170000,13567,13587,13526,13526,59
20171115,180000,13505,13529,13505,13529,37
20171115,190000,13547,13547,13547,13547,140
20171115,230000,13530,13530,13530,13530,10
20171116,100000,13530,13619,13521,13619,20
20171116,110000,13583,13584,13520,13520,548
20171116,120000,13512,13512,13434,13434,117
20171116,130000,13468,13468,13424,13424,10
20171116,150000,13443,13447,13155,13232,529
20171116,160000,13232,13283,13158,13283,147
20171116,170000,13300,13390,13300,13323,22
20171116,180000,13330,13330,13330,13330,1
20171116,190000,13320,13377,13320,13377,3
20171116,200000,13347,13347,13347,13347,5
20171116,210000,13357,13357,13357,13357,4
20171117,100000,13322,13375,13295,13330,31
20171117,110000,13341,13430,13341,13385,523
20171117,120000,13353,13353,13351,13351,7
20171117,130000,13350,13350,13330,13330,12
20171117,140000,13375,13375,13375,13375,10
20171117,170000,13349,13382,13344,13382,25
20171117,180000,13337,13337,13310,13310,4
20171117,210000,13350,13350,13339,13344,8
20171117,220000,13344,13344,13283,13283,2
20171120,100000,13289,13380,13240,13380,47
20171120,110000,13320,13320,13210,13235,140
20171120,120000,13300,13301,13300,13301,3
20171120,140000,13327,13367,13327,13367,4
20171120,150000,13328,13328,13328,13328,16
20171120,160000,13300,13300,13300,13300,1
20171120,170000,13285,13293,13285,13293,3
20171120,180000,13310,13352,13310,13352,3
20171120,190000,13356,13370,13356,13370,3
20171120,200000,13380,13383,13380,13383,3
20171120,210000,13379,13380,13377,13378,8
20171121,100000,13399,13497,13387,13480,28
20171121,110000,13515,13530,13515,13530,11
20171121,120000,13520,13520,13520,13520,5
20171121,130000,13535,13604,13534,13604,11
20171121,140000,13586,13634,13586,13634,7
20171121,160000,13586,13586,13530,13530,19
20171121,170000,13524,13524,13508,13508,2
20171121,180000,13500,13539,13489,13539,4
20171121,190000,13553,13553,13553,13553,1
20171121,230000,13573,13600,13573,13600,3
20171122,100000,13609,13662,13609,13654,53
20171122,110000,13629,13667,13629,13667,39
20171122,120000,13681,13700,13681,13700,7
20171122,140000,13661,13661,13637,13657,7
20171122,150000,13658,13658,13637,13637,4
20171122,160000,13608,13637,13606,13637,8
20171122,170000,13619,13619,13619,13619,1
20171122,180000,13601,13601,13569,13569,8
20171122,190000,13590,13590,13590,13590,1
20171122,210000,13607,13607,13607,13607,1
20171123,100000,13566,13577,13500,13500,14
20171123,110000,13502,13630,13502,13630,19
20171123,120000,13572,13572,13536,13536,5
20171123,130000,13554,13554,13554,13554,1
20171123,140000,13574,13579,13551,13551,1037
20171123,150000,13570,13570,13570,13570,1
20171123,160000,13540,13564,13530,13545,427
20171123,170000,13549,13558,13500,13500,134
20171123,180000,13508,13518,13480,13480,115
20171123,190000,13500,13500,13487,13487,50
20171123,200000,13491,13510,13491,13510,2
20171124,100000,13510,13530,13466,13530,82
20171124,110000,13526,13668,13526,13633,51
20171124,120000,13660,13714,13659,13668,36
20171124,130000,13686,13686,13667,13671,46
20171124,140000,13680,13744,13680,13744,113
20171124,150000,13740,13740,13698,13698,22
20171124,160000,13725,13725,13687,13687,39
20171124,170000,13656,13656,13656,13656,1
20171124,180000,13655,13655,13650,13650,7
20171124,200000,13645,13645,13644,13644,5
20171124,220000,13684,13684,13684,13684,1
20171127,100000,13680,13845,13680,13845,108
20171127,110000,13808,13836,13720,13765,1661
20171127,130000,13750,13750,13715,13738,71
20171127,140000,13721,13749,13711,13749,8
20171127,150000,13715,13715,13611,13626,47
20171127,160000,13628,13641,13607,13641,9
20171127,170000,13689,13703,13689,13690,6
20171127,180000,13681,13720,13680,13690,12
20171128,100000,13666,13666,13588,13645,108
20171128,110000,13698,13730,13682,13682,11
20171128,120000,13660,13664,13629,13643,82
20171128,130000,13625,13635,13612,13625,71
20171128,140000,13620,13705,13620,13705,253
20171128,150000,13674,13741,13674,13691,595
20171128,160000,13705,13765,13705,13765,82
20171128,170000,13772,13820,13764,13820,1003
20171128,180000,13810,13832,13785,13811,77
20171128,190000,13818,13839,13816,13839,24
20171128,200000,13839,13850,13839,13846,18
20171128,210000,13832,13832,13828,13828,12
20171128,220000,13801,13828,13789,13805,42
20171128,230000,13800,13800,13795,13795,11
20171129,100000,13787,13790,13660,13751,698
20171129,110000,13758,13763,13702,13729,257
20171129,120000,13725,13727,13707,13707,90
20171129,130000,13725,13732,13687,13687,39
20171129,140000,13689,13698,13650,13680,350
20171129,150000,13693,13714,13651,13660,76
20171129,160000,13680,13699,13635,13635,91
20171129,170000,13650,13650,13650,13650,3
20171129,180000,13672,13672,13639,13639,4
20171129,190000,13630,13630,13600,13600,4
20171129,200000,13590,13590,13552,13577,15
20171129,210000,13594,13597,13594,13597,2
20171129,220000,13602,13602,13602,13602,6
20171129,230000,13610,13610,13610,13610,1
20171130,100000,13592,13597,13540,13579,84
20171130,110000,13560,13651,13560,13630,79
20171130,120000,13624,13700,13624,13698,57
20171130,130000,13701,13750,13685,13750,17
20171130,140000,13725,13743,13708,13743,9
20171130,150000,13708,13708,13652,13652,130
20171130,160000,13656,13710,13656,13710,14
20171130,170000,13701,13718,13650,13650,329
20171130,180000,13630,13630,13520,13531,933
20171130,190000,13550,13570,13520,13520,15
20171130,200000,13521,13542,13521,13542,4
20171130,210000,13525,13532,13500,13504,539
20171130,220000,13505,13529,13505,13529,15
20171130,230000,13520,13530,13520,13530,2
20171201,100000,13557,13614,13543,13597,68
20171201,110000,13597,13650,13550,13587,2402
20171201,120000,13578,13588,13560,13577,1533
20171201,130000,13579,13579,13520,13520,126
20171201,140000,13535,13565,13500,13535,495
20171201,150000,13543,13575,13543,13566,42
20171201,160000,13582,13592,13545,13592,99
20171201,170000,13599,13645,13588,13605,81
20171201,180000,13619,13650,13619,13650,8
20171201,190000,13628,13636,13521,13521,149
20171201,200000,13555,13580,13550,13580,183
20171201,210000,13581,13583,13565,13583,5
20171201,220000,13560,13560,13557,13557,3
20171201,230000,13582,13582,13582,13582,44
20171204,100000,13587,13635,13500,13550,816
20171204,110000,13569,13635,13540,13562,494
20171204,120000,13590,13605,13540,13604,33
20171204,130000,13619,13646,13604,13629,670
20171204,140000,13630,13660,13600,13655,510
20171204,150000,13640,13698,13640,13685,108
20171204,160000,13700,13720,13700,13710,40
20171204,170000,13710,13720,13662,13720,54
20171204,180000,13704,13704,13704,13704,1
20171204,190000,13700,13700,13681,13681,5
20171204,200000,13684,13684,13684,13684,1
20171204,210000,13691,13691,13690,13690,2
20171204,220000,13680,13688,13675,13688,3
20171204,230000,13670,13670,13652,13652,4
20171205,100000,13641,13710,13611,13707,79
20171205,110000,13675,13683,13622,13626,175
20171205,120000,13635,13643,13610,13640,169
20171205,130000,13615,13625,13610,13610,23
20171205,140000,13642,13660,13638,13638,124
20171205,150000,13659,13673,13645,13645,37
20171205,160000,13647,13709,13647,13689,2180
20171205,170000,13685,13687,13663,13684,315
20171205,180000,13668,13681,13645,13676,536
20171205,190000,13667,13691,13667,13691,4
20171205,200000,13658,13704,13658,13704,1001
20171205,220000,13691,13695,13691,13695,5
20171205,230000,13690,13690,13639,13641,31
20171206,100000,13619,13657,13611,13657,53
20171206,110000,13615,13730,13614,13710,96
20171206,120000,13703,13703,13680,13690,40
20171206,130000,13710,13732,13708,13732,97
20171206,140000,13708,13728,13707,13728,394
20171206,150000,13707,13718,13694,13706,154
20171206,160000,13696,13711,13690,13694,1237
20171206,170000,13720,13744,13715,13715,22
20171206,180000,13708,13708,13648,13679,357
20171206,190000,13693,13693,13638,13657,28
20171206,200000,13645,13645,13645,13645,15
20171206,210000,13645,13656,13645,13645,13
20171206,220000,13641,13658,13631,13658,22
20171206,230000,13632,13632,13632,13632,1
20171207,100000,13666,13681,13638,13665,1638
20171207,110000,13655,13692,13633,13652,3380
20171207,120000,13650,13674,13631,13631,2529
20171207,130000,13633,13659,13632,13650,2849
20171207,140000,13631,13651,13631,13634,56
20171207,150000,13632,13647,13621,13621,628
20171207,160000,13624,13673,13593,13615,394
20171207,170000,13630,13660,13616,13620,2040
20171207,180000,13639,13663,13639,13644,6
20171207,190000,13659,13660,13620,13630,119
20171207,200000,13656,13670,13656,13670,13
20171207,220000,13667,13675,13647,13665,286
20171207,230000,13682,13820,13670,13670,97
20171208,100000,13664,13693,13653,13653,375
20171208,110000,13688,13693,13596,13596,3586
20171208,120000,13602,13605,13588,13592,1468
20171208,130000,13588,13607,13562,13607,287
20171208,140000,13564,13585,13534,13583,194
20171208,150000,13578,13578,13536,13544,35
20171208,160000,13567,13597,13566,13566,1970
20171208,170000,13575,13578,13516,13525,144
20171208,180000,13512,13533,13502,13533,344
20171208,190000,13559,13559,13559,13559,1
20171208,200000,13542,13542,13540,13540,6
20171211,100000,13557,13634,13556,13625,289
20171211,110000,13642,13679,13625,13639,188
20171211,120000,13630,13690,13630,13663,2478
20171211,130000,13675,13675,13663,13675,26
20171211,140000,13691,13691,13671,13671,11
20171211,150000,13683,13686,13673,13686,17
20171211,160000,13700,13728,13700,13700,402
20171211,170000,13700,13726,13691,13700,366
20171211,180000,13703,13728,13703,13708,1260
20171211,190000,13735,13735,13705,13726,10
20171211,200000,13725,13735,13725,13735,7
20171211,210000,13735,13738,13720,13723,20
20171211,220000,13735,13747,13730,13741,25
20171211,230000,13726,13748,13720,13720,65
20171212,100000,13750,13774,13661,13710,3200
20171212,110000,13694,13786,13694,13770,3941
20171212,120000,13766,13774,13738,13771,153
20171212,130000,13768,13824,13768,13824,1908
20171212,140000,13825,13872,13825,13846,1000
20171212,150000,13834,13846,13815,13820,3208
20171212,160000,13819,13825,13770,13793,2478
20171212,170000,13807,13831,13770,13830,2342
20171212,180000,13830,13838,13785,13823,1291
20171212,190000,13824,13852,13810,13821,574
20171212,200000,13804,13900,13770,13870,424
20171212,210000,13888,13902,13866,13866,128
20171212,220000,13847,13847,13813,13836,716
20171212,230000,13829,13836,13808,13828,30
20171213,100000,13836,13942,13809,13911,4615
20171213,110000,13910,13918,13867,13888,6118
20171213,120000,13899,13908,13894,13904,4987
20171213,130000,13904,13904,13856,13890,5390
20171213,140000,13871,13890,13871,13884,85
20171213,150000,13890,13900,13832,13832,912
20171213,160000,13832,13832,13764,13810,1993
20171213,170000,13810,13838,13790,13790,871
20171213,180000,13784,13852,13773,13849,2332
20171213,190000,13855,13894,13845,13846,48
20171213,200000,13841,13841,13766,13818,507
20171213,210000,13818,13826,13802,13819,53
20171213,220000,13829,13853,13827,13841,30
20171213,230000,13845,13845,13845,13845,1
20171214,100000,13850,13920,13850,13883,2359
20171214,110000,13872,13872,13796,13814,2846
20171214,120000,13808,13853,13785,13810,3249
20171214,130000,13818,13818,13779,13803,833
20171214,140000,13812,13830,13790,13799,2618
20171214,150000,13797,13833,13797,13833,626
20171214,160000,13826,13843,13800,13800,1051
20171214,170000,13800,13842,13789,13821,1035
20171214,180000,13828,13889,13828,13877,1685
20171214,190000,13877,13880,13862,13869,431
20171214,200000,13862,13870,13853,13861,67
20171214,210000,13870,13870,13869,13869,4
20171214,220000,13870,13870,13840,13854,178
20171214,230000,13862,13862,13837,13837,20
20171215,100000,13852,13885,13820,13863,1204
20171215,110000,13865,13884,13810,13850,2669
20171215,120000,13850,13858,13830,13858,3892
20171215,130000,13845,13874,13845,13855,495
20171215,140000,13858,13869,13835,13835,449
20171215,150000,13840,13860,13836,13860,1525
20171215,160000,13847,13857,13843,13853,508
20171215,170000,13850,13855,13810,13827,1408
20171215,180000,13827,13831,13783,13791,1674
20171215,190000,13798,13816,13796,13808,66
20171215,200000,13800,13805,13798,13805,126
20171215,210000,13801,13801,13789,13789,40
20171215,220000,13789,13808,13789,13790,66
20171215,230000,13796,13799,13788,13788,13
20171218,100000,13803,13861,13803,13854,1274
20171218,110000,13852,13907,13840,13874,2454
20171218,120000,13866,13871,13825,13831,1673
20171218,130000,13832,13834,13815,13815,2459
20171218,140000,13819,13836,13810,13822,1673
20171218,150000,13819,13823,13741,13743,6019
20171218,160000,13741,13755,13632,13639,8706
20171218,170000,13636,13687,13573,13686,7390
20171218,180000,13693,13700,13647,13661,1345
20171218,190000,13662,13683,13662,13681,100
20171218,200000,13682,13683,13665,13683,88
20171218,210000,13683,13685,13679,13679,42
20171218,220000,13679,13695,13675,13677,94
20171218,230000,13678,13686,13665,13686,151
20171219,100000,13682,13747,13660,13667,2087
20171219,110000,13663,13692,13636,13675,5095
20171219,120000,13675,13735,13670,13709,5924
20171219,130000,13709,13710,13678,13694,3379
20171219,140000,13694,13703,13654,13670,5200
20171219,150000,13670,13693,13624,13690,5264
20171219,160000,13687,13704,13674,13702,2526
20171219,170000,13700,13710,13654,13690,4430
20171219,180000,13690,13700,13678,13694,1533
20171219,190000,13667,13690,13658,13673,367
20171219,200000,13672,13674,13663,13673,128
20171219,210000,13665,13679,13662,13668,332
20171219,220000,13675,13683,13666,13679,62
20171219,230000,13679,13700,13679,13688,279
20171220,100000,13686,13710,13621,13630,6105
20171220,110000,13630,13667,13600,13631,10638
20171220,120000,13631,13671,13542,13545,7103
20171220,130000,13542,13590,13525,13568,4344
20171220,140000,13561,13609,13503,13598,9471
20171220,150000,13605,13625,13555,13566,5652
20171220,160000,13566,13611,13556,13569,10499
20171220,170000,13566,13585,13536,13578,8679
20171220,180000,13578,13584,13554,13570,9710
20171220,190000,13579,13600,13570,13596,911
20171220,200000,13596,13600,13585,13592,431
20171220,210000,13590,13600,13588,13600,1470
20171220,220000,13597,13600,13589,13599,502
20171220,230000,13596,13600,13584,13590,514
20171221,100000,13585,13597,13540,13578,20948
20171221,110000,13578,13585,13528,13531,26324
20171221,120000,13533,13554,13506,13513,10434
20171221,130000,13513,13523,13391,13451,27088
20171221,140000,13442,13450,13400,13434,8313
20171221,150000,13428,13465,13413,13421,8479
20171221,160000,13426,13449,13266,13309,30987
20171221,170000,13305,13359,13296,13341,12500
20171221,180000,13337,13408,13335,13398,19527
20171221,190000,13378,13440,13370,13429,2236
20171221,200000,13435,13673,13435,13524,19550
20171221,210000,13525,13630,13519,13543,6535
20171221,220000,13543,13543,13521,13529,817
20171221,230000,13525,13534,13510,13513,1122
20171222,100000,13507,13524,13427,13435,15116
20171222,110000,13437,13474,13408,13469,17322
20171222,120000,13471,13610,13461,13552,27610
20171222,130000,13552,13572,13498,13504,10871
20171222,140000,13507,13526,13484,13506,6233
20171222,150000,13505,13508,13372,13418,17451
20171222,160000,13420,13466,13409,13433,4437
20171222,170000,13434,13494,13433,13486,6434
20171222,180000,13490,13493,13431,13451,6298
20171222,190000,13449,13519,13437,13491,1887
20171222,200000,13496,13504,13490,13498,171
20171222,210000,13497,13514,13487,13499,539
20171222,220000,13498,13522,13495,13508,678
20171222,230000,13509,13529,13509,13520,1708
20171225,100000,13527,13548,13475,13521,11047
20171225,110000,13521,13570,13507,13520,9964
20171225,120000,13520,13538,13482,13500,4925
20171225,130000,13499,13512,13460,13470,3719
20171225,140000,13471,13493,13450,13455,3203
20171225,150000,13453,13457,13433,13438,3660
20171225,160000,13438,13469,13435,13456,2125
20171225,170000,13457,13460,13425,13449,4302
20171225,180000,13449,13480,13443,13465,3091
20171225,190000,13465,13491,13455,13456,1007
20171225,200000,13456,13465,13448,13449,405
20171225,210000,13455,13464,13453,13461,110
20171225,220000,13459,13463,13451,13463,167
20171225,230000,13463,13485,13455,13471,801
20171226,100000,13478,13486,13363,13367,11817
20171226,110000,13366,13380,13350,13370,5835
20171226,120000,13366,13370,13305,13326,8563
20171226,130000,13325,13352,13280,13291,11089
20171226,140000,13284,13284,13204,13259,12538
20171226,150000,13256,13283,13239,13280,6227
20171226,160000,13281,13348,13270,13331,7982
20171226,170000,13334,13350,13311,13318,6651
20171226,180000,13319,13406,13319,13380,10142
20171226,190000,13389,13418,13369,13414,2331
20171226,200000,13416,13418,13400,13411,481
20171226,210000,13412,13424,13401,13423,433
20171226,220000,13423,13425,13405,13407,401
20171226,230000,13406,13415,13401,13407,419
20171227,100000,13402,13402,13300,13302,10104
20171227,110000,13304,13431,13286,13427,14144
20171227,120000,13430,13444,13378,13404,5042
20171227,130000,13401,13464,13388,13428,6889
20171227,140000,13433,13436,13372,13390,4112
20171227,150000,13393,13419,13374,13375,2915
20171227,160000,13376,13385,13333,13361,9510
20171227,170000,13361,13371,13312,13360,9467
20171227,180000,13362,13375,13307,13339,9100
20171227,190000,13334,13353,13290,13312,2330
20171227,200000,13314,13322,13279,13319,1258
20171227,210000,13319,13333,13306,13307,774
20171227,220000,13308,13323,13297,13300,385
20171227,230000,13300,13319,13299,13300,388
20171228,100000,13307,13342,13251,13280,10214
20171228,110000,13283,13310,13256,13283,7013
20171228,120000,13280,13289,13251,13261,7393
20171228,130000,13261,13298,13252,13270,4523
20171228,140000,13270,13317,13259,13299,4899
20171228,150000,13296,13337,13278,13303,7112
20171228,160000,13304,13329,13218,13223,9328
20171228,170000,13221,13262,13209,13253,8332
20171228,180000,13257,13276,13235,13267,4399
20171228,190000,13267,13295,13258,13278,1243
20171228,200000,13283,13285,13262,13262,267
20171228,210000,13261,13264,13256,13262,1155
20171228,220000,13262,13262,13217,13229,970
20171228,230000,13227,13255,13221,13247,551
20171229,100000,13249,13314,13200,13291,11851
20171229,110000,13290,13300,13180,13184,11560
20171229,120000,13183,13219,13180,13190,3645
20171229,130000,13197,13206,13150,13159,6646
20171229,140000,13163,13197,13152,13152,5745
20171229,150000,13152,13155,13105,13131,11474
20171229,160000,13131,13233,13123,13200,7284
20171229,170000,13204,13280,13199,13216,19625
20171229,180000,13223,13264,13192,13225,5023
20180103,100000,13258,13387,13258,13354,16713
20180103,110000,13349,13392,13325,13333,12817
20180103,120000,13335,13380,13321,13359,4320
20180103,130000,13359,13371,13336,13347,2301
20180103,140000,13350,13370,13298,13307,5030
20180103,150000,13303,13329,13277,13312,7769
20180103,160000,13314,13384,13306,13370,6959
20180103,170000,13370,13388,13351,13369,5154
20180103,180000,13369,13410,13364,13395,7871
20180103,190000,13395,13424,13370,13417,1348
20180103,200000,13418,13446,13409,13444,2838
20180103,210000,13443,13467,13427,13437,2642
20180103,220000,13436,13440,13425,13427,886
20180103,230000,13426,13438,13425,13426,417
20180104,100000,13433,13523,13433,13472,13834
20180104,110000,13476,13656,13471,13647,20944
20180104,120000,13652,13740,13623,13722,23837
20180104,130000,13721,13785,13703,13735,14053
20180104,140000,13740,13753,13707,13741,9583
20180104,150000,13743,13791,13739,13791,7167
20180104,160000,13790,13805,13721,13766,24664
20180104,170000,13768,13825,13762,13793,10925
20180104,180000,13797,13850,13742,13794,7776
20180104,190000,13800,13811,13783,13790,2038
20180104,200000,13787,13806,13766,13778,979
20180104,210000,13775,13789,13763,13789,404
20180104,220000,13791,13803,13783,13796,514
20180104,230000,13794,13802,13768,13800,732
20180105,100000,13793,13826,13708,13712,13638
20180105,110000,13712,13889,13710,13860,19952
20180105,120000,13862,13896,13786,13817,11826
20180105,130000,13822,13843,13804,13823,3633
20180105,140000,13824,13899,13818,13877,12099
20180105,150000,13879,13887,13856,13865,7130
20180105,160000,13863,13887,13837,13868,6377
20180105,170000,13873,13911,13863,13889,9083
20180105,180000,13887,13920,13849,13907,6689
20180105,190000,13920,13949,13912,13935,2291
20180105,200000,13938,13938,13914,13920,648
20180105,210000,13917,13930,13916,13929,539
20180105,220000,13928,13940,13923,13927,877
20180105,230000,13929,13940,13906,13932,847
20180109,100000,13940,14058,13940,14025,24671
20180109,110000,14029,14316,14027,14275,47039
20180109,120000,14275,14337,14232,14279,24184
20180109,130000,14285,14310,14244,14268,9090
20180109,140000,14271,14291,14249,14255,8431
20180109,150000,14255,14292,14156,14166,16481
20180109,160000,14169,14207,14134,14184,11716
20180109,170000,14184,14277,14152,14184,15628
20180109,180000,14182,14224,14135,14211,16757
20180109,190000,14232,14277,14203,14243,9222
20180109,200000,14241,14265,14220,14239,4318
20180109,210000,14240,14288,14239,14271,1868
20180109,220000,14274,14289,14253,14284,2417
20180109,230000,14280,14300,14271,14283,1288
20180110,100000,14280,14331,14210,14247,27916
20180110,110000,14247,14307,14156,14290,25707
20180110,120000,14293,14403,14280,14396,21089
20180110,130000,14394,14435,14336,14388,23872
20180110,140000,14384,14397,14333,14391,9002
20180110,150000,14389,14410,14370,14392,8825
20180110,160000,14392,14457,14380,14449,17930
20180110,170000,14446,14512,14437,14490,21872
20180110,180000,14490,14546,14490,14539,18637
20180110,190000,14547,14580,14530,14559,4329
20180110,200000,14556,14557,14531,14544,1226
20180110,210000,14543,14564,14540,14556,551
20180110,220000,14558,14590,14557,14576,1705
20180110,230000,14579,14579,14531,14531,1558
20180111,100000,14530,14573,14429,14449,23207
20180111,110000,14450,14652,14446,14623,33361
20180111,120000,14626,14676,14551,14577,24919
20180111,130000,14571,14611,14539,14590,11525
20180111,140000,14592,14609,14546,14596,7599
20180111,150000,14597,14655,14555,14613,16246
20180111,160000,14613,14659,14599,14635,14321
20180111,170000,14633,14640,14565,14604,18143
20180111,180000,14609,14655,14609,14631,11463
20180111,190000,14624,14720,14623,14653,4657
20180111,200000,14655,14656,14600,14615,3159
20180111,210000,14612,14615,14474,14550,19407
20180111,220000,14550,14568,14524,14535,1758
20180111,230000,14529,14578,14524,14560,2164
20180112,100000,14577,14592,14503,14574,19326
20180112,110000,14573,14604,14541,14587,19945
20180112,120000,14586,14643,14564,14584,18083
20180112,130000,14585,14618,14546,14572,14159
20180112,140000,14570,14570,14351,14414,32615
20180112,150000,14415,14454,14393,14424,10752
20180112,160000,14428,14488,14419,14484,10159
20180112,170000,14480,14534,14473,14533,10172
20180112,180000,14533,14651,14510,14581,15295
20180112,190000,14561,14581,14527,14573,2548
20180112,200000,14571,14605,14570,14590,3175
20180112,210000,14593,14610,14586,14590,929
20180112,220000,14591,14613,14590,14609,1103
20180112,230000,14608,14633,14600,14629,1316
20180115,100000,14622,14727,14622,14684,21489
20180115,110000,14683,14716,14652,14680,12114
20180115,120000,14680,14702,14606,14626,13825
20180115,130000,14623,14630,14556,14595,16890
20180115,140000,14603,14643,14590,14638,5078
20180115,150000,14635,14638,14459,14470,25349
20180115,160000,14470,14564,14462,14508,10223
20180115,170000,14508,14519,14441,14441,10519
20180115,180000,14444,14490,14441,14468,6263
20180115,190000,14465,14499,14440,14465,2535
20180115,200000,14474,14497,14468,14496,907
20180115,210000,14496,14498,14476,14477,648
20180115,220000,14476,14544,14470,14525,1430
20180115,230000,14528,14528,14510,14510,722
20180116,100000,14507,14507,14451,14497,8444
20180116,110000,14496,14520,14443,14456,9708
20180116,120000,14458,14472,14362,14440,30678
20180116,130000,14443,14448,14372,14396,10192
20180116,140000,14391,14478,14376,14470,14258
20180116,150000,14468,14515,14422,14496,9470
20180116,160000,14500,14707,14478,14645,35449
20180116,170000,14645,14667,14613,14667,14264
20180116,180000,14667,14715,14606,14649,17452
20180116,190000,14650,14676,14630,14630,4264
20180116,200000,14636,14680,14626,14655,1862
20180116,210000,14659,14700,14655,14670,1608
20180116,220000,14669,14678,14615,14631,3957
20180116,230000,14633,14642,14615,14635,1159
20180117,100000,14635,14638,14513,14615,24650
20180117,110000,14614,14632,14572,14615,9648
20180117,120000,14613,14894,14607,14846,50896
20180117,130000,14851,14869,14811,14835,12981
20180117,140000,14828,14937,14815,14907,22282
20180117,150000,14910,14987,14897,14916,22132
20180117,160000,14920,15064,14893,15033,24317
20180117,170000,15041,15110,15015,15017,28960
20180117,180000,15017,15059,15008,15012,11762
20180117,190000,15049,15087,15018,15073,3577
20180117,200000,15077,15097,15063,15080,1520
20180117,210000,15078,15080,15043,15050,1699
20180117,220000,15046,15085,15041,15076,988
20180117,230000,15072,15085,15029,15066,5868
20180118,100000,15084,15164,14994,15024,34161
20180118,110000,15032,15097,15005,15077,14062
20180118,120000,15076,15124,15038,15096,12279
20180118,130000,15100,15105,15065,15085,7978
20180118,140000,15088,15100,15051,15058,7862
20180118,150000,15062,15082,15053,15076,5469
20180118,160000,15079,15193,15062,15180,16860
20180118,170000,15185,15213,15131,15188,14473
20180118,180000,15198,15200,15141,15163,17035
20180118,190000,15185,15292,15172,15197,7760
20180118,200000,15197,15249,15188,15237,1681
20180118,210000,15237,15250,15225,15243,1330
20180118,220000,15244,15273,15228,15238,2060
20180118,230000,15240,15258,15211,15251,2968
20180119,100000,15224,15282,15129,15149,34868
20180119,110000,15147,15180,15051,15137,30382
20180119,120000,15136,15177,15101,15117,10992
20180119,130000,15117,15125,15037,15102,12477
20180119,140000,15108,15150,15066,15083,8913
20180119,150000,15079,15093,15040,15047,11370
20180119,160000,15045,15090,15021,15051,15065
20180119,170000,15057,15198,15026,15171,22909
20180119,180000,15171,15183,15091,15116,11793
20180119,190000,15106,15147,15091,15119,1748
20180119,200000,15128,15145,15116,15121,1519
20180119,210000,15122,15122,15090,15097,1322
20180119,220000,15101,15105,15086,15089,1786
20180119,230000,15091,15091,15016,15074,3966
20180122,100000,15074,15154,15060,15148,18950
20180122,110000,15143,15197,15104,15155,11872
20180122,120000,15151,15193,15144,15170,9313
20180122,130000,15167,15198,15150,15181,7143
20180122,140000,15176,15196,15160,15160,6270
20180122,150000,15160,15199,15144,15183,6486
20180122,160000,15177,15183,15092,15146,12356
20180122,170000,15145,15175,15115,15166,4933
20180122,180000,15166,15190,15143,15173,5583
20180122,190000,15169,15245,15163,15201,5013
20180122,200000,15203,15209,15161,15170,1548
20180122,210000,15173,15185,15161,15185,692
20180122,220000,15181,15194,15173,15189,473
20180122,230000,15188,15199,15166,15186,2160
20180123,100000,15198,15337,15198,15224,21285
20180123,110000,15225,15242,15134,15142,22854
20180123,120000,15143,15177,15105,15144,13782
