20170309,170000,15754,15754,15754,15754,1
20170317,170000,16899,17098,16899,17098,2
20170320,120000,16750,16750,16750,16750,1
20170320,170000,16696,16696,16696,16696,1
20170327,150000,16999,16999,16999,16999,1
20170403,130000,16999,16999,16999,16999,1
20170410,110000,16349,16349,16349,16349,1
20170410,120000,16349,16349,16349,16349,1
20170410,130000,16239,16239,16239,16239,1
20170412,110000,16265,16669,16265,16669,2
20170412,120000,16265,16302,16265,16277,6
20170412,180000,15730,15730,15730,15730,2
20170412,190000,15700,15700,15700,15700,1
20170413,100000,15988,15988,15988,15988,1
20170413,120000,15899,15980,15899,15980,2
20170417,180000,15999,15999,15999,15999,1
20170419,230000,15898,15899,15898,15899,3
20170420,160000,16288,16289,16288,16289,4
20170421,130000,16308,16478,16308,16478,50
20170421,150000,16486,16486,16486,16486,2
20170424,200000,16742,16742,16742,16742,8
20170426,220000,16967,16967,16967,16967,5
20170426,230000,16967,16967,16967,16967,9
20170427,110000,17010,17010,17010,17010,6
20170504,210000,17352,17352,17352,17352,10
20170505,100000,17141,17181,17141,17181,20
20170510,120000,17299,17299,17299,17299,10
20170511,220000,17399,17399,17399,17399,4
20170512,120000,17399,17399,17399,17399,4
20170515,100000,17414,17414,17414,17414,10
20170525,150000,16950,16950,16950,16950,1
20170526,140000,16362,16362,16362,16362,2
20170526,150000,16482,16482,16482,16482,1
20170530,180000,16742,16742,16742,16742,2
20170605,110000,16262,16262,16262,16262,2
20170605,200000,16016,16016,16016,16016,1
20170606,180000,15584,15584,15584,15584,1
20170609,110000,15640,15640,15640,15640,1
20170609,120000,15536,15610,15536,15610,6
20170609,180000,15555,15555,15555,15555,20
20170609,210000,15350,15350,15350,15350,10
20170613,130000,15471,15471,15471,15471,1
20170613,150000,15413,15413,15413,15413,1
20170614,100000,15250,15250,15250,15250,10
20170614,140000,15429,15429,15429,15429,1
20170614,160000,15230,15230,15230,15230,1
20170614,170000,15428,15429,15400,15400,7
20170614,180000,15370,15370,15300,15357,12
20170615,100000,15090,15090,14770,14770,18
20170615,110000,14590,14590,14590,14590,5
20170615,120000,14470,14470,14470,14470,1
20170615,150000,14731,14731,14505,14663,12
20170619,100000,15200,15200,15200,15200,2
20170619,110000,15200,15200,15177,15177,7
20170619,120000,15186,15186,15186,15186,10
20170619,130000,15229,15229,15229,15229,1
20170620,100000,15533,15534,15533,15534,7
20170620,130000,15530,15530,15530,15530,20
20170620,160000,15340,15340,15310,15310,20
20170622,110000,15300,15301,15300,15301,2
20170622,120000,15298,15299,15298,15299,12
20170629,120000,15390,15390,15390,15390,1
20170630,120000,15448,15448,15448,15448,1
20170630,130000,15592,15592,15592,15592,1
20170703,230000,15694,15694,15694,15694,1
20170704,100000,15719,15723,15719,15723,2
20170707,110000,15999,15999,15999,15999,2
20170707,120000,15999,15999,15999,15999,1
20170707,160000,15999,15999,15999,15999,2
20170710,100000,16270,16270,16270,16270,1
20170711,100000,16568,16568,16568,16568,3
20170711,140000,16187,16187,16187,16187,1
20170711,160000,16544,16544,16544,16544,2
20170712,100000,16668,16668,16668,16668,1
20170712,130000,16796,16798,16796,16798,7
20170714,180000,16970,16970,16970,16970,1
20170717,100000,17050,17050,17050,17050,2
20170717,140000,17032,17032,16634,16634,2
20170717,150000,16945,16945,16945,16945,1
20170718,150000,16763,17169,16763,17169,2
20170718,160000,17150,17150,16852,16852,2
20170719,120000,17090,17090,17090,17090,3
20170719,140000,17202,17202,17202,17202,3
20170719,150000,17299,17299,16938,16938,2
20170719,160000,17299,17299,16922,16922,2
20170719,190000,17434,17435,17248,17248,5
20170719,200000,17248,17434,17248,17431,5
20170720,100000,17307,17328,17307,17328,2
20170720,130000,17315,17315,17315,17315,1
20170721,160000,16985,16985,16985,16985,1
20170721,170000,16999,17004,16999,17004,2
20170721,180000,17164,17164,17164,17164,1
20170724,130000,17002,17002,17002,17002,3
20170724,190000,16723,16723,16723,16723,1
20170725,210000,17000,17000,17000,17000,10
20170726,130000,17010,17010,16957,16957,7
20170726,200000,17177,17177,17177,17177,1
20170727,100000,17010,17010,17010,17010,2
20170727,110000,17149,17149,17149,17149,1
20170727,120000,17199,17200,17199,17200,21
20170727,180000,17342,17345,17342,17345,5
20170727,190000,17433,17433,17433,17433,1
20170728,120000,17200,17200,17200,17200,6
20170728,160000,17296,17296,17296,17296,1
20170728,190000,17300,17300,17300,17300,1
20170731,100000,17390,17390,17390,17390,1
20170731,110000,17301,17301,17301,17301,1
20170731,120000,17300,17300,17300,17300,2
20170731,130000,17300,17300,17300,17300,8
20170801,110000,17500,17500,17500,17500,20
20170802,130000,17700,17700,17700,17700,1
20170802,180000,17700,17700,17700,17700,1
20170802,210000,17750,17750,17750,17750,1
20170804,180000,17700,17700,17700,17700,1
20170807,120000,17849,17849,17849,17849,1
20170807,140000,17944,17944,17944,17944,1
20170807,160000,17994,17994,17994,17994,1
20170808,130000,18041,18041,18041,18041,1
20170808,170000,18213,18213,18213,18213,1
20170808,180000,18263,18263,18263,18263,1
20170808,210000,18274,18274,18274,18274,3
20170808,230000,18200,18200,18200,18200,1
20170814,130000,17947,17947,17947,17947,1
20170816,110000,18130,18130,18130,18130,1
20170816,130000,18136,18200,18136,18200,3
20170818,150000,17669,17669,17669,17669,1
20170823,170000,18150,18150,18150,18150,1
20170823,180000,18200,18200,18200,18200,1
20170824,100000,18458,18458,18458,18458,1
20170824,110000,18659,18659,18427,18541,36
20170824,130000,18605,18605,18605,18605,2
20170824,140000,18605,18605,18566,18566,14
20170824,150000,18609,18610,18609,18610,2
20170824,160000,18650,18801,18650,18801,10
20170824,170000,18731,18731,18525,18525,2
20170824,220000,18659,18659,18659,18659,6
20170825,100000,18750,18851,18685,18685,12
20170825,110000,18700,18700,18700,18700,1
20170825,120000,18666,18666,18600,18600,6
20170825,130000,18558,18559,18558,18559,5
20170825,140000,18556,18556,18556,18556,1
20170828,200000,18858,18858,18858,18858,1
20170829,200000,18864,18864,18864,18864,1
20170830,180000,18900,18941,18900,18941,6
20170831,100000,18900,18900,18900,18900,1
20170831,110000,18980,19100,18980,19100,5
20170831,140000,19002,19092,19000,19092,59
20170831,150000,19074,19074,19074,19074,1
20170831,170000,19231,19231,19231,19231,1
20170831,180000,19030,19030,19030,19030,1
20170831,220000,18900,18900,18900,18900,1
20170901,100000,19070,19070,19070,19070,1
20170901,140000,19000,19000,19000,19000,1
20170901,160000,18930,18930,18880,18890,123
20170901,170000,18900,18910,18900,18910,3
20170901,180000,18915,18940,18900,18900,9
20170904,110000,18850,18850,18850,18850,5
20170904,160000,18950,18970,18950,18970,4
20170904,170000,18970,19030,18970,19030,10
20170904,180000,18890,18890,18890,18890,1
20170904,190000,19000,19000,19000,19000,5
20170905,130000,19150,19150,19150,19150,2
20170905,140000,19000,19000,19000,19000,2
20170905,160000,19027,19027,19027,19027,1
20170905,230000,18999,18999,18999,18999,2
20170906,100000,18850,18850,18850,18850,3
20170906,180000,18970,18970,18970,18970,1
20170906,220000,19000,19000,19000,19000,1
20170907,120000,19090,19090,19090,19090,1
20170907,140000,19095,19100,19095,19100,4
20170907,160000,19151,19151,19151,19151,1
20170907,210000,19010,19010,19010,19010,1
20170908,110000,19000,19000,19000,19000,1
20170908,160000,19100,19300,19100,19300,7
20170908,170000,19190,19190,19190,19190,1
20170908,210000,19131,19131,19130,19130,3
20170911,100000,19239,19358,19239,19358,43
20170911,110000,19320,19512,19320,19476,37
20170911,120000,19502,19502,19502,19502,5
20170911,130000,19550,19556,19550,19556,6
20170911,140000,19580,20252,19580,19749,48
20170911,150000,19700,19700,19700,19700,1
20170911,160000,19600,19600,19500,19526,7
20170911,170000,19633,19650,19603,19650,9
20170911,200000,19751,19751,19751,19751,2
20170911,210000,19577,19600,19577,19600,3
20170912,100000,19700,19700,19564,19564,2
20170912,110000,19550,19751,19550,19630,6
20170912,120000,19590,19590,19590,19590,1
20170912,130000,19550,19550,19430,19430,5
20170912,210000,19544,19544,19544,19544,1
20170913,110000,19591,19601,19520,19600,5
20170913,150000,19450,19450,19450,19450,1
20170913,190000,19450,19450,19420,19420,7
20170913,200000,19413,19500,19413,19500,3
20170914,100000,19303,19303,19300,19300,2
20170914,110000,19300,19300,19250,19258,3
20170914,120000,19250,19250,19250,19250,1
20170914,130000,19235,19235,19235,19235,1
20170914,140000,19330,19330,19330,19330,1
20170914,170000,19451,20051,19451,19759,51
20170914,210000,19580,19580,19580,19580,1
20170914,220000,19544,19544,19544,19544,1
20170914,230000,19543,19543,19523,19523,7
20170915,100000,19450,19450,19450,19450,3
20170915,150000,19539,19539,19539,19539,1
20170918,100000,19500,19500,19500,19500,1
20170918,110000,19466,19466,19466,19466,3
20170918,170000,19300,19300,19300,19300,1
20170918,190000,19300,19320,19300,19320,13
20170919,110000,19248,19248,19218,19218,4
20170919,160000,19208,19208,19178,19178,6
20170919,170000,19173,19173,19173,19173,1
20170919,180000,19168,19215,19150,19215,13
20170919,190000,19168,19168,19168,19168,6
20170919,210000,19226,19250,19226,19250,2
20170919,230000,19178,19178,19150,19150,14
20170920,100000,19113,19113,19113,19113,1
20170920,120000,19090,19090,19090,19090,2
20170920,130000,19130,19140,19130,19140,7
20170920,140000,19150,19155,19150,19155,6
20170920,150000,19160,19160,19160,19160,5
20170920,160000,19140,19145,19140,19145,2
20170920,170000,19170,19210,19100,19100,229
20170920,180000,19140,19210,19140,19210,8
20170920,190000,19232,19232,19176,19176,2
20170920,210000,19229,19251,19174,19174,6
20170920,220000,19226,19226,19226,19226,1
20170921,100000,19169,19169,19013,19013,11
20170921,110000,19075,19090,19034,19090,7
20170921,120000,19100,19177,19085,19131,38
20170921,130000,19131,19131,19131,19131,1
20170921,140000,19121,19169,19114,19169,4
20170921,150000,19176,19215,19167,19215,23
20170921,160000,19194,19380,19194,19380,48
20170921,170000,19360,19399,19341,19390,27
20170921,180000,19383,19420,19383,19420,12
20170921,190000,19439,19439,19350,19350,3
20170921,200000,19390,19398,19372,19398,13
20170921,210000,19401,19462,19386,19431,60
20170921,220000,19389,19433,19389,19433,4
20170921,230000,19399,19399,19399,19399,1
20170922,100000,19360,19490,19307,19430,174
20170922,110000,19390,19460,19364,19410,32
20170922,120000,19421,19504,19421,19436,22
20170922,130000,19463,19483,19392,19483,22
20170922,140000,19428,19463,19428,19457,48
20170922,150000,19466,19540,19462,19526,112
20170922,160000,19520,19566,19471,19532,105
20170922,170000,19548,19548,19485,19517,8
20170922,180000,19469,19480,19426,19480,11
20170922,190000,19461,19461,19408,19408,4
20170922,200000,19408,19408,19368,19394,13
20170925,100000,19419,19580,19400,19580,36
20170925,110000,19588,19655,19588,19653,31
20170925,120000,19658,19669,19658,19669,4
20170925,130000,19660,19670,19660,19670,2
20170925,140000,19670,19704,19670,19704,16
20170925,150000,19662,19673,19627,19673,11
20170925,160000,19682,19682,19682,19682,1
20170925,170000,19683,19760,19683,19760,20
20170925,180000,19765,19840,19765,19821,27
20170925,190000,19787,19787,19765,19765,2
20170925,200000,19826,19826,19826,19826,1
20170925,210000,19851,19851,19851,19851,4
20170925,220000,19858,19858,19858,19858,1
20170925,230000,19879,19900,19840,19898,23
20170926,100000,19901,20152,19901,20110,133
20170926,110000,20119,20202,20098,20158,140
20170926,120000,20147,20147,20137,20146,11
20170926,130000,20126,20139,20090,20139,26
20170926,140000,20154,20166,20150,20150,5
20170926,150000,20116,20116,20116,20116,1
20170926,160000,20143,20218,20143,20182,296
20170926,170000,20174,20201,20080,20083,21
20170926,180000,20057,20084,19972,19974,46
20170926,190000,19971,19971,19900,19954,48
20170926,200000,19945,19987,19945,19987,15
20170926,210000,19933,19933,19933,19933,1
20170926,220000,19987,19987,19968,19968,4
20170926,230000,19976,19977,19976,19977,2
20170927,100000,19988,20132,19856,19860,64
20170927,110000,19834,20006,19834,19905,21
20170927,120000,19961,19985,19961,19985,2
20170927,130000,20000,20057,20000,20001,16
20170927,140000,20040,20096,20005,20005,173
20170927,150000,19993,20064,19984,20064,150
20170927,160000,20065,20065,20065,20065,10
20170927,170000,20011,20027,19964,19964,34
20170927,180000,20026,20063,20003,20028,17
20170927,190000,20012,20035,20012,20035,20
20170927,200000,20035,20044,20019,20019,10
20170927,210000,20044,20045,20044,20045,7
20170928,100000,20015,20015,19881,19932,42
20170928,110000,19901,20098,19901,20098,294
20170928,120000,20098,20122,20037,20037,29
20170928,130000,20103,20148,20072,20075,28
20170928,140000,20078,20078,20032,20032,5
20170928,150000,20060,20070,20047,20049,4
20170928,160000,20047,20047,20014,20019,18
20170928,170000,20009,20009,19934,19934,29
20170928,180000,19931,19931,19901,19901,233
20170928,190000,19923,19923,19923,19923,1
20170928,200000,19933,19933,19933,19933,1
20170928,230000,19933,19933,19933,19933,1
20170929,100000,19906,19919,19839,19919,15
20170929,110000,19942,19990,19911,19990,11
20170929,120000,19999,20013,19995,19995,9
20170929,130000,19961,19961,19951,19951,4
20170929,140000,19944,19944,19901,19901,10
20170929,160000,19948,19963,19907,19963,32
20170929,170000,19986,20010,19956,19956,7
20170929,180000,19998,19998,19998,19998,3
20170929,190000,19755,19984,19755,19938,6
20170929,200000,19970,19970,19970,19970,1
20171002,100000,19995,20128,19995,20075,60
20171002,110000,20102,20102,20102,20102,1
20171002,120000,20082,20108,20055,20091,28
20171002,130000,20052,20085,20049,20085,12
20171002,140000,20047,20060,19995,20000,19
20171002,150000,19973,19990,19901,19911,16
20171002,160000,19888,19981,19840,19981,24
20171002,170000,19992,20021,19968,19968,4
20171002,180000,19990,19990,19990,19990,1
20171002,190000,20002,20046,20002,20030,13
20171002,200000,20023,20023,19991,19991,5
20171002,230000,19985,20020,19985,20020,2
20171003,100000,20047,20102,20036,20050,53
20171003,110000,20065,20085,20065,20085,15
20171003,120000,20072,20095,20072,20095,2
20171003,130000,20045,20045,19973,19973,4
20171003,140000,19959,20020,19939,20020,35
20171003,150000,20000,20001,19974,19979,16
20171003,160000,20001,20054,19967,20044,159
20171003,170000,20050,20050,20013,20024,8
20171003,180000,19990,19990,19929,19929,15
20171003,190000,19967,19967,19914,19918,11
20171003,200000,19967,19971,19967,19971,3
20171003,210000,19962,19962,19962,19962,1
20171003,220000,19961,19961,19900,19900,17
20171004,100000,19888,19938,19878,19880,34
20171004,110000,19881,19924,19837,19924,30
20171004,120000,19874,19904,19874,19904,4
20171004,130000,19890,19890,19890,19890,3
20171004,140000,19849,19849,19849,19849,1
20171004,150000,19913,19913,19913,19913,1
20171004,160000,19944,19963,19904,19904,30
20171004,170000,19890,19906,19890,19900,16
20171004,180000,19865,19901,19865,19900,14
20171004,190000,19928,19928,19928,19928,1
20171004,200000,19960,19964,19942,19942,14
20171004,230000,19969,19969,19969,19969,11
20171005,100000,19931,19931,19738,19738,88
20171005,110000,19730,19762,19720,19762,12
20171005,120000,19803,19820,19730,19730,7
20171005,130000,19737,19739,19628,19628,93
20171005,140000,19670,19696,19650,19696,4
20171005,150000,19726,19817,19726,19815,10
20171005,160000,19820,19895,19820,19849,73
20171005,170000,19891,20018,19852,19998,124
20171005,180000,19995,20082,19995,20082,65
20171005,190000,20090,20162,20090,20141,60
20171005,200000,20133,20202,20121,20150,31
20171005,210000,20140,20150,20109,20150,10
20171005,220000,20140,20145,20140,20144,13
20171005,230000,20148,20179,20148,20175,5
20171006,100000,20195,20280,20100,20280,86
20171006,110000,20290,20328,20242,20242,27
20171006,120000,20305,20311,20201,20220,18
20171006,130000,20250,20266,20250,20254,6
20171006,140000,20239,20239,20239,20239,21
20171006,150000,20239,20239,20234,20234,26
20171006,160000,20201,20277,20167,20190,71
20171006,170000,20180,20180,20090,20090,80
20171006,180000,20085,20117,20080,20080,10
20171006,190000,20051,20060,20045,20045,41
20171006,200000,20061,20071,20061,20071,4
20171006,220000,20125,20128,20125,20128,4
20171009,100000,20130,20130,20044,20044,12
20171009,110000,20030,20035,19970,19970,536
20171009,120000,20015,20015,19958,19958,9
20171009,150000,19997,19997,19997,19997,1
20171009,160000,20006,20006,20006,20006,1
20171009,170000,20040,20108,20040,20108,21
20171009,180000,20115,20121,20090,20096,10
20171010,100000,20050,20097,20014,20014,8
20171010,110000,20014,20014,20001,20001,5
20171010,120000,20048,20068,20029,20068,14
20171010,130000,20059,20059,20059,20059,1
20171010,140000,20027,20027,20014,20014,6
20171010,150000,20048,20095,20048,20058,14
20171010,160000,20095,20130,20095,20130,12
20171010,170000,20059,20059,20014,20048,21
20171010,230000,20020,20047,20020,20047,2
20171011,100000,20075,20249,20075,20195,92
20171011,110000,20175,20296,20175,20283,80
20171011,120000,20299,20300,20198,20225,44
20171011,130000,20200,20230,20181,20181,6
20171011,140000,20193,20265,20193,20245,67
20171011,150000,20258,20276,20241,20249,8
20171011,160000,20248,20270,20248,20270,3
20171011,170000,20260,20355,20260,20355,46
20171011,180000,20358,20358,20267,20267,24
20171011,190000,20220,20241,20220,20241,25
20171011,200000,20256,20256,20250,20250,2
20171011,210000,20250,20250,20246,20246,15
20171011,230000,20220,20220,20205,20205,7
20171012,100000,20246,20321,20246,20310,41
20171012,110000,20260,20270,20231,20231,19
20171012,120000,20257,20319,20240,20319,15
20171012,130000,20310,20310,20244,20244,17
20171012,140000,20278,20278,20237,20237,16
20171012,150000,20217,20263,20210,20263,9
20171012,160000,20222,20222,20185,20185,32
20171012,170000,20180,20222,20151,20222,10
20171012,180000,20229,20250,20175,20175,68
20171012,190000,20250,20252,20201,20201,17
20171013,100000,20245,20245,20245,20245,17
20171013,110000,20237,20300,20237,20295,22
20171013,120000,20341,20383,20335,20350,145
20171013,130000,20350,20360,20337,20339,19
20171013,140000,20254,20347,20254,20339,4
20171013,150000,20318,20318,20318,20318,50
20171013,160000,20354,20354,20270,20278,12
20171013,170000,20314,20314,20297,20297,5
20171013,180000,20277,20277,20277,20277,1
20171013,190000,20283,20283,20283,20283,5
20171013,230000,20314,20314,20314,20314,1
20171016,100000,20375,20490,20298,20405,100
20171016,110000,20445,20445,20373,20373,21
20171016,120000,20351,20409,20317,20409,10
20171016,140000,20445,20481,20438,20438,7
20171016,150000,20437,20437,20428,20428,113
20171016,160000,20428,20470,20428,20428,168
20171016,170000,20428,20445,20409,20433,274
20171016,180000,20451,20474,20418,20418,9
20171016,190000,20417,20417,20417,20417,44
20171016,200000,20467,20467,20424,20433,59
20171016,210000,20450,20450,20445,20445,4
20171016,220000,20458,20458,20458,20458,3
20171017,100000,20409,20425,20350,20350,67
20171017,110000,20337,20380,20337,20380,26
20171017,120000,20373,20377,20337,20337,8
20171017,130000,20327,20327,20303,20303,21
20171017,140000,20373,20458,20373,20458,26
20171017,150000,20464,20473,20445,20445,8
20171017,160000,20409,20409,20337,20389,6
20171017,170000,20337,20373,20301,20304,13
20171017,180000,20337,20373,20337,20346,9
20171017,190000,20337,20337,20301,20303,6
20171017,200000,20337,20337,20337,20337,1
20171017,220000,20375,20385,20360,20360,12
20171017,230000,20365,20380,20365,20380,20
20171018,100000,20403,20431,20372,20373,143
20171018,110000,20337,20337,20251,20251,66
20171018,120000,20253,20262,20193,20220,28
20171018,130000,20220,20220,20066,20066,57
20171018,140000,20121,20279,20121,20229,31
20171018,150000,20242,20280,20193,20265,43
20171018,160000,20250,20251,20193,20236,35
20171018,170000,20265,20301,20265,20301,12
20171018,180000,20265,20265,20158,20158,4
20171018,190000,20240,20240,20240,20240,1
20171018,220000,20229,20229,20229,20229,1
20171019,100000,20157,20201,20022,20022,29
20171019,110000,20014,20080,19968,20024,86
20171019,120000,20013,20013,19925,19977,40
20171019,130000,19995,20037,19995,20002,10
20171019,140000,20001,20001,19941,19941,9
20171019,150000,19964,19977,19956,19977,5
20171019,160000,20013,20013,19869,19875,42
20171019,170000,19868,19868,19823,19868,41
20171019,180000,19888,19888,19860,19860,16
20171019,190000,19870,19873,19855,19855,15
20171019,200000,19880,19881,19872,19881,3
20171019,220000,19861,19865,19857,19865,19
20171019,230000,19881,19898,19880,19898,35
20171020,100000,19905,19988,19890,19937,166
20171020,110000,19950,19950,19920,19920,20
20171020,120000,19901,19923,19857,19923,20
20171020,130000,19908,19967,19905,19930,58
20171020,140000,19948,19975,19909,19959,75
20171020,150000,19960,19960,19939,19950,15
20171020,160000,19970,20026,19900,19900,573
20171020,170000,19925,19975,19925,19945,54
20171020,180000,19926,19928,19921,19921,10
20171020,190000,19914,19918,19887,19918,9
20171020,200000,19925,19946,19916,19916,3
20171023,100000,19950,19975,19912,19920,61
20171023,110000,19935,19935,19757,19757,48
20171023,120000,19760,19795,19714,19795,50
20171023,130000,19795,19825,19795,19825,10
20171023,140000,19850,19895,19850,19884,38
20171023,150000,19864,19864,19803,19810,49
20171023,160000,19840,19880,19775,19775,442
20171023,170000,19800,19850,19773,19850,33
20171023,180000,19853,19868,19807,19868,16
20171023,190000,19835,19835,19815,19815,11
20171023,200000,19827,19835,19827,19835,7
20171023,220000,19829,19829,19829,19829,1
20171023,230000,19809,19823,19775,19775,8
20171024,100000,19800,19829,19650,19650,215
20171024,110000,19648,19701,19648,19701,332
20171024,120000,19727,19790,19664,19790,30
20171024,130000,19795,19900,19795,19824,179
20171024,140000,19820,19830,19784,19784,25
20171024,150000,19825,19835,19730,19730,85
20171024,160000,19768,19827,19760,19775,119
20171024,170000,19800,19826,19800,19800,29
20171024,180000,19826,19900,19801,19875,55
20171024,190000,19900,19920,19898,19920,29
20171024,200000,19920,19928,19911,19920,24
20171024,210000,19936,19941,19936,19941,12
20171024,220000,19950,19950,19950,19950,11
20171024,230000,19970,19974,19970,19974,17
20171025,100000,19950,20046,19950,19985,249
20171025,110000,19967,20000,19888,19926,102
20171025,120000,19937,19972,19926,19972,31
20171025,130000,19969,19969,19969,19969,9
20171025,140000,19975,19982,19930,19930,11
20171025,150000,19923,19956,19906,19928,10
20171025,160000,19935,19993,19935,19993,38
20171025,170000,19973,20030,19973,20030,7
20171025,180000,19986,19986,19855,19857,72
20171025,190000,19850,19850,19800,19842,23
20171025,200000,19842,19842,19842,19842,1
20171025,210000,19850,19851,19850,19851,6
20171025,220000,19851,19858,19851,19858,2
20171026,100000,19864,19875,19678,19708,103
20171026,110000,19745,19775,19720,19750,53
20171026,120000,19725,19773,19725,19773,4
20171026,130000,19730,19813,19730,19802,29
20171026,140000,19825,19848,19825,19848,10
20171026,150000,19843,19910,19843,19910,37
20171026,160000,19910,19925,19875,19875,52
20171026,170000,19867,19873,19863,19871,22
20171026,180000,19895,19950,19875,19900,66
20171026,190000,19916,19928,19915,19928,11
20171026,200000,19941,19980,19941,19980,24
20171026,210000,19986,20008,19981,20008,34
20171026,220000,20015,20028,20015,20028,13
20171026,230000,20000,20000,20000,20000,3
20171027,100000,20000,20100,19975,20035,257
20171027,110000,20025,20072,19980,20025,41
20171027,120000,20030,20050,20019,20033,22
20171027,130000,20025,20025,19900,19900,112
20171027,140000,19931,19931,19917,19920,6
20171027,150000,19946,20026,19946,20026,44
20171027,160000,20000,20000,19933,19970,165
20171027,170000,19978,20128,19978,20128,141
20171027,180000,20137,20228,20137,20228,191
20171027,190000,20237,20246,20203,20230,26
20171027,200000,20213,20220,20208,20220,13
20171027,210000,20217,20224,20217,20222,7
20171027,220000,20234,20280,20234,20280,46
20171027,230000,20240,20257,20240,20257,15
20171030,100000,20205,20348,20180,20283,122
20171030,110000,20270,20348,20250,20295,93
20171030,120000,20280,20280,20250,20250,25
20171030,130000,20251,20274,20251,20274,5
20171030,140000,20292,20298,20280,20298,13
20171030,150000,20285,20285,20285,20285,1
20171030,160000,20235,20261,20221,20261,6
20171030,170000,20254,20258,20175,20175,95
20171030,180000,20164,20178,20118,20137,128
20171030,190000,20108,20152,20107,20152,16
20171030,200000,20158,20158,20153,20153,5
20171031,100000,20117,20132,20065,20083,71
20171031,110000,20150,20221,20150,20179,25
20171031,120000,20207,20207,20175,20177,3
20171031,130000,20160,20200,20150,20200,8
20171031,140000,20205,20205,20150,20150,10
20171031,150000,20145,20145,20127,20127,5
20171031,160000,20129,20129,20020,20070,69
20171031,170000,20022,20075,20000,20075,50
20171031,180000,20033,20033,20026,20026,3
20171031,190000,19990,20020,19990,20020,55
20171031,200000,20056,20056,20056,20056,5
20171031,210000,20068,20068,20067,20067,20
20171031,220000,20043,20043,20038,20038,5
20171031,230000,20025,20025,20020,20020,7
20171101,100000,20050,20120,20050,20107,42
20171101,110000,20120,20290,20117,20200,122
20171101,120000,20200,20225,20200,20207,34
20171101,130000,20255,20290,20227,20227,35
20171101,140000,20225,20236,20199,20199,70
20171101,150000,20225,20258,20206,20250,14
20171101,160000,20275,20275,20175,20185,17
20171101,170000,20200,20200,19993,19993,118
20171101,180000,19988,20025,19948,20000,328
20171101,190000,20000,20000,19980,19980,3
20171101,200000,19975,19975,19885,19885,23
20171101,210000,19925,19935,19925,19935,5
20171101,220000,19947,19947,19947,19947,5
20171101,230000,19907,19907,19900,19900,4
20171102,100000,19875,19917,19817,19861,54
20171102,110000,19875,20000,19875,20000,59
20171102,120000,19975,20073,19970,20025,47
20171102,130000,20025,20050,19989,20025,20
20171102,140000,20050,20075,19957,19970,77
20171102,150000,19965,19970,19945,19945,5
20171102,160000,19937,20050,19935,19975,20
20171102,170000,19962,19962,19900,19925,29
20171102,180000,19950,19991,19888,19935,56
20171102,190000,19958,19960,19936,19958,11
20171102,220000,19975,20005,19975,20005,18
20171102,230000,20005,20006,20005,20006,4
20171103,100000,20025,20050,19999,20025,38
20171103,110000,20050,20130,20026,20130,48
20171103,120000,20149,20150,20060,20069,37
20171103,130000,20080,20080,19925,19925,93
20171103,140000,19917,19936,19917,19936,3
20171103,150000,19925,20000,19925,19990,11
20171103,160000,20010,20010,19975,20000,16
20171103,170000,19975,19990,19950,19975,10
20171103,180000,19965,19995,19965,19978,9
20171103,190000,20010,20057,20010,20032,5
20171103,200000,20025,20050,20025,20028,7
20171103,210000,20061,20075,20060,20060,10
20171103,220000,20094,20100,20075,20075,10
20171103,230000,20052,20060,20052,20059,7
20171107,100000,20100,20275,20100,20275,86
20171107,110000,20298,20510,20298,20510,918
20171107,120000,20527,20699,20507,20555,1499
20171107,130000,20600,20653,20532,20608,660
20171107,140000,20620,20918,20599,20850,1119
20171107,150000,20870,21177,20870,21128,749
20171107,160000,21027,21190,21015,21150,494
20171107,170000,21135,21135,20856,21084,1462
20171107,180000,21069,21137,20945,21039,186
20171107,190000,21131,21200,21109,21109,356
20171107,200000,21115,21120,21092,21113,14
20171107,210000,21125,21155,21122,21131,19
20171107,220000,21115,21115,21100,21100,6
20171107,230000,21107,21107,21075,21075,6
20171108,100000,21007,21310,20951,21279,819
20171108,110000,21262,21537,21262,21537,4894
20171108,120000,21524,21548,21469,21528,251
20171108,130000,21540,21701,21540,21568,1380
20171108,140000,21582,21659,21532,21561,336
20171108,150000,21508,21583,21500,21500,78
20171108,160000,21500,21550,21496,21550,34
20171108,170000,21552,21555,21428,21484,78
20171108,180000,21470,21547,21470,21513,60
20171108,190000,21536,21606,21531,21590,118
20171108,200000,21585,21667,21585,21610,105
20171108,210000,21600,21620,21570,21620,72
20171108,220000,21575,21575,21575,21575,1
20171108,230000,21565,21590,21555,21555,13
20171109,100000,21550,21616,21479,21614,669
20171109,110000,21586,21750,21550,21575,378
20171109,120000,21600,21600,21520,21525,100
20171109,130000,21550,21570,21540,21567,70
20171109,140000,21575,21625,21547,21560,52
20171109,150000,21590,21625,21575,21625,21
20171109,160000,21622,21635,21603,21635,5
20171109,170000,21643,22404,21639,22370,2568
20171109,180000,22370,22645,22284,22574,1592
20171109,190000,22547,22720,22491,22639,319
20171109,200000,22649,22727,22643,22711,79
20171109,210000,22701,22738,22701,22718,94
20171109,220000,22709,22741,22709,22740,170
20171109,230000,22742,22749,22707,22707,179
20171110,100000,22705,23150,22550,23038,1773
20171110,110000,22997,23492,22915,22915,2078
20171110,120000,22915,23018,22534,22582,478
20171110,130000,22601,22650,22294,22555,680
20171110,140000,22490,22510,22350,22510,125
20171110,150000,22392,22570,22392,22550,86
20171110,160000,22549,22558,22230,22405,919
20171110,170000,22410,22420,22244,22277,351
20171110,180000,22266,22347,22225,22347,112
20171110,190000,22342,22342,22342,22342,1
20171110,200000,22333,22340,22333,22340,2
20171110,210000,22285,22340,22285,22313,250
20171110,220000,22334,22350,22324,22350,171
20171110,230000,22340,22350,22325,22350,23
20171113,100000,22291,22860,22150,22675,2604
20171113,110000,22723,22733,22490,22560,232
20171113,120000,22584,22614,22350,22356,136
20171113,130000,22330,22458,22257,22411,52
20171113,140000,22390,22390,22311,22360,23
20171113,150000,22366,22407,22257,22275,41
20171113,160000,22250,22286,22202,22254,106
20171113,170000,22300,22334,22208,22229,850
20171113,180000,22268,22289,22250,22256,59
20171113,190000,22289,22305,22235,22279,88
20171113,200000,22277,22299,22275,22275,17
20171113,210000,22286,22286,22286,22286,1
20171113,220000,22311,22325,22280,22280,97
20171113,230000,22300,22300,22285,22295,9
20171114,100000,22258,22399,22202,22399,1309
20171114,110000,22301,22689,22301,22612,499
20171114,120000,22643,22652,22506,22545,49
20171114,130000,22547,22650,22547,22557,79
20171114,140000,22627,22627,22500,22550,84
20171114,150000,22550,22598,22517,22598,22
20171114,160000,22589,22646,22579,22629,72
20171114,170000,22579,22604,22540,22604,25
20171114,180000,22600,22718,22600,22695,940
20171114,190000,22652,22750,22650,22741,185
20171114,200000,22758,22772,22708,22713,129
20171114,210000,22707,22720,22707,22720,4
20171114,220000,22718,22739,22703,22739,375
20171114,230000,22749,22762,22730,22735,63
20171115,100000,22758,23129,22600,22660,984
20171115,110000,22630,22936,22630,22817,100
20171115,120000,22717,22830,22699,22830,59
20171115,130000,22717,22879,22707,22836,36
20171115,140000,22854,22889,22806,22850,17
20171115,150000,22895,22909,22800,22808,121
20171115,160000,22790,23000,22790,23000,654
20171115,170000,23009,23151,22956,22969,210
20171115,180000,22973,23035,22925,23016,92
20171115,190000,23070,23131,23040,23072,55
20171115,200000,23073,23088,23066,23076,26
20171115,210000,23080,23103,23068,23068,63
20171115,220000,23036,23036,23011,23011,6
20171115,230000,23063,23095,23042,23056,19
20171116,100000,23100,23200,22975,23100,278
20171116,110000,23097,23097,22795,22819,140
20171116,120000,22777,22780,22300,22380,991
20171116,130000,22410,22590,22410,22565,439
20171116,140000,22542,22659,22482,22561,311
20171116,150000,22521,22600,22521,22574,82
20171116,160000,22648,22689,22607,22628,741
20171116,170000,22686,23029,22684,23000,1208
20171116,180000,23039,23169,22996,23160,822
20171116,190000,23138,23222,23130,23155,155
20171116,200000,23150,23218,23143,23180,67
20171116,210000,23161,23193,23147,23190,53
20171116,220000,23198,23220,23197,23209,124
20171116,230000,23219,23269,23219,23250,83
20171117,100000,23217,23217,22871,23151,1365
20171117,110000,23154,23209,23102,23200,1331
20171117,120000,23198,23200,23064,23123,530
20171117,130000,23150,23150,22984,23060,503
20171117,140000,23066,23101,23066,23070,60
20171117,150000,23017,23051,22997,23044,114
20171117,160000,23030,23133,23030,23050,83
20171117,170000,23040,23122,23014,23100,139
20171117,180000,23133,23133,23037,23037,81
20171117,190000,23055,23055,23050,23050,6
20171117,200000,23055,23062,23032,23060,27
20171117,210000,23040,23070,23040,23070,3
20171117,220000,23046,23046,23040,23045,6
20171117,230000,23058,23070,23033,23033,5
20171120,100000,23018,23018,22891,22999,195
20171120,110000,23000,23073,22888,22970,1471
20171120,120000,22940,22950,22903,22903,40
20171120,130000,22900,22964,22875,22933,77
20171120,140000,22934,23021,22934,22988,28
20171120,150000,22961,22961,22913,22913,11
20171120,160000,22930,22954,22920,22924,55
20171120,170000,22977,22978,22949,22950,75
20171120,180000,22947,22997,22947,22976,73
20171120,190000,22984,23024,22984,23024,36
20171120,200000,23009,23015,22978,22978,92
20171120,210000,22985,22986,22982,22986,22
20171120,220000,23009,23009,23009,23009,100
20171120,230000,22990,22990,22990,22990,1
20171121,100000,23026,23209,22917,23121,1273
20171121,110000,23080,23251,23075,23235,356
20171121,120000,23240,23543,23230,23423,2882
20171121,130000,23436,23669,23398,23560,1408
20171121,140000,23575,23722,23560,23619,3231
20171121,150000,23634,23744,23616,23720,912
20171121,160000,23730,23730,23618,23655,420
20171121,170000,23634,23800,23634,23681,1127
20171121,180000,23677,23677,23470,23589,244
20171121,190000,23565,23650,23565,23650,77
20171121,200000,23650,23665,23628,23638,13
20171121,210000,23638,23638,23616,23636,14
20171121,230000,23636,23636,23620,23620,30
20171122,100000,23715,23900,23639,23721,571
20171122,110000,23711,23737,23444,23559,286
20171122,120000,23573,23583,23375,23459,329
20171122,130000,23423,23545,23418,23434,150
20171122,140000,23437,23524,23435,23444,152
20171122,150000,23430,23465,23401,23445,35
20171122,160000,23498,23522,23415,23459,46
20171122,170000,23458,23598,23458,23495,107
20171122,180000,23500,23577,23468,23468,47
20171122,190000,23539,23540,23500,23500,16
20171122,200000,23493,23493,23490,23490,3
20171122,210000,23470,23510,23470,23510,11
20171122,220000,23510,23531,23491,23491,67
20171122,230000,23487,23487,23479,23479,6
20171123,100000,23575,23589,23241,23241,660
20171123,110000,23245,23375,23144,23276,2087
20171123,120000,23256,23330,23230,23230,62
20171123,130000,23221,23233,23118,23174,178
20171123,140000,23194,23215,23065,23070,245
20171123,150000,23088,23121,23051,23079,987
20171123,160000,23063,23135,23052,23056,240
20171123,170000,23106,23106,23030,23048,501
20171123,180000,23041,23118,23037,23068,73
20171123,190000,23075,23079,23060,23070,21
20171123,200000,23080,23085,23066,23066,5
20171123,220000,23080,23080,23080,23080,1
20171123,230000,23084,23085,23041,23041,13
20171124,100000,23031,23031,22718,22808,607
20171124,110000,22824,23200,22806,23200,1057
20171124,120000,23177,23192,23066,23133,532
20171124,130000,23116,23118,23002,23037,228
20171124,140000,23075,23256,23074,23191,503
20171124,150000,23191,23232,23190,23232,52
20171124,160000,23195,23286,23182,23272,460
20171124,170000,23260,23266,23210,23210,199
20171124,180000,23258,23258,23236,23258,60
20171124,190000,23301,23359,23267,23277,454
20171124,200000,23295,23295,23270,23270,9
20171124,220000,23270,23295,23270,23295,22
20171127,100000,23313,23375,23150,23223,1194
20171127,110000,23211,23211,23085,23085,147
20171127,120000,23095,23184,23070,23164,106
20171127,130000,23167,23167,23108,23110,131
20171127,140000,23088,23117,23087,23098,54
20171127,150000,23088,23094,23001,23046,286
20171127,160000,23040,23087,23030,23033,41
20171127,170000,23031,23120,22988,23061,164
20171127,180000,23029,23163,23025,23163,244
20171127,190000,23138,23166,23113,23125,15
20171127,200000,23132,23147,23123,23147,12
20171127,210000,23126,23126,23126,23126,3
20171127,220000,23170,23170,23170,23170,3
20171128,100000,23110,23110,22833,22977,689
20171128,110000,22979,23094,22950,23012,1203
20171128,120000,23027,23027,22962,22985,401
20171128,130000,22988,23059,22981,23011,208
20171128,140000,22994,23080,22987,23023,101
20171128,150000,23020,23120,23020,23077,189
20171128,160000,23129,23459,23129,23459,1230
20171128,170000,23461,23490,23384,23424,431
20171128,180000,23419,23489,23371,23489,125
20171128,190000,23500,23550,23470,23533,197
20171128,200000,23535,23594,23535,23555,55
20171128,210000,23555,23556,23470,23470,123
20171128,220000,23482,23525,23472,23509,44
20171128,230000,23494,23505,23494,23505,20
20171129,100000,23460,23659,23402,23568,1972
20171129,110000,23551,23600,23446,23504,528
20171129,120000,23461,23486,23339,23357,656
20171129,130000,23358,23437,23303,23328,262
20171129,140000,23313,23325,23200,23292,425
20171129,150000,23297,23433,23215,23215,723
20171129,160000,23220,23265,23205,23236,212
20171129,170000,23240,23389,23235,23351,165
20171129,180000,23304,23368,23249,23260,179
20171129,190000,23254,23282,23168,23200,150
20171129,200000,23183,23197,23131,23187,90
20171129,210000,23190,23195,23183,23195,7
20171129,220000,23200,23229,23198,23198,33
20171129,230000,23248,23248,23189,23197,24
20171130,100000,23248,23258,23150,23243,164
20171130,110000,23215,23350,23195,23274,173
20171130,120000,23280,23375,23269,23370,140
20171130,130000,23321,23321,23263,23272,30
20171130,140000,23270,23274,23210,23230,92
20171130,150000,23232,23232,23041,23045,394
20171130,160000,23041,23104,23013,23100,267
20171130,170000,23110,23113,22900,22912,741
20171130,180000,22900,22961,22750,22903,654
20171130,190000,22859,22975,22839,22940,320
20171130,200000,22937,22973,22917,22917,65
20171130,210000,22898,22898,22851,22882,51
20171130,220000,22879,22879,22879,22879,1
20171130,230000,22923,22932,22909,22932,21
20171201,100000,22892,23059,22880,22962,300
20171201,110000,22940,22940,22630,22734,840
20171201,120000,22734,22903,22581,22885,802
20171201,130000,22910,22976,22851,22894,1454
20171201,140000,22891,22941,22736,22837,317
20171201,150000,22829,22830,22665,22665,200
20171201,160000,22683,22772,22630,22640,226
20171201,170000,22644,22789,22644,22650,242
20171201,180000,22654,22682,22616,22658,209
20171201,190000,22640,22640,22453,22505,382
20171201,200000,22479,22552,22478,22525,31
20171201,210000,22531,22531,22461,22461,114
20171201,220000,22454,22494,22454,22494,14
20171201,230000,22497,22522,22497,22522,84
20171204,100000,22550,22750,22432,22528,1294
20171204,110000,22538,22660,22458,22622,1487
20171204,120000,22607,22892,22578,22892,674
20171204,130000,22897,22925,22790,22850,931
20171204,140000,22838,22929,22803,22885,163
20171204,150000,22920,22940,22828,22887,412
20171204,160000,22865,22925,22865,22900,191
20171204,170000,22900,23019,22873,22982,630
20171204,180000,22980,22982,22849,22895,175
20171204,190000,22901,22925,22881,22890,60
20171204,200000,22879,22887,22868,22887,10
20171204,210000,22887,22892,22854,22892,14
20171204,220000,22896,22897,22825,22830,125
20171204,230000,22832,22834,22808,22833,72
20171205,100000,22810,22883,22657,22834,1347
20171205,110000,22843,22868,22750,22810,134
20171205,120000,22748,22814,22717,22781,162
20171205,130000,22801,22801,22684,22708,444
20171205,140000,22692,22734,22653,22665,163
20171205,150000,22650,22757,22650,22732,150
20171205,160000,22686,22883,22680,22868,2256
20171205,170000,22870,22880,22795,22823,993
20171205,180000,22823,22850,22781,22838,590
20171205,190000,22849,22849,22790,22790,12
20171205,200000,22757,22807,22728,22807,81
20171205,210000,22773,22783,22773,22783,13
20171205,220000,22800,22800,22775,22775,7
20171205,230000,22764,22775,22750,22750,11
20171206,100000,22732,22732,22602,22665,541
20171206,110000,22699,22917,22656,22847,2052
20171206,120000,22846,22867,22808,22857,720
20171206,130000,22837,22887,22833,22843,94
20171206,140000,22824,22855,22795,22827,548
20171206,150000,22842,22891,22826,22840,1387
20171206,160000,22849,22885,22832,22838,131
20171206,170000,22878,22908,22850,22892,407
20171206,180000,22892,22933,22778,22810,3029
20171206,190000,22801,22801,22697,22703,95
20171206,200000,22710,22725,22710,22722,12
20171206,210000,22745,22760,22730,22760,54
20171206,220000,22751,22751,22731,22750,36
20171206,230000,22750,22750,22727,22740,71
20171207,100000,22743,22886,22740,22853,955
20171207,110000,22861,22880,22808,22880,925
20171207,120000,22880,22880,22750,22752,830
20171207,130000,22766,22791,22724,22738,368
20171207,140000,22734,22778,22654,22688,381
20171207,150000,22688,22688,22506,22537,2524
20171207,160000,22537,22740,22369,22387,3044
20171207,170000,22380,22474,22350,22380,1103
20171207,180000,22375,22467,22363,22422,342
20171207,190000,22410,22410,22333,22390,215
20171207,200000,22395,22406,22350,22391,140
20171207,210000,22410,22421,22393,22420,65
20171207,220000,22421,22422,22384,22399,51
20171207,230000,22399,22430,22395,22430,68
20171208,100000,22450,22625,22411,22621,1805
20171208,110000,22628,22722,22615,22640,2837
20171208,120000,22639,22685,22575,22654,1025
20171208,130000,22662,22697,22602,22658,258
20171208,140000,22634,22650,22573,22610,533
20171208,150000,22612,22642,22571,22617,333
20171208,160000,22624,22683,22535,22580,699
20171208,170000,22592,22678,22525,22583,1446
20171208,180000,22617,22617,22490,22525,1165
20171208,190000,22535,22574,22513,22574,90
20171208,200000,22577,22580,22536,22536,156
20171208,210000,22544,22575,22544,22575,26
20171208,220000,22571,22571,22544,22546,75
20171208,230000,22577,22600,22575,22600,92
20171211,100000,22608,22677,22550,22588,1236
20171211,110000,22598,22800,22593,22770,3452
20171211,120000,22769,22856,22760,22786,5374
20171211,130000,22803,22885,22798,22851,1517
20171211,140000,22855,22885,22809,22826,1286
20171211,150000,22822,22870,22772,22845,597
20171211,160000,22857,22870,22820,22853,568
20171211,170000,22844,22985,22804,22981,1536
20171211,180000,22987,23159,22952,23122,3471
20171211,190000,23139,23225,23128,23222,842
20171211,200000,23229,23250,23200,23228,496
20171211,210000,23218,23238,23188,23231,366
20171211,220000,23241,23248,23214,23220,149
20171211,230000,23215,23249,23211,23241,532
20171212,100000,23249,23444,23215,23248,4260
20171212,110000,23220,23263,23074,23084,2476
20171212,120000,23076,23172,23020,23160,974
20171212,130000,23164,23190,23081,23150,930
20171212,140000,23117,23160,23101,23130,1262
20171212,150000,23124,23224,23071,23142,3486
20171212,160000,23136,23196,23118,23160,1659
20171212,170000,23160,23224,23125,23170,1554
20171212,180000,23169,23185,23139,23185,656
20171212,190000,23200,23223,23148,23149,307
20171212,200000,23135,23194,23129,23161,157
20171212,210000,23150,23160,23125,23130,122
20171212,220000,23130,23136,23117,23130,443
20171212,230000,23136,23154,23111,23111,497
20171213,100000,23130,23260,23129,23198,2335
20171213,110000,23226,23226,23000,23049,3094
20171213,120000,23040,23208,22949,22952,3245
20171213,130000,22943,23043,22557,22658,7612
20171213,140000,22653,22700,22634,22676,1042
20171213,150000,22666,22680,22565,22584,6236
20171213,160000,22580,22678,22570,22596,1732
20171213,170000,22594,22610,22517,22543,1420
20171213,180000,22541,22734,22532,22714,1849
20171213,190000,22694,22717,22630,22660,388
20171213,200000,22667,22673,22642,22673,86
20171213,210000,22673,22727,22673,22721,473
20171213,220000,22721,22804,22710,22790,1447
20171213,230000,22783,22796,22765,22780,92
20171214,100000,22755,22844,22625,22833,4405
20171214,110000,22830,22835,22574,22723,5370
20171214,120000,22725,22828,22615,22828,2636
20171214,130000,22830,22895,22733,22882,3639
20171214,140000,22891,22950,22765,22823,3064
20171214,150000,22825,23124,22808,23114,4217
20171214,160000,23118,23244,23110,23139,4906
20171214,170000,23161,23233,23088,23233,4045
20171214,180000,23234,23395,23219,23390,7450
20171214,190000,23390,23441,23265,23341,1698
20171214,200000,23342,23374,23342,23363,477
20171214,210000,23363,23370,23319,23342,299
20171214,220000,23349,23374,23343,23343,398
20171214,230000,23342,23376,23306,23331,399
20171215,100000,23322,23414,23201,23207,6543
20171215,110000,23204,23239,23026,23166,11052
20171215,120000,23160,23184,23078,23090,1718
20171215,130000,23084,23267,23070,23215,5712
20171215,140000,23232,23237,23155,23164,2925
20171215,150000,23171,23196,23102,23189,2308
20171215,160000,23185,23185,23100,23120,8000
20171215,170000,23116,23126,23007,23111,5786
20171215,180000,23107,23180,23096,23180,6153
20171215,190000,23135,23145,23101,23106,328
20171215,200000,23138,23163,23123,23155,133
20171215,210000,23147,23154,23125,23154,77
20171215,220000,23150,23166,23135,23145,411
20171215,230000,23136,23149,23023,23023,225
20171218,100000,23056,23308,23056,23297,6553
20171218,110000,23296,23325,23217,23263,6973
20171218,120000,23264,23278,23145,23180,3656
20171218,130000,23187,23235,23122,23139,3372
20171218,140000,23135,23185,23081,23138,1981
20171218,150000,23137,23217,23089,23111,4322
20171218,160000,23106,23178,23082,23090,3653
20171218,170000,23090,23220,22982,23192,5942
20171218,180000,23196,23242,23149,23156,2752
20171218,190000,23165,23180,23122,23155,516
20171218,200000,23155,23180,23133,23159,346
20171218,210000,23148,23179,23147,23164,310
20171218,220000,23164,23168,23149,23155,94
20171218,230000,23154,23168,23120,23120,520
20171219,100000,23147,23249,23097,23192,12317
20171219,110000,23200,23208,22867,22930,21879
20171219,120000,22928,23046,22897,23000,12143
20171219,130000,22981,22985,22840,22847,4489
20171219,140000,22840,22892,22793,22850,7641
20171219,150000,22858,22960,22803,22940,8370
20171219,160000,22940,23009,22925,22992,6438
20171219,170000,22993,23020,22920,22971,7832
20171219,180000,22968,22986,22883,22883,3741
20171219,190000,22860,22930,22860,22885,3069
20171219,200000,22890,22900,22869,22898,1144
20171219,210000,22899,22907,22880,22884,1733
20171219,220000,22886,22900,22881,22892,891
20171219,230000,22897,22930,22889,22910,448
20171220,100000,22919,22942,22694,22795,21239
20171220,110000,22795,22928,22712,22830,23346
20171220,120000,22831,22937,22828,22849,16142
20171220,130000,22846,22920,22845,22885,14109
20171220,140000,22886,22966,22872,22935,10864
20171220,150000,22935,23017,22931,23002,19404
20171220,160000,22996,23095,22962,23047,24105
20171220,170000,23042,23075,23008,23066,10470
20171220,180000,23063,23105,23043,23070,8880
20171220,190000,23057,23104,23050,23086,4179
20171220,200000,23070,23089,23051,23060,1460
20171220,210000,23057,23087,23050,23074,1036
20171220,220000,23070,23087,23057,23066,1020
20171220,230000,23063,23070,23033,23053,2081
20171221,100000,23070,23169,23010,23078,45245
20171221,110000,23076,23078,22864,22868,60986
20171221,120000,22864,22959,22839,22865,47456
20171221,130000,22865,22873,22758,22771,47819
20171221,140000,22786,22898,22780,22834,33236
20171221,150000,22833,22880,22826,22869,19927
20171221,160000,22868,22907,22745,22799,34802
20171221,170000,22801,22858,22601,22619,53261
20171221,180000,22622,22751,22614,22706,22296
20171221,190000,22716,22755,22673,22755,7017
20171221,200000,22754,22830,22746,22788,10831
20171221,210000,22789,22798,22773,22792,1612
20171221,220000,22792,22825,22791,22794,2460
20171221,230000,22793,22805,22780,22798,1398
20171222,100000,22790,22822,22671,22712,30610
20171222,110000,22711,22851,22711,22839,32387
20171222,120000,22839,22873,22757,22764,30850
20171222,130000,22766,22777,22657,22720,26100
20171222,140000,22715,22739,22628,22687,17501
20171222,150000,22686,22720,22509,22554,45172
20171222,160000,22554,22660,22544,22638,15348
20171222,170000,22637,22642,22515,22557,29100
20171222,180000,22560,22591,22538,22557,10845
20171222,190000,22542,22628,22510,22571,11340
20171222,200000,22569,22620,22556,22603,3867
20171222,210000,22603,22625,22590,22599,2130
20171222,220000,22599,22605,22574,22595,2000
20171222,230000,22595,22649,22591,22604,4093
20171225,100000,22628,22712,22556,22675,42988
20171225,110000,22677,22725,22634,22697,22140
20171225,120000,22700,22703,22660,22700,16360
20171225,130000,22700,22702,22668,22688,21708
20171225,140000,22687,22785,22676,22784,17542
20171225,150000,22784,22790,22701,22709,16320
20171225,160000,22709,22806,22665,22795,36904
20171225,170000,22795,22818,22751,22762,14375
20171225,180000,22767,22781,22744,22774,6091
20171225,190000,22784,22800,22755,22761,1669
20171225,200000,22759,22765,22750,22754,503
20171225,210000,22752,22765,22752,22761,419
20171225,220000,22758,22762,22738,22745,656
20171225,230000,22740,22746,22721,22723,1818
20171226,100000,22733,22783,22537,22566,56285
20171226,110000,22564,22648,22555,22641,17704
20171226,120000,22637,22672,22551,22555,17254
20171226,130000,22554,22606,22520,22572,17702
20171226,140000,22575,22630,22563,22573,9267
20171226,150000,22569,22627,22547,22619,9958
20171226,160000,22618,22706,22602,22680,20795
20171226,170000,22680,22796,22678,22788,29789
20171226,180000,22791,22832,22767,22832,23007
20171226,190000,22782,23299,22782,22908,19393
20171226,200000,22908,22908,22870,22892,1700
20171226,210000,22889,22952,22881,22929,3809
20171226,220000,22928,22940,22910,22916,2340
20171226,230000,22923,22935,22875,22882,2879
20171227,100000,22874,22896,22712,22743,37385
20171227,110000,22741,22846,22741,22820,23326
20171227,120000,22820,22870,22774,22830,17510
20171227,130000,22837,22916,22820,22867,17938
20171227,140000,22866,22891,22796,22838,12313
20171227,150000,22843,22864,22763,22768,19883
20171227,160000,22775,23067,22761,23067,68577
20171227,170000,23067,23139,23001,23066,61083
20171227,180000,23072,23127,23057,23125,21071
20171227,190000,23129,23213,23127,23184,9826
20171227,200000,23186,23195,23145,23170,3692
20171227,210000,23170,23175,23131,23162,2884
20171227,220000,23155,23180,23150,23163,3376
20171227,230000,23162,23167,23110,23136,2802
20171228,100000,23111,23140,22912,22940,46589
20171228,110000,22941,22982,22855,22863,30735
20171228,120000,22863,22930,22830,22904,22629
20171228,130000,22904,22955,22867,22879,11325
20171228,140000,22885,22901,22790,22810,16706
20171228,150000,22810,22847,22751,22794,20605
20171228,160000,22799,22870,22730,22809,21393
20171228,170000,22810,22849,22706,22747,21948
20171228,180000,22753,22811,22662,22692,15091
20171228,190000,22720,22758,22720,22751,3399
20171228,200000,22752,22759,22736,22737,974
20171228,210000,22743,22750,22729,22735,492
20171228,220000,22737,22777,22737,22749,1396
20171228,230000,22749,22770,22747,22766,1043
20171229,100000,22770,22869,22684,22848,23460
20171229,110000,22845,22888,22794,22838,21068
20171229,120000,22835,22852,22805,22838,5980
20171229,130000,22842,22908,22810,22888,16286
20171229,140000,22865,22947,22839,22943,15877
20171229,150000,22947,22969,22893,22916,13430
20171229,160000,22915,22945,22906,22926,4561
20171229,170000,22925,23009,22923,22981,18557
20171229,180000,22984,22987,22715,22784,15131
20180103,100000,22850,23282,22850,23207,50063
20180103,110000,23208,23423,23202,23324,52869
20180103,120000,23325,23369,23261,23363,15837
20180103,130000,23364,23440,23322,23403,18991
20180103,140000,23413,23559,23413,23493,30819
20180103,150000,23494,23618,23456,23609,26719
20180103,160000,23608,23634,23513,23576,24791
20180103,170000,23577,23600,23489,23529,14897
20180103,180000,23535,23535,23429,23507,17978
20180103,190000,23501,23555,23501,23547,3635
20180103,200000,23534,23603,23523,23600,3665
20180103,210000,23599,23604,23550,23570,3444
20180103,220000,23570,23570,23516,23539,1628
20180103,230000,23537,23568,23509,23523,3066
20180104,100000,23535,23732,23430,23467,60201
20180104,110000,23467,23745,23446,23715,53323
20180104,120000,23716,23894,23708,23878,31172
20180104,130000,23881,24147,23833,24083,53123
20180104,140000,24090,24110,23958,23984,27701
20180104,150000,23984,24086,23970,24065,15950
20180104,160000,24062,24097,23913,24060,36290
20180104,170000,24060,24299,24020,24247,36480
20180104,180000,24255,24270,24126,24160,20013
20180104,190000,24185,24258,24185,24233,5804
20180104,200000,24235,24260,24201,24216,2427
20180104,210000,24214,24214,24176,24206,2083
20180104,220000,24207,24259,24181,24223,3236
20180104,230000,24216,24223,24150,24183,4368
20180105,100000,24183,24300,24012,24039,62267
20180105,110000,24042,24341,24039,24263,42960
20180105,120000,24257,24287,24151,24171,27050
20180105,130000,24170,24190,24074,24171,24407
20180105,140000,24155,24200,24111,24143,12119
20180105,150000,24138,24190,24079,24107,12658
20180105,160000,24106,24177,24098,24101,10879
20180105,170000,24104,24210,24028,24173,21090
20180105,180000,24173,24185,24121,24185,8015
20180105,190000,24189,24248,24175,24200,3528
20180105,200000,24199,24200,24178,24188,497
20180105,210000,24187,24200,24172,24189,1054
20180105,220000,24187,24228,24176,24219,1429
20180105,230000,24215,24285,24203,24219,2153
20180109,100000,24265,24324,24233,24310,54989
20180109,110000,24310,24626,24301,24574,96743
20180109,120000,24573,24717,24563,24683,34319
20180109,130000,24689,24700,24478,24544,29712
20180109,140000,24553,24592,24531,24553,13594
20180109,150000,24555,24566,24424,24457,27409
20180109,160000,24457,24498,24450,24470,9929
20180109,170000,24470,24472,24348,24354,28242
20180109,180000,24348,24377,24241,24286,34093
20180109,190000,24286,24357,24261,24340,7324
20180109,200000,24340,24354,24320,24335,1822
20180109,210000,24335,24355,24313,24346,1716
20180109,220000,24346,24365,24333,24353,1749
20180109,230000,24353,24385,24340,24375,3006
20180110,100000,24375,24448,24150,24226,61078
20180110,110000,24222,24230,24026,24044,54867
20180110,120000,24038,24311,24031,24280,43884
20180110,130000,24280,24329,24143,24181,30671
20180110,140000,24184,24265,24163,24178,14815
20180110,150000,24174,24193,24082,24135,16612
20180110,160000,24136,24163,24065,24100,17919
20180110,170000,24104,24148,24055,24071,19971
20180110,180000,24075,24161,24054,24121,19223
20180110,190000,24130,24134,24080,24117,4745
20180110,200000,24115,24141,24075,24083,2687
20180110,210000,24085,24128,24080,24112,1382
20180110,220000,24108,24124,24080,24102,1320
20180110,230000,24099,24104,24071,24071,1958
20180111,100000,24070,24139,23880,23978,63021
20180111,110000,23980,24086,23833,24062,60705
20180111,120000,24056,24280,24055,24258,59178
20180111,130000,24257,24385,24186,24304,33599
20180111,140000,24304,24347,24256,24347,16970
20180111,150000,24341,24404,24305,24338,28554
20180111,160000,24341,24347,24219,24306,35150
20180111,170000,24298,24301,24083,24230,59458
20180111,180000,24231,24248,24167,24167,15227
20180111,190000,24197,24230,24180,24228,4969
20180111,200000,24228,24230,24205,24205,1523
20180111,210000,24205,24217,24182,24210,1424
20180111,220000,24207,24207,24150,24189,2537
20180111,230000,24185,24207,24165,24167,1806
20180112,100000,24174,24198,24035,24058,34280
20180112,110000,24058,24150,24040,24125,27795
20180112,120000,24120,24214,24015,24030,43846
20180112,130000,24025,24107,23996,24066,26817
20180112,140000,24060,24070,23912,23967,28262
20180112,150000,23962,24080,23929,24064,20708
20180112,160000,24064,24159,24016,24021,25676
20180112,170000,24019,24115,23975,24082,25664
20180112,180000,24080,24098,24050,24098,9224
20180112,190000,24088,24088,24030,24045,3276
20180112,200000,24041,24096,24040,24074,2684
20180112,210000,24064,24097,24056,24089,2443
20180112,220000,24090,24135,24088,24131,2098
20180112,230000,24125,24215,24111,24215,3828
20180115,100000,24215,24428,24159,24329,61792
20180115,110000,24329,24408,24267,24290,33591
20180115,120000,24286,24346,24258,24295,21971
20180115,130000,24292,24320,24230,24265,18979
20180115,140000,24265,24316,24254,24300,9419
20180115,150000,24299,24325,24151,24173,27896
20180115,160000,24172,24280,24163,24268,14533
20180115,170000,24263,24278,24174,24190,14394
20180115,180000,24191,24226,24100,24145,15193
20180115,190000,24130,24179,24107,24126,4595
20180115,200000,24123,24157,24119,24155,2729
20180115,210000,24154,24157,24130,24130,1524
20180115,220000,24138,24198,24120,24175,2953
20180115,230000,24175,24179,24140,24149,784
20180116,100000,24159,24197,24112,24166,19124
20180116,110000,24164,24196,24073,24112,27112
20180116,120000,24110,24122,23897,23982,45631
20180116,130000,23982,24065,23971,24010,17689
20180116,140000,24010,24180,23957,24165,28025
20180116,150000,24161,24233,24147,24180,28965
20180116,160000,24184,24300,24164,24204,27351
20180116,170000,24198,24279,24162,24277,25416
20180116,180000,24278,24316,24172,24268,40502
20180116,190000,24240,24244,24175,24179,6181
20180116,200000,24185,24223,24173,24211,2829
20180116,210000,24211,24235,24200,24207,1574
20180116,220000,24206,24209,24123,24144,4253
20180116,230000,24146,24175,24125,24134,1953
20180117,100000,24152,24159,23971,24065,51288
20180117,110000,24065,24140,24043,24094,26357
20180117,120000,24101,24168,24054,24085,24820
20180117,130000,24080,24208,24075,24146,27128
20180117,140000,24150,24220,24142,24180,9690
20180117,150000,24178,24227,24146,24201,17516
20180117,160000,24197,24215,24134,24158,15356
20180117,170000,24158,24270,24115,24187,31619
20180117,180000,24187,24242,24160,24193,14653
20180117,190000,24211,24239,24166,24231,5829
20180117,200000,24229,24270,24208,24263,3442
20180117,210000,24265,24293,24239,24284,3978
20180117,220000,24281,24332,24275,24324,7666
20180117,230000,24329,24330,24249,24280,12408
20180118,100000,24310,24620,24290,24429,102719
20180118,110000,24430,24578,24335,24495,53676
20180118,120000,24502,24534,24381,24495,31144
20180118,130000,24495,24642,24486,24615,40964
20180118,140000,24617,24704,24557,24694,36516
20180118,150000,24694,24874,24674,24773,66983
20180118,160000,24773,24940,24742,24926,50099
20180118,170000,24929,24957,24859,24932,32905
20180118,180000,24932,24960,24794,24823,35355
20180118,190000,24833,24925,24810,24887,7790
20180118,200000,24889,24894,24875,24891,1620
20180118,210000,24892,24922,24871,24915,2374
20180118,220000,24914,24984,24903,24952,3974
20180118,230000,24950,25000,24934,24962,9794
20180119,100000,24954,24954,24646,24646,77658
20180119,110000,24646,24684,24465,24479,65395
20180119,120000,24474,24609,24469,24573,32000
20180119,130000,24572,24578,24429,24477,36476
20180119,140000,24472,24526,24441,24445,20488
20180119,150000,24444,24492,24374,24401,28211
20180119,160000,24403,24463,24345,24374,29922
20180119,170000,24379,24642,24361,24548,50125
20180119,180000,24555,24617,24495,24541,21211
20180119,190000,24559,24559,24465,24510,3102
20180119,200000,24506,24570,24499,24548,1963
20180119,210000,24549,24569,24512,24535,1660
20180119,220000,24531,24561,24530,24545,838
20180119,230000,24541,24568,24530,24549,2182
20180122,100000,24561,24710,24413,24689,62033
20180122,110000,24690,24762,24570,24608,36873
20180122,120000,24612,24706,24516,24560,25713
20180122,130000,24561,24585,24466,24547,18378
20180122,140000,24541,24587,24522,24565,12361
20180122,150000,24562,24567,24484,24501,11811
20180122,160000,24505,24546,24454,24523,16477
20180122,170000,24527,24674,24499,24665,26240
20180122,180000,24667,24687,24602,24640,11213
20180122,190000,24645,24800,24642,24737,15207
20180122,200000,24742,24748,24700,24727,3730
20180122,210000,24730,24742,24716,24730,1176
20180122,220000,24731,24785,24718,24771,2725
20180122,230000,24773,24774,24719,24747,6266
20180123,100000,24758,24907,24747,24902,52039
