20170920,230000,31405,31405,31405,31405,1
20170925,110000,30311,30311,30270,30271,64
20170925,120000,30205,30209,30199,30199,81
20170925,153000,30600,30600,30600,30600,10
20170925,203000,30798,30798,30798,30798,1
20170926,110000,31024,31205,31024,31205,27
20170927,100000,30810,30810,30810,30810,1
20170928,170000,31063,31063,31063,31063,1
20171002,103000,30788,30788,30788,30788,1
20171002,110000,30720,30720,30720,30720,5
20171002,113000,30685,30685,30685,30685,4
20171002,120000,30802,30802,30802,30802,3
20171002,160000,30750,30750,30730,30730,22
20171002,163000,30700,30700,30527,30527,4
20171002,220000,30530,30550,30530,30550,10
20171003,100000,30500,30525,30500,30525,28
20171003,133000,30593,30593,30585,30585,4
20171003,173000,30687,30687,30687,30687,2
20171004,223000,30450,30583,30450,30540,10
20171004,233000,30452,30520,30452,30520,8
20171009,130000,30687,30732,30687,30695,6
20171010,143000,30600,30600,30600,30600,1
20171010,173000,30673,30673,30673,30673,1
20171011,103000,30736,30750,30736,30750,2
20171011,110000,30800,30800,30800,30800,1
20171011,143000,30624,30624,30624,30624,1
20171012,123000,30617,30617,30617,30617,1
20171012,163000,30475,30475,30475,30475,1
20171012,190000,30600,30600,30600,30600,1
20171013,190000,30572,30572,30572,30572,1
20171016,110000,30320,30320,30320,30320,1
20171016,163000,30386,30386,30386,30386,3
20171016,173000,30386,30386,30386,30386,19
20171018,160000,30450,30450,30450,30450,1
20171019,190000,30000,30000,30000,30000,1
20171020,100000,30091,30150,30091,30150,13
20171024,153000,30280,30280,30280,30280,1
20171024,233000,30415,30415,30415,30415,1
20171025,100000,30275,30414,30275,30404,156
20171025,103000,30414,30471,30414,30464,30
20171025,170000,30371,30371,30371,30371,2
20171025,173000,30315,30315,30315,30315,2
20171026,103000,30150,30150,30099,30099,2
20171026,163000,30026,30026,30026,30026,2
20171027,100000,30300,30300,30300,30300,1
20171027,133000,30450,30514,30450,30514,2
20171027,153000,30580,30580,30580,30580,1
20171027,160000,30570,30570,30570,30570,8
20171027,163000,30503,30503,30503,30503,1
20171027,170000,30522,30522,30522,30522,2
20171027,173000,30509,30509,30509,30509,2
20171027,183000,30600,30750,30600,30750,3
20171030,103000,30600,30600,30600,30600,1
20171030,110000,30645,30645,30619,30619,40
20171030,113000,30750,30750,30750,30750,1
20171030,120000,30900,30900,30900,30900,1
20171030,143000,30980,30980,30980,30980,1
20171030,180000,30856,30856,30856,30856,5
20171030,183000,30856,30856,30750,30750,6
20171031,100000,30825,30920,30825,30920,31
20171031,110000,31000,31111,31000,31111,3
20171031,130000,31150,31220,31150,31220,2
20171031,163000,31244,31244,31244,31244,1
20171031,183000,31173,31173,31173,31173,1
20171101,100000,31292,31292,31292,31292,1
20171101,103000,31384,31384,31351,31351,27
20171101,110000,31450,31500,31450,31500,2
20171101,160000,31523,31600,31523,31600,2
20171101,173000,31510,31510,31510,31510,1
20171101,230000,31442,31442,31442,31442,1
20171102,183000,31600,31600,31600,31600,3
20171102,223000,31677,31677,31677,31677,1
20171103,100000,31772,31772,31750,31750,2
20171103,103000,31800,31800,31800,31800,1
20171103,110000,31900,31900,31900,31900,1
20171103,120000,32050,32050,32050,32050,1
20171103,153000,31850,31850,31850,31850,1
20171103,163000,32050,32050,32050,32050,1
20171103,180000,31850,31850,31850,31850,1
20171103,223000,31918,31918,31918,31918,3
20171107,100000,32050,32400,32050,32400,3
20171107,103000,32500,32600,32500,32600,16
20171107,110000,32620,32750,32620,32750,46
20171107,120000,33000,33098,33000,33098,21
20171107,140000,33200,33314,33200,33314,7
20171107,143000,33400,33400,33400,33400,1
20171107,153000,33640,33640,33640,33640,4
20171107,163000,33353,33353,33353,33353,1
20171107,170000,33382,33416,33382,33416,2
20171107,173000,33506,33506,33506,33506,1
20171107,233000,33356,33356,33356,33356,1
20171108,100000,33341,33600,33341,33600,16
20171108,103000,33700,33700,33700,33700,1
20171108,110000,33859,33859,33859,33859,1
20171108,173000,33700,33700,33700,33700,5
20171108,183000,33597,33635,33597,33635,10
20171109,103000,33400,33400,33100,33100,2
20171109,113000,33390,33400,33390,33400,2
20171109,120000,33380,33380,33380,33380,2
20171109,123000,33555,33555,33555,33555,2
20171109,143000,33490,33490,33490,33490,2
20171109,163000,33490,33490,33490,33490,2
20171110,100000,33589,33644,33589,33594,16
20171110,143000,33500,33500,33500,33500,1
20171110,170000,33700,34000,33700,33715,14
20171110,173000,33700,33700,33700,33700,1
20171110,203000,33659,33659,33659,33659,1
20171113,100000,33680,33743,33680,33743,6
20171113,103000,34000,34000,34000,34000,2
20171113,113000,34160,34160,34160,34160,1
20171113,123000,34000,34000,34000,34000,1
20171113,130000,33860,33860,33860,33860,1
20171113,133000,33700,33700,33700,33700,1
20171113,150000,33562,33562,33562,33562,56
20171113,153000,33562,33562,33562,33562,30
20171113,213000,33400,33400,33314,33314,2
20171114,103000,33341,33341,33341,33341,2
20171114,110000,33700,33700,33700,33700,1
20171114,130000,33547,33547,33465,33465,8
20171114,210000,33500,33500,33500,33500,2
20171115,100000,33400,33400,33400,33400,1
20171115,103000,33219,33219,33219,33219,10
20171115,110000,33100,33100,33100,33100,1
20171115,130000,32900,32900,32900,32900,1
20171115,150000,33041,33041,33041,33041,2
20171116,103000,33400,33400,33400,33400,1
20171116,133000,33306,33306,33306,33306,1
20171116,143000,33100,33100,33100,33100,1
20171116,153000,33100,33100,33100,33100,1
20171116,180000,33400,33400,33400,33400,1
20171116,200000,33100,33100,33100,33100,1
20171117,100000,33179,33341,33179,33341,4
20171117,180000,33222,33222,33222,33222,1
20171120,103000,33223,33223,33223,33223,1
20171120,110000,33242,33242,33160,33160,8
20171120,113000,33088,33088,33068,33068,3
20171120,123000,33068,33068,33068,33068,12
20171120,170000,32875,32875,32875,32875,1
20171120,180000,32800,32800,32800,32800,1
20171120,190000,32944,32944,32944,32944,1
20171120,213000,32733,32733,32733,32733,1
20171121,100000,32935,32935,32935,32935,1
20171121,103000,33011,33011,33000,33000,2
20171121,120000,33100,33100,33100,33100,1
20171121,133000,33204,33230,33204,33220,21
20171121,140000,33100,33100,33100,33100,1
20171121,153000,33195,33195,33195,33195,10
20171121,200000,33100,33100,33100,33100,1
20171121,203000,33100,33100,33100,33100,1
20171122,100000,33400,33400,33400,33400,2
20171122,180000,33633,33633,33633,33633,1
20171122,190000,33700,33700,33700,33700,1
20171122,220000,33760,33775,33760,33775,3
20171122,233000,33809,33809,33802,33802,8
20171123,120000,33700,33700,33700,33700,4
20171124,100000,33909,33909,33909,33909,14
20171124,110000,34100,34100,34100,34100,2
20171124,150000,33830,33830,33830,33830,1
20171124,160000,33830,33830,33830,33830,30
20171124,210000,33714,33714,33714,33714,1
20171127,100000,33850,33850,33832,33832,2
20171127,103000,33886,34000,33886,34000,31
20171127,150000,33700,33700,33683,33683,2
20171128,100000,33636,33636,33636,33636,2
20171128,110000,33400,33400,33400,33400,1
20171128,123000,33200,33200,33100,33112,23
20171128,130000,33048,33110,33048,33110,2
20171128,160000,33335,33365,33325,33325,9
20171128,203000,33416,33416,33416,33416,1
20171129,110000,33149,33149,33149,33149,1
20171129,113000,33032,33032,33000,33000,27
20171129,120000,32875,32947,32875,32900,4
20171129,123000,32803,32803,32803,32803,4
20171129,130000,32791,33441,32791,33385,12
20171129,133000,33145,33145,33145,33145,1
20171129,140000,33000,33028,33000,33028,2
20171129,143000,33108,33150,33108,33140,12
20171129,160000,33007,33041,33007,33041,3
20171129,163000,33001,33001,33001,33001,1
20171129,170000,33009,33009,33009,33009,1
20171129,190000,32990,32990,32990,32990,1
20171130,100000,32931,32931,32931,32931,2
20171130,110000,33074,33099,33074,33099,4
20171130,113000,33235,33235,33235,33235,1
20171130,120000,33250,33316,33250,33316,3
20171130,133000,33316,33316,33316,33316,1
20171130,150000,33335,33397,33335,33397,2
20171130,173000,33000,33013,33000,33009,3
20171130,180000,32928,32928,32928,32928,1
20171130,183000,32850,32850,32700,32750,4
20171130,190000,32750,32810,32750,32810,2
20171130,193000,32700,32700,32609,32609,4
20171201,100000,32800,32956,32800,32946,12
20171201,103000,32926,32926,32885,32915,101
20171201,120000,32931,33019,32931,32990,103
20171201,123000,33087,33087,32941,32941,134
20171201,133000,32997,32997,32997,32997,1
20171201,170000,33300,33300,33300,33300,1
20171201,173000,33188,33254,33188,33254,2
20171201,180000,33400,33400,33307,33307,3
20171201,183000,33333,33333,33305,33305,11
20171201,193000,33128,33128,33044,33044,4
20171201,223000,33142,33241,33142,33241,4
20171204,103000,33065,33065,33065,33065,1
20171204,110000,33220,33745,33220,33667,20
20171204,113000,33590,33800,33590,33800,15
20171204,120000,33775,33850,33775,33850,102
20171204,150000,33700,33700,33685,33685,119
20171204,153000,33700,33700,33700,33700,1
20171204,160000,33850,33850,33850,33850,10
20171204,180000,33850,33862,33831,33831,30
20171204,193000,33851,33851,33851,33851,1
20171204,200000,33852,33858,33850,33850,10
20171204,203000,33889,33900,33889,33900,11
20171204,213000,33789,33789,33789,33789,1
20171204,220000,33888,33888,33888,33888,1
20171205,100000,33888,33888,33888,33888,25
20171205,103000,33900,33903,33900,33903,4
20171205,110000,33854,33910,33854,33910,2
20171205,153000,33763,33763,33763,33763,1
20171205,170000,33950,33950,33950,33950,2
20171205,173000,33860,33860,33860,33860,4
20171205,180000,33961,34000,33961,34000,23
20171205,183000,33980,33980,33870,33870,7
20171205,203000,33967,33967,33967,33967,2
20171206,100000,33900,33900,33900,33900,10
20171206,110000,33900,33900,33900,33900,100
20171206,123000,33850,33850,33850,33850,1
20171206,130000,33823,33850,33823,33850,3
20171206,133000,33893,33909,33893,33909,4
20171206,140000,33987,34029,33987,34008,27
20171206,150000,33876,33876,33724,33724,27
20171206,183000,33810,33914,33810,33914,5
20171206,190000,33867,33870,33867,33870,3
20171206,200000,33760,33828,33760,33828,3
20171206,210000,33840,33840,33840,33840,1
20171207,100000,33848,33876,33848,33876,3
20171207,103000,33782,33824,33692,33823,200
20171207,110000,33823,33935,33781,33900,219
20171207,113000,33900,33900,33820,33820,2
20171207,120000,33892,33926,33833,33869,782
20171207,140000,33787,33823,33747,33809,14
20171207,143000,33805,33805,33805,33805,2
20171207,153000,33810,33810,33810,33810,2
20171207,170000,33710,33710,33710,33710,2
20171207,180000,33800,33800,33800,33800,2
20171207,183000,33701,33701,33701,33701,1
20171208,100000,33662,33662,33662,33662,2
20171208,110000,33817,33817,33817,33817,10
20171208,123000,33757,33757,33734,33734,2
20171208,160000,33734,33734,33677,33677,7
20171208,170000,33726,33792,33726,33792,40
20171208,173000,33815,33815,33815,33815,2
20171208,193000,33861,33862,33861,33862,2
20171208,200000,33896,33896,33896,33896,1
20171208,203000,33899,33899,33777,33777,3
20171211,100000,33900,34158,33900,34100,62
20171211,103000,34135,34319,34135,34280,115
20171211,110000,34280,34280,34167,34167,68
20171211,113000,34252,34252,34213,34233,12
20171211,120000,34214,34214,34205,34205,24
20171211,123000,34209,34209,34209,34209,1
20171211,130000,34280,34300,34280,34300,31
20171211,133000,34330,34330,34248,34258,51
20171211,153000,34185,34235,34185,34235,2
20171211,160000,34165,34168,34152,34152,3
20171211,170000,34100,34112,34100,34112,2
20171211,173000,34195,34220,34186,34220,9
20171211,180000,34250,34250,34200,34249,10
20171211,183000,34220,34220,34220,34220,1
20171211,190000,34316,34316,34250,34250,2
20171211,213000,34320,34320,34320,34320,1
20171211,220000,34321,34340,34321,34340,3
20171212,100000,34340,34500,34340,34400,27
20171212,103000,34410,34410,34410,34410,1
20171212,110000,34410,34410,34346,34396,16
20171212,123000,34234,34234,34234,34234,2
20171212,133000,34350,34350,34301,34339,10
20171212,143000,34401,34401,34401,34401,10
20171212,150000,34298,34298,34298,34298,2
20171212,153000,34269,34269,34269,34269,2
20171212,160000,34415,34415,34350,34392,10
20171212,163000,34469,34469,34427,34427,4
20171212,170000,34487,34487,34487,34487,1
20171212,173000,34438,34500,34438,34500,12
20171212,180000,34484,34484,34402,34402,11
20171212,183000,34527,34599,34527,34599,2
20171212,193000,34500,34599,34500,34599,2
20171212,200000,34500,34500,34500,34500,1
20171212,203000,34572,34572,34572,34572,2
20171212,210000,34578,34578,34578,34578,5
20171212,213000,34471,34471,34239,34384,155
20171212,220000,34451,34451,34404,34404,30
20171212,223000,34394,34430,34394,34420,6
20171212,230000,34441,34474,34441,34474,32
20171213,100000,34565,34569,34488,34488,5
20171213,103000,34582,34800,34477,34550,43
20171213,110000,34421,34518,34421,34492,112
20171213,113000,34501,34501,34501,34501,4
20171213,120000,34500,34583,34500,34555,418
20171213,123000,34571,34571,34571,34571,2
20171213,130000,34553,34553,34520,34520,74
20171213,140000,34450,34450,34431,34450,62
20171213,143000,34448,34448,34392,34392,3
20171213,150000,34419,34490,34419,34451,6
20171213,153000,34467,34484,34418,34418,17
20171213,160000,34450,34450,34407,34407,80
20171213,163000,34407,34429,34407,34426,5
20171213,170000,34411,34438,34411,34429,10
20171213,173000,34369,34369,34365,34365,10
20171213,180000,34398,34461,34362,34362,9
20171213,183000,34462,34515,34462,34515,13
20171213,213000,34543,34543,34478,34478,2
20171213,223000,34500,34500,34500,34500,6
20171213,230000,34486,34486,34486,34486,10
20171214,100000,34500,34500,34401,34401,45
20171214,103000,34400,34400,34343,34370,4
20171214,110000,34371,34372,34265,34331,26
20171214,113000,34248,34248,34248,34248,1
20171214,120000,34302,34302,34215,34235,24
20171214,123000,34237,34237,34237,34237,1
20171214,130000,34221,34221,34221,34221,1
20171214,133000,34222,34222,34222,34222,1
20171214,140000,34270,34278,34230,34278,8
20171214,143000,34228,34228,34200,34200,19
20171214,150000,34200,34237,33942,34237,19
20171214,153000,34290,34327,34093,34316,56
20171214,160000,34322,34367,34292,34292,97
20171214,163000,34278,34278,34227,34227,9
20171214,170000,34264,34264,34249,34249,17
20171214,173000,34299,34300,34250,34263,27
20171214,180000,34300,34389,34247,34389,17
20171214,183000,34396,34396,34375,34380,8
20171214,200000,34303,34325,34303,34303,12
20171214,210000,34298,34298,34298,34298,10
20171215,100000,34358,34393,34312,34393,25
20171215,110000,34330,34350,34330,34350,2
20171215,113000,34335,34345,34335,34344,33
20171215,123000,34318,34325,34318,34325,2
20171215,130000,34350,34350,34350,34350,1
20171215,133000,34422,34442,34387,34387,91
20171215,140000,34336,34355,34336,34355,6
20171215,143000,34383,34387,34383,34387,83
20171215,153000,34385,34385,34385,34385,1
20171215,163000,34375,34375,34375,34375,3
20171215,170000,34372,34372,34302,34302,107
20171215,173000,34302,34302,34048,34048,36
20171215,180000,34005,34047,33985,33999,93
20171215,183000,33975,33975,33895,33942,26
20171215,190000,34007,34007,33998,34000,6
20171215,193000,33981,34020,33981,34020,6
20171215,203000,34020,34020,34020,34020,2
20171215,210000,33982,33982,33982,33982,8
20171215,213000,34020,34025,34020,34025,3
20171215,220000,34001,34001,34001,34001,1
20171215,223000,34010,34010,34010,34010,2
20171218,100000,34025,34300,34025,34300,113
20171218,103000,34359,34359,34249,34256,58
20171218,110000,34233,34353,34172,34223,210
20171218,113000,34199,34199,34147,34151,17
20171218,120000,34145,34163,34125,34134,15
20171218,123000,34113,34125,34090,34113,16
20171218,130000,34090,34090,34090,34090,4
20171218,133000,34086,34086,34086,34086,2
20171218,140000,34081,34081,33970,33991,53
20171218,143000,33994,34018,33966,33990,41
20171218,150000,34035,34036,34007,34030,12
20171218,153000,33994,33999,33880,33880,88
20171218,160000,33850,33859,33800,33854,42
20171218,163000,33870,33870,33755,33755,2
20171218,170000,33700,33701,33570,33570,102
20171218,173000,33590,33800,33590,33800,53
20171218,180000,33839,33922,33821,33894,29
20171218,183000,33816,33848,33764,33848,38
20171218,190000,33779,33798,33779,33798,2
20171218,203000,33825,33850,33825,33849,7
20171218,210000,33850,33850,33850,33850,12
20171218,213000,33855,33875,33855,33857,21
20171218,220000,33857,33888,33857,33888,3
20171218,233000,33856,33856,33856,33856,1
20171219,100000,33850,34060,33850,33978,189
20171219,103000,33961,33982,33937,33955,41
20171219,110000,33935,33962,33746,33747,146
20171219,113000,33759,33942,33759,33924,76
20171219,120000,33921,33925,33860,33860,54
20171219,123000,33885,33889,33786,33786,114
20171219,130000,33769,33769,33704,33724,22
20171219,133000,33732,33784,33732,33784,15
20171219,140000,33781,33800,33772,33784,48
20171219,143000,33790,33790,33700,33700,30
20171219,150000,33751,33751,33628,33681,36
20171219,153000,33780,33780,33775,33775,27
20171219,160000,33770,33858,33770,33830,27
20171219,163000,33839,33895,33792,33880,42
20171219,170000,33850,33900,33841,33900,115
20171219,173000,33900,33917,33864,33903,27
20171219,180000,33924,34058,33924,34058,133
20171219,183000,34060,34090,34041,34090,74
20171219,190000,33916,33916,33796,33900,7
20171219,193000,33945,33945,33945,33945,1
20171219,200000,33948,33973,33900,33900,26
20171219,203000,33899,33899,33858,33899,5
20171219,210000,33874,33874,33874,33874,2
20171219,213000,33898,33898,33898,33898,1
20171219,220000,33898,33898,33897,33897,3
20171219,223000,33897,33900,33897,33900,9
20171219,233000,33905,33949,33905,33949,4
20171220,100000,33892,33956,33804,33890,208
20171220,103000,33929,34050,33929,33990,123
20171220,110000,33985,34014,33850,33883,182
20171220,113000,33860,33860,33747,33800,171
20171220,120000,33788,33856,33720,33751,241
20171220,123000,33755,33784,33748,33784,74
20171220,130000,33789,33790,33749,33754,74
20171220,133000,33775,33896,33758,33896,513
20171220,140000,33820,33855,33820,33828,24
20171220,143000,33867,33875,33848,33864,48
20171220,150000,33865,33871,33820,33827,25
20171220,153000,33820,33861,33818,33855,213
20171220,160000,33828,33853,33816,33830,89
20171220,163000,33830,33845,33748,33748,213
20171220,170000,33759,33810,33705,33810,218
20171220,173000,33810,33823,33749,33770,197
20171220,180000,33752,33782,33735,33782,81
20171220,183000,33780,33787,33745,33772,64
20171220,190000,33773,33773,33758,33772,33
20171220,193000,33783,33793,33770,33784,52
20171220,200000,33782,33784,33775,33778,13
20171220,203000,33776,33786,33764,33786,12
20171220,210000,33771,33771,33769,33769,15
20171220,213000,33769,33784,33769,33784,3
20171220,220000,33791,33791,33765,33772,10
20171220,223000,33789,33789,33782,33782,3
20171220,230000,33767,33767,33765,33765,2
20171220,233000,33786,33786,33786,33786,1
20171221,100000,33741,33788,33631,33762,735
20171221,103000,33755,33762,33720,33746,984
20171221,110000,33751,33751,33544,33545,1069
20171221,113000,33545,33634,33545,33599,848
20171221,120000,33593,33631,33593,33619,394
20171221,123000,33612,33613,33569,33584,296
20171221,130000,33578,33578,33503,33518,241
20171221,133000,33537,33550,33471,33493,573
20171221,140000,33512,33589,33498,33538,752
20171221,143000,33552,33616,33547,33588,603
20171221,150000,33583,33583,33500,33517,567
20171221,153000,33500,33587,33475,33550,571
20171221,160000,33550,33719,33550,33715,1309
20171221,163000,33720,33723,33661,33661,328
20171221,170000,33660,33712,33643,33703,456
20171221,173000,33694,33790,33692,33777,2976
20171221,180000,33794,33823,33786,33793,209
20171221,183000,33780,33870,33779,33824,308
20171221,190000,33804,33890,33764,33890,157
20171221,193000,33826,33832,33826,33832,3
20171221,200000,33865,33902,33865,33902,289
20171221,203000,33875,33900,33875,33890,18
20171221,210000,33900,33900,33881,33890,14
20171221,213000,33886,33892,33886,33892,6
20171221,220000,33889,33903,33889,33890,40
20171221,223000,33891,33891,33877,33878,75
20171221,230000,33885,33894,33885,33892,17
20171221,233000,33892,33892,33880,33880,16
20171222,100000,33877,33943,33788,33849,610
20171222,103000,33858,33989,33858,33936,393
20171222,110000,33938,34062,33913,34047,543
20171222,113000,34061,34157,34049,34120,715
20171222,120000,34107,34121,34050,34083,699
20171222,123000,34097,34121,34000,34021,2557
20171222,130000,34028,34095,34028,34062,612
20171222,133000,34059,34071,34008,34012,258
20171222,140000,34006,34006,33833,33834,784
20171222,143000,33850,33957,33828,33946,354
20171222,150000,33944,33951,33833,33848,844
20171222,153000,33841,33877,33791,33814,546
20171222,160000,33797,33845,33795,33843,127
20171222,163000,33857,33857,33839,33853,64
20171222,170000,33852,33871,33772,33772,381
20171222,173000,33781,33823,33765,33823,148
20171222,180000,33819,33842,33802,33837,257
20171222,183000,33837,33900,33802,33900,437
20171222,190000,33900,34041,33879,34041,258
20171222,193000,34030,34060,34012,34015,87
20171222,200000,34034,34038,34020,34034,31
20171222,203000,34024,34041,34024,34040,14
20171222,210000,34041,34410,34041,34187,550
20171222,213000,34187,34195,34127,34129,233
20171222,220000,34125,34125,34065,34065,216
20171222,223000,34065,34090,34060,34090,85
20171222,230000,34093,34100,34073,34100,91
20171222,233000,34118,34118,34076,34101,76
20171225,100000,34062,34147,33964,33980,559
20171225,103000,33978,33983,33921,33962,600
20171225,110000,33961,33970,33956,33956,758
20171225,113000,33960,33963,33956,33957,187
20171225,120000,33956,33963,33956,33963,17
20171225,123000,33956,33963,33956,33956,58
20171225,130000,33956,33965,33909,33913,648
20171225,133000,33914,33920,33910,33915,31
20171225,140000,33923,33930,33913,33920,24
20171225,143000,33920,33937,33901,33910,425
20171225,150000,33905,33905,33810,33810,171
20171225,153000,33809,33853,33809,33827,71
20171225,160000,33826,33837,33805,33822,211
20171225,163000,33820,33836,33803,33826,135
20171225,170000,33820,33832,33806,33806,150
20171225,173000,33807,33828,33803,33828,43
20171225,180000,33803,33817,33803,33809,112
20171225,183000,33817,33831,33792,33809,136
20171225,190000,33825,33834,33812,33832,27
20171225,193000,33833,33833,33805,33809,87
20171225,200000,33809,33809,33809,33809,9
20171225,203000,33809,33819,33809,33811,19
20171225,210000,33810,33810,33810,33810,3
20171225,213000,33808,33817,33808,33812,13
20171225,220000,33820,33820,33820,33820,1
20171225,223000,33819,33826,33812,33826,3
20171225,230000,33832,33841,33832,33834,25
20171225,233000,33826,33844,33826,33826,17
20171226,100000,33812,33821,33548,33628,1356
20171226,103000,33644,33725,33555,33565,173
20171226,110000,33571,33673,33563,33653,106
20171226,113000,33653,33655,33602,33655,81
20171226,120000,33663,33673,33646,33652,84
20171226,123000,33652,33652,33562,33570,166
20171226,130000,33565,33565,33504,33532,63
20171226,133000,33525,33535,33420,33485,512
20171226,140000,33496,33557,33496,33557,88
20171226,143000,33552,33552,33531,33536,38
20171226,150000,33523,33544,33497,33525,106
20171226,153000,33526,33529,33483,33504,166
20171226,160000,33495,33523,33477,33523,91
20171226,163000,33525,33595,33525,33560,98
20171226,170000,33565,33633,33565,33626,190
20171226,173000,33627,33635,33575,33598,288
20171226,180000,33596,33596,33484,33538,858
20171226,183000,33531,33547,33489,33513,209
20171226,190000,33550,33634,33540,33594,228
20171226,193000,33594,33759,33582,33669,326
20171226,200000,33678,33738,33634,33701,333
20171226,203000,33727,33727,33665,33702,144
20171226,210000,33700,33710,33672,33672,48
20171226,213000,33686,33691,33686,33691,7
20171226,220000,33691,33694,33680,33680,63
20171226,223000,33681,33682,33658,33664,60
20171226,230000,33674,33674,33665,33665,11
20171226,233000,33660,33671,33615,33671,129
20171227,100000,33630,33636,33524,33612,402
20171227,103000,33554,33570,33534,33544,115
20171227,110000,33540,33629,33533,33612,616
20171227,113000,33610,33715,33606,33664,212
20171227,120000,33661,33664,33607,33612,242
20171227,123000,33617,33702,33607,33684,898
20171227,130000,33679,33694,33645,33671,311
20171227,133000,33672,33676,33646,33652,157
20171227,140000,33648,33653,33580,33596,79
20171227,143000,33589,33600,33555,33583,288
20171227,150000,33582,33636,33543,33565,978
20171227,153000,33575,33599,33565,33588,159
20171227,160000,33590,33635,33510,33513,733
20171227,163000,33517,33551,33468,33480,285
20171227,170000,33474,33510,33442,33510,2073
20171227,173000,33509,33509,33416,33444,573
20171227,180000,33456,33460,33382,33410,876
20171227,183000,33415,33425,33290,33345,442
20171227,190000,33380,33451,33351,33388,221
20171227,193000,33389,33405,33378,33378,39
20171227,200000,33378,33397,33357,33389,14
20171227,203000,33395,33396,33384,33396,10
20171227,210000,33399,33400,33378,33378,30
20171227,213000,33392,33392,33371,33371,5
20171227,220000,33383,33400,33372,33380,166
20171227,223000,33379,33380,33376,33379,39
20171227,230000,33372,33378,33370,33378,5
20171227,233000,33374,33376,33361,33364,22
20171228,100000,33373,33423,33201,33295,623
20171228,103000,33303,33324,33284,33293,181
20171228,110000,33304,33323,33177,33227,481
20171228,113000,33217,33333,33217,33313,561
20171228,120000,33319,33335,33266,33327,171
20171228,123000,33330,33363,33284,33356,190
20171228,130000,33352,33415,33352,33410,243
20171228,133000,33422,33425,33400,33400,244
20171228,140000,33412,33465,33356,33356,385
20171228,143000,33354,33408,33304,33306,639
20171228,150000,33325,33337,33189,33321,372
20171228,153000,33313,33341,33245,33326,182
20171228,160000,33322,33353,33307,33307,164
20171228,163000,33325,33371,33325,33340,393
20171228,170000,33349,33360,33329,33351,379
20171228,173000,33356,33453,33351,33453,659
20171228,180000,33455,33637,33425,33609,479
20171228,183000,33596,33626,33538,33589,147
20171228,190000,33484,33601,33484,33590,77
20171228,193000,33605,33607,33573,33607,15
20171228,200000,33571,33619,33555,33619,40
20171228,203000,33575,33580,33551,33551,21
20171228,213000,33587,33587,33551,33558,6
20171228,220000,33552,33585,33551,33563,35
20171228,223000,33591,33610,33541,33541,71
20171228,230000,33541,33639,33531,33544,38
20171228,233000,33560,33560,33511,33511,29
20171229,100000,33584,33669,33511,33655,390
20171229,103000,33655,33714,33650,33710,325
20171229,110000,33728,33728,33355,33441,765
20171229,113000,33446,33619,33446,33495,292
20171229,120000,33488,33649,33471,33635,285
20171229,123000,33617,33697,33611,33611,216
20171229,130000,33650,33728,33619,33639,317
20171229,133000,33655,33781,33652,33736,337
20171229,140000,33758,33807,33751,33767,276
20171229,143000,33780,33803,33769,33774,165
20171229,150000,33774,33823,33760,33808,330
20171229,153000,33790,33790,33618,33678,373
20171229,160000,33690,33703,33657,33670,49
20171229,163000,33678,33700,33645,33694,222
20171229,170000,33680,33792,33679,33724,265
20171229,173000,33714,33821,33678,33678,127
20171229,180000,33686,33717,33612,33647,131
20171229,183000,33664,33855,33652,33850,248
20180103,100000,33865,34184,33864,34105,1017
20180103,103000,34105,34261,34105,34223,474
20180103,110000,34242,34600,34242,34433,1788
20180103,113000,34433,34691,34391,34610,1773
20180103,120000,34610,34632,34498,34567,202
20180103,123000,34589,34632,34584,34625,176
20180103,130000,34620,34621,34578,34596,236
20180103,133000,34605,34630,34591,34610,155
20180103,140000,34632,34675,34572,34584,347
20180103,143000,34591,34615,34582,34589,118
20180103,150000,34591,34661,34550,34650,199
20180103,153000,34659,34700,34630,34688,525
20180103,160000,34689,34729,34669,34676,595
20180103,163000,34662,34663,34555,34555,220
20180103,170000,34562,34642,34513,34642,149
20180103,173000,34646,34654,34567,34614,206
20180103,180000,34625,34637,34585,34628,481
20180103,183000,34623,34664,34572,34664,285
20180103,190000,34675,34710,34665,34696,116
20180103,193000,34701,34711,34695,34711,50
20180103,200000,34711,34793,34711,34743,119
20180103,203000,34745,34850,34740,34848,232
20180103,210000,34848,34925,34809,34869,185
20180103,213000,34815,34840,34800,34833,72
20180103,220000,34807,34818,34780,34793,66
20180103,223000,34803,34824,34800,34800,17
20180103,230000,34801,34808,34800,34808,8
20180103,233000,34790,34825,34782,34782,20
20180104,100000,34825,34925,34782,34807,508
20180104,103000,34827,34868,34629,34631,286
20180104,110000,34637,34830,34443,34823,1170
20180104,113000,34822,34985,34755,34879,1518
20180104,120000,34877,34878,34631,34656,509
20180104,123000,34688,34900,34657,34873,623
20180104,130000,34872,34997,34784,34906,717
20180104,133000,34904,35100,34872,35078,403
20180104,140000,35079,35119,35000,35082,538
20180104,143000,35091,35110,34996,35020,334
20180104,150000,35021,35095,35019,35073,272
20180104,153000,35062,35158,35047,35158,249
20180104,160000,35151,35335,35133,35179,841
20180104,163000,35172,35283,35106,35209,515
20180104,170000,35225,35261,35143,35248,179
20180104,173000,35254,35380,35170,35265,1688
20180104,180000,35260,35375,35205,35330,839
20180104,183000,35325,35423,35324,35340,281
20180104,190000,35376,35477,35371,35447,197
20180104,193000,35449,35521,35435,35511,64
20180104,200000,35512,35521,35510,35510,159
20180104,203000,35510,35510,35472,35499,136
20180104,210000,35475,35486,35471,35472,29
20180104,213000,35451,35490,35451,35490,24
20180104,220000,35499,35525,35490,35500,55
20180104,223000,35498,35500,35487,35497,16
20180104,230000,35490,35500,35460,35478,29
20180104,233000,35487,35509,35487,35490,18
20180105,100000,35496,35666,35460,35589,1617
20180105,103000,35597,35750,35561,35587,661
20180105,110000,35600,35827,35587,35815,1148
20180105,113000,35815,35876,35756,35825,1565
20180105,120000,35826,35850,35769,35800,1137
20180105,123000,35815,35890,35763,35787,701
20180105,130000,35777,35818,35672,35674,1007
20180105,133000,35671,35740,35632,35715,410
20180105,140000,35715,35802,35715,35774,206
20180105,143000,35797,35797,35623,35641,384
20180105,150000,35650,35774,35620,35768,283
20180105,153000,35778,35801,35725,35782,189
20180105,160000,35798,35832,35761,35787,462
20180105,163000,35772,35847,35709,35812,589
20180105,170000,35775,35840,35758,35839,226
20180105,173000,35844,36009,35844,35979,426
20180105,180000,35973,36028,35897,35964,977
20180105,183000,35964,36147,35964,36079,1005
20180105,190000,36100,36182,36100,36169,164
20180105,193000,36134,36145,36115,36120,50
20180105,200000,36120,36144,36106,36122,20
20180105,203000,36145,36146,36145,36146,3
20180105,210000,36124,36150,36124,36150,14
20180105,213000,36150,36162,36145,36162,46
20180105,220000,36162,36202,36150,36202,60
20180105,223000,36191,36198,36180,36185,15
20180105,230000,36196,36196,36180,36186,47
20180105,233000,36185,36250,36180,36250,50
20180109,100000,36268,36495,36254,36400,1149
20180109,103000,36401,36444,36365,36437,315
20180109,110000,36444,36620,36369,36592,1862
20180109,113000,36600,36662,36524,36598,768
20180109,120000,36606,36715,36575,36715,329
20180109,123000,36725,36970,36665,36930,881
20180109,130000,36922,36961,36857,36900,653
20180109,133000,36900,36900,36747,36791,719
20180109,140000,36789,36796,36661,36704,1118
20180109,143000,36709,36755,36654,36671,300
20180109,150000,36684,36729,36615,36670,716
20180109,153000,36659,36740,36621,36689,639
20180109,160000,36714,36733,36626,36695,399
20180109,163000,36685,36919,36682,36840,1392
20180109,170000,36841,36955,36818,36924,323
20180109,173000,36923,36929,36831,36832,499
20180109,180000,36832,36832,36667,36700,886
20180109,183000,36736,36871,36732,36757,450
20180109,190000,36889,36899,36733,36821,301
20180109,193000,36837,36913,36822,36861,171
20180109,200000,36852,36873,36809,36852,82
20180109,203000,36848,36848,36801,36821,222
20180109,210000,36819,36830,36816,36830,129
20180109,213000,36846,36859,36805,36818,138
20180109,220000,36849,36870,36849,36870,206
20180109,223000,36874,36900,36874,36900,129
20180109,230000,36900,36922,36885,36885,67
20180109,233000,36885,36917,36883,36883,79
20180110,100000,36922,36950,36738,36805,1995
20180110,103000,36790,36805,36650,36709,1731
20180110,110000,36707,36775,36566,36651,1776
20180110,113000,36644,36654,36442,36459,2381
20180110,120000,36471,36619,36471,36598,744
20180110,123000,36585,36725,36585,36725,834
20180110,130000,36715,36762,36675,36741,601
20180110,133000,36744,36747,36585,36698,1017
20180110,140000,36665,36764,36651,36764,631
20180110,143000,36761,36776,36715,36757,302
20180110,150000,36745,36804,36742,36750,623
20180110,153000,36751,36886,36737,36872,609
20180110,160000,36888,36951,36724,36743,1369
20180110,163000,36760,36878,36749,36841,499
20180110,170000,36834,36910,36800,36890,1777
20180110,173000,36878,36924,36775,36860,884
20180110,180000,36848,36947,36848,36899,903
20180110,183000,36891,36899,36820,36856,482
20180110,190000,36843,37000,36810,36960,487
20180110,193000,36960,36972,36916,36940,100
20180110,200000,36932,36932,36884,36900,94
20180110,203000,36900,36913,36897,36897,5
20180110,210000,36892,36917,36892,36916,42
20180110,213000,36902,36939,36902,36917,26
20180110,220000,36921,36953,36919,36921,30
20180110,223000,36923,36936,36923,36927,10
20180110,230000,36940,36959,36921,36959,55
20180110,233000,36947,36975,36896,36927,39
20180111,100000,36928,36928,36637,36674,1505
20180111,103000,36674,36723,36594,36606,512
20180111,110000,36606,36911,36606,36816,1482
20180111,113000,36826,36906,36786,36851,505
20180111,120000,36846,37085,36836,37065,1628
20180111,123000,37060,37061,36989,37012,148
20180111,130000,37025,37071,37006,37071,204
20180111,133000,37052,37212,37038,37194,996
20180111,140000,37178,37222,37153,37200,277
20180111,143000,37202,37202,37155,37202,511
20180111,150000,37197,37357,37192,37322,1095
20180111,153000,37312,37325,37234,37277,535
20180111,160000,37276,37316,37245,37282,485
20180111,163000,37275,37317,37201,37283,980
20180111,170000,37299,37302,37137,37237,1111
20180111,173000,37222,37222,37115,37175,833
20180111,180000,37184,37255,37135,37255,1229
20180111,183000,37244,37286,37214,37245,423
20180111,190000,37165,37308,37165,37237,104
20180111,193000,37224,37245,37203,37220,66
20180111,200000,37220,37220,37189,37200,159
20180111,203000,37213,37249,37201,37231,58
20180111,210000,37201,37205,37150,37165,173
20180111,213000,37179,37180,37150,37167,35
20180111,220000,37166,37200,37150,37150,61
20180111,223000,37153,37185,37152,37154,49
20180111,230000,37153,37170,37120,37146,174
20180111,233000,37169,37198,37169,37172,98
20180112,100000,37178,37205,37015,37107,2162
20180112,103000,37115,37150,37031,37100,1616
20180112,110000,37103,37161,36942,37054,1696
20180112,113000,37054,37104,36985,37095,438
20180112,120000,37097,37155,37050,37061,1201
20180112,123000,37067,37140,37027,37074,369
20180112,130000,37070,38558,37053,38465,12708
20180112,133000,38465,39173,38389,38929,13861
20180112,140000,38938,39750,38871,39360,17602
20180112,143000,39368,39474,38968,39271,13555
20180112,150000,39279,39659,39264,39618,6482
20180112,153000,39618,39883,39508,39541,4840
20180112,160000,39541,39572,39216,39242,4272
20180112,163000,39248,39385,39208,39303,3426
20180112,170000,39290,39584,39240,39461,2745
20180112,173000,39471,39494,39250,39387,3883
20180112,180000,39398,39409,39311,39364,1245
20180112,183000,39362,39704,39358,39526,1902
20180112,190000,39481,39650,39480,39637,354
20180112,193000,39630,39703,39627,39703,317
20180112,200000,39689,39793,39689,39700,1015
20180112,203000,39696,39775,39680,39775,291
20180112,210000,39768,39774,39670,39698,402
20180112,213000,39698,39750,39676,39746,202
20180112,220000,39732,39732,39700,39720,180
20180112,223000,39720,39744,39681,39700,442
20180112,230000,39700,39709,39677,39692,334
20180112,233000,39692,39750,39692,39750,263
20180115,100000,39764,40133,39651,39828,6391
20180115,103000,39834,39977,39673,39810,2144
20180115,110000,39800,39800,39421,39608,5126
20180115,113000,39612,39612,39264,39387,3850
20180115,120000,39403,39540,39280,39505,2312
20180115,123000,39510,39564,39327,39377,1578
20180115,130000,39382,39448,39306,39367,1013
20180115,133000,39386,39477,39384,39428,884
20180115,140000,39419,39498,39354,39493,1066
20180115,143000,39493,39530,39468,39509,260
20180115,150000,39536,39572,39430,39530,641
20180115,153000,39521,39563,39463,39562,460
20180115,160000,39552,39675,39537,39610,703
20180115,163000,39611,39648,39493,39538,937
20180115,170000,39538,39560,39377,39476,1135
20180115,173000,39480,39480,39360,39387,1282
20180115,180000,39378,39440,39348,39349,844
20180115,183000,39349,39354,39247,39301,481
20180115,190000,39295,39344,39267,39330,153
20180115,193000,39301,39330,39210,39249,150
20180115,200000,39249,39297,39201,39241,159
20180115,203000,39250,39270,39241,39251,39
20180115,210000,39272,39304,39240,39300,62
20180115,213000,39300,39345,39296,39314,87
20180115,220000,39314,39487,39308,39438,158
20180115,223000,39476,39488,39388,39400,92
20180115,230000,39391,39419,39380,39410,36
20180115,233000,39410,39410,39352,39352,41
20180116,100000,39350,39360,39040,39065,2430
20180116,103000,39090,39338,39039,39329,1231
20180116,110000,39313,39426,38832,38841,2964
20180116,113000,38841,38880,38628,38808,2037
20180116,120000,38807,38807,38342,38540,4873
20180116,123000,38553,38566,38403,38520,931
20180116,130000,38526,38569,38412,38491,675
20180116,133000,38486,38492,38281,38411,1448
20180116,140000,38381,38405,38129,38364,2371
20180116,143000,38363,38596,38226,38516,1632
20180116,150000,38519,38684,38392,38667,1740
20180116,153000,38660,38774,38592,38620,1011
20180116,160000,38617,38739,38564,38699,1664
20180116,163000,38698,38798,38623,38785,1344
20180116,170000,38795,38815,38494,38528,1789
20180116,173000,38533,38824,38533,38749,1719
20180116,180000,38744,38990,38715,38866,1392
20180116,183000,38865,39033,38840,38962,617
20180116,190000,38976,39024,38862,38862,706
20180116,193000,38857,38902,38835,38838,244
20180116,200000,38831,38918,38826,38846,277
20180116,203000,38853,38864,38837,38837,27
20180116,210000,38863,38873,38852,38873,39
20180116,213000,38885,38899,38853,38853,20
20180116,220000,38849,38849,38760,38792,215
20180116,223000,38784,38792,38760,38778,56
20180116,230000,38792,38820,38789,38789,42
20180116,233000,38788,38825,38788,38800,53
20180117,100000,38808,38864,38581,38737,2849
20180117,103000,38749,38771,38568,38629,1287
20180117,110000,38635,39099,38635,38889,1968
20180117,113000,38904,38905,38753,38805,287
20180117,120000,38780,38876,38745,38828,582
20180117,123000,38828,38939,38800,38865,493
20180117,130000,38841,38858,38760,38829,664
20180117,133000,38815,38829,38673,38706,321
20180117,140000,38739,38847,38720,38847,311
20180117,143000,38847,38960,38814,38885,711
20180117,150000,38890,39006,38861,38998,461
20180117,153000,39009,39109,38971,39015,861
20180117,160000,39031,39045,38971,39025,448
20180117,163000,39027,39109,39010,39071,470
20180117,170000,39055,39075,38958,39048,1476
20180117,173000,39022,39064,38899,38958,1190
20180117,180000,38966,39011,38853,38865,452
20180117,183000,38870,38979,38870,38915,560
20180117,190000,38857,38948,38852,38932,73
20180117,193000,38943,38950,38935,38937,30
20180117,200000,38940,38950,38940,38949,34
20180117,203000,38949,38974,38949,38965,120
20180117,210000,38966,38982,38953,38953,42
20180117,213000,38964,38991,38964,38970,26
20180117,220000,38969,39002,38962,39001,131
20180117,223000,38987,39013,38960,38960,72
20180117,230000,38976,38995,38952,38952,87
20180117,233000,38955,38959,38938,38959,25
20180118,100000,38959,39319,38956,39279,2229
20180118,103000,39266,39310,39038,39198,874
20180118,110000,39190,39285,39100,39206,955
20180118,113000,39199,39258,39136,39236,284
20180118,120000,39210,39234,39020,39071,480
20180118,123000,39080,39193,39035,39131,697
20180118,130000,39126,39218,39120,39184,201
20180118,133000,39187,39258,39166,39250,245
20180118,140000,39244,39255,39166,39171,782
20180118,143000,39172,39201,39138,39200,1024
20180118,150000,39185,39248,39166,39219,172
20180118,153000,39227,39227,39076,39092,374
20180118,160000,39107,39165,39027,39076,683
20180118,163000,39076,39118,39001,39052,988
20180118,170000,39060,39095,38949,38970,871
20180118,173000,38962,39066,38920,39025,659
20180118,180000,39021,39021,38840,38899,665
20180118,183000,38908,38982,38838,38904,639
20180118,190000,38919,38998,38838,38940,183
20180118,193000,38964,38973,38933,38962,25
20180118,200000,38963,39006,38963,39004,39
20180118,203000,38994,39049,38994,39049,141
20180118,210000,39048,39116,39031,39071,91
20180118,213000,39080,39094,39064,39064,35
20180118,220000,39096,39111,39087,39111,53
20180118,223000,39089,39122,39077,39121,87
20180118,230000,39100,39119,39050,39050,56
20180118,233000,39072,39111,39072,39110,87
20180119,100000,39076,39235,38900,39074,2035
20180119,103000,39091,39130,38958,39049,958
20180119,110000,39046,39133,38969,38978,969
20180119,113000,38978,39009,38751,38860,1487
20180119,120000,38861,38892,38795,38821,355
20180119,123000,38830,38854,38777,38787,97
20180119,130000,38782,38782,38592,38641,403
20180119,133000,38646,38743,38646,38725,369
20180119,140000,38727,38739,38643,38739,338
20180119,143000,38730,38745,38658,38658,274
20180119,150000,38668,38694,38631,38664,547
20180119,153000,38655,38689,38420,38479,969
20180119,160000,38464,38599,38425,38592,989
20180119,163000,38592,38626,38464,38577,1023
20180119,170000,38579,38729,38525,38713,806
20180119,173000,38717,39018,38681,38817,1526
20180119,180000,38817,38876,38616,38637,1351
20180119,183000,38632,38687,38537,38594,728
20180119,190000,38650,38680,38575,38620,124
20180119,193000,38589,38611,38579,38579,11
20180119,200000,38609,38620,38596,38617,16
20180119,203000,38615,38656,38598,38647,92
20180119,210000,38630,38642,38620,38640,25
20180119,213000,38640,38659,38625,38648,14
20180119,220000,38661,38669,38651,38652,30
20180119,223000,38669,38680,38665,38670,10
20180119,230000,38676,38719,38651,38668,91
20180119,233000,38689,38695,38657,38657,5
20180122,100000,38665,38795,38562,38645,1193
20180122,103000,38633,38867,38544,38796,3407
20180122,110000,38813,39104,38782,39085,1240
20180122,113000,39086,39107,38976,38990,687
20180122,120000,39015,39020,38900,38916,331
20180122,123000,38918,38938,38875,38903,417
20180122,130000,38921,38934,38885,38895,250
20180122,133000,38897,38911,38810,38880,438
20180122,140000,38893,38911,38877,38898,132
20180122,143000,38903,38904,38860,38887,109
20180122,150000,38887,38909,38848,38880,131
20180122,153000,38887,38898,38857,38869,132
20180122,160000,38879,38905,38792,38844,543
20180122,163000,38852,38884,38835,38842,324
20180122,170000,38848,38858,38631,38724,946
20180122,173000,38708,38928,38699,38903,1152
20180122,180000,38912,39013,38894,39003,610
20180122,183000,39009,39025,38968,39008,230
20180122,190000,39000,39146,39000,39091,190
20180122,193000,39090,39150,39074,39108,55
20180122,200000,39108,39108,39035,39055,185
20180122,203000,39055,39055,38975,38994,470
20180122,210000,38993,39000,38960,38960,57
20180122,213000,38969,38970,38935,38935,151
20180122,220000,38944,38947,38875,38929,221
20180122,223000,38929,38950,38925,38950,86
20180122,230000,38937,38949,38919,38920,132
20180122,233000,38943,38970,38943,38955,294
20180123,100000,38970,39074,38700,38893,2705
20180123,103000,38888,38900,38672,38700,1887
20180123,110000,38709,38874,38644,38840,1906
20180123,113000,38838,38848,38546,38605,1272
20180123,120000,38581,38703,38550,38550,778
20180123,123000,38550,38646,38544,38631,542
20180123,130000,38630,38642,38516,38555,504
20180123,133000,38541,38583,38475,38485,746
20180123,140000,38475,38550,38330,38536,806
20180123,143000,38534,38545,38416,38545,493
20180123,150000,38533,38558,38514,38535,178
20180123,153000,38535,38699,38535,38688,804
20180123,160000,38673,38721,38574,38700,552
20180123,163000,38700,38778,38465,38571,1253
20180123,170000,38568,38686,38520,38614,550
20180123,173000,38603,38676,38574,38609,633
20180123,180000,38649,38664,38585,38637,573
20180123,183000,38648,38742,38640,38742,405
20180123,190000,38631,38855,38608,38793,236
20180123,193000,38785,38835,38768,38768,39
20180123,200000,38767,38767,38714,38721,136
20180123,203000,38728,38756,38715,38715,57
20180123,210000,38721,38780,38720,38771,44
20180123,213000,38780,38800,38780,38790,97
20180123,220000,38790,38798,38780,38798,23
20180123,223000,38794,38803,38792,38792,27
20180123,230000,38793,38828,38793,38828,81
20180123,233000,38815,38835,38800,38805,156
20180124,100000,38830,38835,38471,38590,2506
20180124,103000,38559,38627,38520,38549,951
20180124,110000,38549,38670,38546,38632,1012
20180124,113000,38646,38824,38525,38713,962
20180124,120000,38722,38753,38619,38660,285
20180124,123000,38669,38805,38669,38804,649
20180124,130000,38810,38820,38706,38787,294
20180124,133000,38797,38802,38732,38766,433
20180124,140000,38766,38766,38718,38731,224
20180124,143000,38749,38810,38705,38764,344
20180124,150000,38774,38795,38741,38741,303
20180124,153000,38770,38826,38726,38744,503
20180124,160000,38748,38778,38727,38743,222
20180124,163000,38750,38802,38713,38741,728
20180124,170000,38753,38764,38648,38671,355
20180124,173000,38673,38918,38653,38829,2746
20180124,180000,38829,38850,38778,38841,435
20180124,183000,38850,38885,38802,38855,395
20180124,190000,38846,38950,38791,38791,408
20180124,193000,38797,38803,38700,38749,99
20180124,200000,38759,38775,38727,38766,39
20180124,203000,38765,38800,38765,38780,35
20180124,210000,38767,38772,38721,38770,111
20180124,213000,38769,38845,38769,38845,139
20180124,220000,38836,38895,38836,38894,129
20180124,223000,38875,38938,38875,38900,74
20180124,230000,38923,38925,38923,38925,12
20180124,233000,38925,38980,38925,38951,67
20180125,100000,38931,38995,38818,38909,1042
20180125,103000,38896,38922,38841,38846,514
20180125,110000,38846,38914,38638,38740,1793
20180125,113000,38725,38735,38603,38700,405
20180125,120000,38712,38737,38662,38690,459
20180125,123000,38703,38753,38662,38713,1179
20180125,130000,38720,38871,38683,38790,1570
20180125,133000,38782,38782,38666,38747,965
20180125,140000,38746,38759,38666,38687,841
20180125,143000,38697,38777,38665,38769,672
20180125,150000,38770,38797,38698,38758,743
20180125,153000,38759,38788,38668,38702,406
20180125,160000,38715,38722,38606,38606,692
20180125,163000,38616,38632,38476,38560,923
20180125,170000,38555,38617,38470,38590,997
20180125,173000,38602,38660,38534,38595,656
20180125,180000,38589,38631,38517,38580,1020
20180125,183000,38582,38604,38499,38505,701
20180125,190000,38480,38552,38480,38502,142
20180125,193000,38556,38600,38545,38576,67
20180125,200000,38584,38600,38545,38566,94
20180125,203000,38575,38575,38558,38571,60
20180125,210000,38589,38589,38589,38589,2
20180125,213000,38559,38578,38558,38578,12
20180125,220000,38578,38578,38524,38554,16
20180125,223000,38524,38537,38407,38458,140
20180125,230000,38436,38471,38406,38460,130
20180125,233000,38433,38473,38411,38473,62
20180126,100000,38513,38590,38212,38438,1627
20180126,103000,38444,38648,38400,38400,870
20180126,110000,38398,38633,38388,38580,1076
20180126,113000,38585,38599,38544,38553,193
20180126,120000,38563,38563,38487,38507,665
20180126,123000,38502,38576,38496,38535,523
20180126,130000,38520,38556,38475,38475,344
20180126,133000,38483,38529,38467,38493,178
20180126,140000,38500,38512,38477,38494,99
20180126,143000,38483,38561,38451,38537,289
20180126,150000,38530,38569,38507,38544,438
20180126,153000,38544,38544,38507,38512,742
20180126,160000,38512,38546,38473,38506,215
20180126,163000,38495,38495,38276,38349,928
20180126,170000,38360,38480,38302,38321,1857
20180126,173000,38322,38397,38289,38334,931
20180126,180000,38335,38353,38163,38273,935
20180126,183000,38275,38377,38275,38356,489
20180126,190000,38376,38428,38363,38400,229
20180126,193000,38416,38539,38416,38476,165
20180126,200000,38506,38507,38484,38494,21
20180126,203000,38476,38505,38475,38505,40
20180126,210000,38520,38537,38520,38530,32
20180126,213000,38527,38530,38500,38530,39
20180126,220000,38512,38520,38495,38497,71
20180126,223000,38495,38516,38478,38516,33
20180126,230000,38527,38558,38507,38547,88
20180126,233000,38553,38588,38521,38588,130
20180129,100000,38555,38665,38500,38592,660
20180129,103000,38574,38574,38320,38487,1714
20180129,110000,38475,38475,38321,38372,431
20180129,113000,38368,38403,38212,38342,671
20180129,120000,38338,38352,38208,38222,241
20180129,123000,38224,38287,38095,38246,897
20180129,130000,38236,38325,38178,38178,301
20180129,133000,38162,38279,38154,38193,431
20180129,140000,38188,38228,38102,38121,228
20180129,143000,38116,38173,38015,38087,1404
20180129,150000,38072,38161,37976,38031,1458
20180129,153000,38038,38170,37947,38130,947
20180129,160000,38123,38203,38105,38162,639
20180129,163000,38142,38174,38089,38112,382
20180129,170000,38127,38190,38098,38185,259
20180129,173000,38195,38195,38052,38100,700
20180129,180000,38108,38148,38013,38027,465
20180129,183000,38014,38111,37991,38084,471
20180129,190000,38049,38081,38000,38000,249
20180129,193000,38017,38065,38000,38024,94
20180129,200000,38045,38075,38006,38036,39
20180129,203000,38071,38084,38027,38071,19
20180129,210000,38018,38066,38014,38014,24
20180129,213000,38038,38049,38007,38049,11
20180129,220000,38010,38019,37971,38019,45
20180129,223000,38018,38018,38004,38004,4
20180129,230000,38004,38015,37993,37993,52
20180130,190000,37519,37522,37352,37442,181
20180130,193000,37428,37455,37402,37402,68
20180130,200000,37402,37428,37400,37400,98
20180130,203000,37400,37415,37321,37349,43
20180130,210000,37343,37343,37275,37290,62
20180130,213000,37301,37325,37290,37325,13
20180130,220000,37325,37400,37325,37373,77
20180130,223000,37376,37390,37340,37390,7
20180130,230000,37395,37399,37326,37390,59
20180130,233000,37332,37385,37332,37384,24
20180131,100000,37338,37650,37300,37454,2986
20180131,103000,37453,37617,37280,37516,1695
20180131,110000,37499,37545,37375,37545,1589
20180131,113000,37550,37755,37550,37589,1563
20180131,120000,37599,37906,37599,37753,919
20180131,123000,37753,37757,37628,37646,307
20180131,130000,37661,37696,37450,37490,843
20180131,133000,37489,37500,37418,37444,430
20180131,140000,37455,37503,37434,37435,526
20180131,143000,37442,37462,37348,37393,646
20180131,150000,37390,37439,37349,37349,154
20180131,153000,37356,37471,37341,37450,671
20180131,160000,37446,37493,37419,37482,314
20180131,163000,37499,37576,37467,37541,878
20180131,170000,37544,37573,37464,37524,591
20180131,173000,37539,37580,37503,37532,202
20180131,180000,37515,37560,37470,37506,523
20180131,183000,37491,37520,37434,37512,292
20180131,190000,37529,37536,37411,37475,180
20180131,193000,37469,37520,37465,37515,30
20180131,200000,37519,37528,37487,37527,68
20180131,203000,37499,37499,37453,37454,31
20180131,210000,37482,37488,37479,37479,6
20180131,213000,37450,37450,37425,37440,25
20180131,220000,37475,37506,37350,37405,289
20180131,223000,37388,37403,37357,37401,21
20180131,230000,37381,37442,37368,37440,47
