20170925,164500,17980,18205,17980,18205,21
20170925,173000,18160,18160,18146,18146,2
20170925,183000,18196,18196,18196,18196,1
20170925,200000,18214,18331,18214,18331,6
20170926,100000,18277,18277,18264,18264,2
20170926,103000,18300,18300,18300,18300,1
20170926,110000,18232,18232,18219,18219,2
20170926,111500,18187,18187,18174,18174,2
20170926,113000,18145,18145,18129,18129,3
20170926,134500,18183,18188,18183,18188,2
20170926,141500,18228,18228,18228,18228,1
20170926,143000,18233,18233,18233,18233,1
20170926,144500,18273,18278,18273,18278,2
20170926,161500,18224,18224,18219,18219,2
20170926,164500,18179,18179,18174,18174,2
20170926,174500,18134,18134,18129,18129,2
20170926,180000,18087,18087,18084,18084,2
20170926,183000,18041,18041,18041,18041,1
20170927,100000,18077,18122,18039,18039,4
20170927,104500,18020,18020,18020,18020,1
20170927,154500,18058,18103,18058,18103,3
20170927,170000,18138,18191,18138,18191,4
20170927,174500,18133,18133,18129,18129,2
20170927,180000,18088,18088,18088,18088,1
20170927,181500,18084,18084,18084,18084,1
20170927,183000,18041,18041,18039,18039,2
20170928,100000,17994,17994,17978,17978,2
20170928,104500,18030,18030,18030,18030,1
20170928,183000,17949,17949,17903,17903,4
20170929,100000,17859,17859,17841,17841,2
20170929,101500,17894,17894,17894,17894,1
20170929,103000,17913,17913,17913,17913,1
20170929,104500,17938,17938,17938,17938,1
20170929,110000,17958,17982,17958,17982,2
20170929,133000,18003,18018,18003,18018,2
20170929,134500,18048,18061,18048,18061,2
20170929,144500,18007,18007,17994,17994,2
20170929,164500,17955,17955,17955,17955,1
20170929,170000,17949,17949,17949,17949,1
20170929,174500,17906,17906,17904,17904,2
20170929,180000,17860,17860,17814,17814,5
20171002,100000,17849,17913,17849,17913,4
20171002,114500,17859,17859,17789,17843,25
20171002,120000,17788,17788,17788,17788,1
20171002,123000,17769,17769,17769,17769,1
20171002,131500,17739,17739,17721,17721,2
20171002,134500,17773,17791,17773,17791,2
20171002,144500,17734,17734,17734,17734,1
20171002,153000,17785,17785,17785,17785,1
20171003,100000,17802,17811,17802,17811,2
20171003,120000,17841,17856,17841,17856,2
20171003,133000,17880,17901,17880,17901,2
20171003,143000,17921,17921,17921,17921,1
20171003,151500,17946,17946,17946,17946,1
20171003,153000,17892,17892,17892,17892,1
20171003,180000,17856,17856,17842,17842,2
20171003,183000,17809,17894,17809,17894,3
20171004,111500,17886,17886,17886,17886,1
20171004,114500,17830,17830,17830,17830,1
20171004,120000,17816,17816,17816,17816,1
20171004,121500,17780,17780,17758,17758,2
20171004,133000,17772,17772,17772,17772,1
20171004,134500,17782,17782,17782,17782,1
20171004,140000,17805,17805,17805,17805,1
20171004,143000,17800,17800,17800,17800,1
20171004,144500,17826,17835,17826,17835,2
20171004,150000,17855,17855,17855,17855,1
20171004,164500,17781,17781,17781,17781,1
20171004,173000,17808,17815,17808,17815,2
20171004,181500,17831,17831,17831,17831,1
20171004,210000,17788,17788,17788,17788,1
20171004,224500,17777,17777,17777,17777,1
20171005,100000,17786,17786,17786,17786,1
20171005,110000,17764,17764,17754,17754,9
20171005,120000,17761,17788,17761,17788,2
20171005,130000,17768,17768,17768,17768,1
20171005,140000,17756,17756,17756,17756,1
20171005,164500,17800,17800,17800,17800,1
20171005,170000,17822,17822,17822,17822,1
20171005,171500,17776,17776,17776,17776,1
20171005,174500,17830,17875,17830,17875,3
20171005,180000,17889,17890,17888,17888,3
20171005,183000,17854,17854,17844,17844,2
20171005,220000,17926,17926,17926,17926,1
20171005,221500,17919,17919,17919,17919,1
20171006,100000,17882,17882,17831,17831,4
20171006,111500,17900,17900,17800,17800,20
20171009,133000,18000,18000,18000,18000,1
20171009,141500,17900,17900,17900,17900,1
20171013,134500,17850,17850,17850,17850,1
20171013,163000,17800,17800,17800,17800,1
20171016,114500,17788,17788,17757,17757,5
20171016,120000,17755,17755,17755,17755,1
20171016,153000,17850,17850,17850,17850,1
20171017,163000,17802,17802,17802,17802,1
20171017,173000,17720,17720,17680,17680,2
20171017,193000,17700,17700,17700,17700,1
20171017,203000,17701,17701,17700,17700,3
20171017,221500,17700,17700,17700,17700,2
20171018,100000,17476,17476,17350,17350,2
20171018,114500,17403,17404,17403,17404,5
20171018,151500,17596,17596,17596,17596,1
20171019,164500,17310,17310,17308,17308,2
20171019,170000,17306,17306,17301,17301,2
20171020,141500,17226,17226,17225,17225,2
20171023,130000,17223,17223,17223,17223,5
20171023,144500,17150,17150,17150,17150,1
20171023,171500,16852,16852,16852,16852,1
20171023,180000,16850,16850,16850,16850,2
20171024,101500,16550,16550,16390,16498,14
20171024,103000,16490,16490,16450,16450,10
20171024,111500,16400,16590,16400,16590,23
20171024,113000,16360,16360,16345,16345,52
20171024,160000,17000,17067,17000,17067,10
20171024,164500,17032,17032,17032,17032,1
20171024,171500,17070,17070,17070,17070,2
20171027,104500,17085,17085,17085,17085,3
20171027,111500,16739,16969,16730,16730,3
20171027,143000,16897,16897,16897,16897,3
20171027,144500,16700,16780,16700,16780,3
20171027,181500,16829,16829,16829,16829,1
20171030,110000,16935,16935,16935,16935,1
20171031,130000,16584,16584,16580,16580,10
20171031,154500,16560,16560,16560,16560,1
20171031,163000,16500,16500,16500,16500,2
20171031,181500,16479,16479,16479,16479,2
20171101,160000,16650,16650,16650,16650,1
20171102,211500,16800,16800,16800,16800,1
20171103,120000,16750,16750,16750,16750,1
20171107,124500,16720,16720,16720,16720,1
20171108,110000,16979,16979,16979,16979,1
20171109,171500,16771,16771,16771,16771,1
20171113,100000,16900,16900,16900,16900,1
20171114,101500,16741,16741,16740,16740,2
20171114,124500,16764,16775,16764,16772,6
20171115,100000,16600,16600,16600,16600,12
20171117,171500,16605,16605,16600,16600,4
20171120,100000,16683,16683,16678,16678,10
20171120,101500,16733,16733,16733,16733,1
20171120,103000,16748,16748,16748,16748,5
20171120,104500,16683,16683,16683,16683,5
20171120,111500,16652,16652,16652,16652,5
20171120,113000,16653,16653,16643,16643,10
20171120,114500,16643,16658,16643,16643,25
20171120,130000,16861,16861,16861,16861,5
20171120,131500,16850,16856,16820,16820,21
20171120,140000,16890,16890,16890,16890,5
20171120,153000,17066,17100,17066,17100,6
20171120,180000,17396,17396,17396,17396,1
20171120,181500,17400,17400,17400,17400,1
20171120,211500,17599,17600,17599,17600,8
20171121,100000,17400,17400,17400,17400,1
20171121,113000,17292,17292,17292,17292,5
20171121,114500,17222,17227,17222,17227,25
20171121,120000,17227,17227,17200,17200,16
20171121,141500,17287,17287,17287,17287,15
20171121,143000,17287,17287,17287,17287,1
20171122,113000,17397,17397,17397,17397,5
20171122,121500,17150,17150,17150,17150,1
20171122,183000,17142,17142,17142,17142,1
20171123,101500,17000,17000,17000,17000,3
20171123,113000,17080,17080,17080,17080,8
20171124,164500,17000,17000,17000,17000,20
20171127,103000,17200,17200,17200,17200,1
20171127,144500,17296,17297,17296,17297,50
20171128,100000,17000,17000,17000,17000,1
20171129,100000,17200,17200,17200,17200,1
20171129,104500,17397,17397,17397,17397,3
20171129,114500,17250,17259,17250,17259,7
20171129,141500,17000,17000,16901,16901,3
20171129,143000,16998,16998,16865,16900,7
20171129,144500,16870,16870,16870,16870,1
20171129,181500,16884,16884,16877,16877,2
20171130,114500,16898,16898,16800,16800,2
20171130,123000,16897,16897,16897,16897,2
20171130,131500,16762,16762,16762,16762,5
20171130,133000,16761,16761,16700,16700,15
20171130,153000,16698,16706,16575,16575,75
20171130,160000,16620,16620,16505,16505,20
20171201,104500,16597,16597,16596,16596,10
20171201,123000,16702,16702,16702,16702,1
20171201,134500,16880,16881,16747,16747,36
20171201,163000,16700,16700,16700,16700,10
20171204,180000,16629,16629,16610,16610,12
20171204,194500,16469,16469,16469,16469,1
20171205,100000,16636,16636,16626,16626,2
20171205,101500,16616,16616,16616,16616,2
20171205,103000,16588,16588,16587,16587,4
20171205,113000,16505,16505,16467,16467,7
20171205,124500,16433,16433,16400,16421,40
20171205,134500,16549,16549,16549,16549,1
20171205,174500,16548,16550,16548,16550,2
20171206,100000,16420,16550,16400,16550,8
20171206,104500,16450,16450,16441,16441,2
20171206,183000,16467,16467,16467,16467,4
20171207,100000,16461,16461,16460,16460,3
20171207,103000,16550,16550,16550,16550,1
20171207,111500,16700,16700,16700,16700,34
20171207,150000,16410,16500,16410,16411,14
20171207,151500,16404,16404,16390,16400,38
20171207,173000,16400,16400,16400,16400,1
20171208,100000,16550,16700,16550,16700,10
20171208,123000,16470,16470,16470,16470,4
20171208,140000,16401,16401,16401,16401,5
20171208,160000,16401,16411,16400,16411,9
20171208,164500,16450,16450,16410,16412,5
20171208,173000,16388,16388,16375,16375,3
20171208,174500,16355,16355,16355,16355,1
20171208,180000,16355,16355,16334,16336,10
20171211,100000,16336,16375,16336,16375,2
20171211,101500,16373,16375,16373,16375,4
20171211,104500,16375,16375,16375,16375,8
20171211,211500,16875,16875,16658,16658,7
20171212,101500,16662,16662,16662,16662,1
20171212,123000,16495,16495,16495,16495,2
20171212,124500,16490,16490,16490,16490,3
20171212,174500,16599,16599,16550,16550,19
20171212,180000,16599,16599,16599,16599,11
20171212,181500,16599,16599,16599,16599,21
20171213,100000,16500,16500,16500,16500,30
20171213,141500,16501,16501,16501,16501,1
20171213,160000,16495,16495,16490,16490,5
20171213,161500,16490,16490,16490,16490,68
20171213,173000,16444,16499,16444,16464,34
20171213,183000,16506,16506,16506,16506,5
20171214,100000,16754,16754,16754,16754,1
20171214,160000,16601,16601,16450,16450,20
20171214,174500,16577,16599,16577,16599,20
20171214,180000,16598,16598,16598,16598,5
20171214,181500,16570,16570,16570,16570,2
20171214,211500,16600,16600,16600,16600,1
20171214,233000,16600,16600,16600,16600,1
20171215,100000,16548,16548,16548,16548,1
20171215,101500,16549,16567,16549,16567,16
20171215,104500,16537,16537,16537,16537,1
20171215,111500,16475,16475,16472,16472,6
20171215,113000,16434,16434,16434,16434,5
20171215,114500,16452,16452,16452,16452,1
20171215,131500,16488,16488,16488,16488,30
20171215,133000,16511,16511,16511,16511,16
20171215,140000,16470,16470,16455,16455,12
20171215,141500,16515,16535,16450,16535,121
20171215,143000,16497,16537,16454,16537,76
20171215,150000,16498,16499,16498,16499,3
20171215,151500,16427,16427,16427,16427,3
20171215,154500,16498,16498,16498,16498,1
20171215,160000,16498,16498,16498,16498,30
20171215,174500,16493,16494,16493,16494,20
20171215,180000,16428,16428,16422,16422,13
20171215,181500,16450,16450,16422,16422,2
20171218,100000,16500,16500,16500,16500,2
20171218,103000,16550,16550,16520,16520,113
20171218,104500,16518,16518,16518,16518,4
20171218,110000,16539,16544,16539,16544,10
20171218,111500,16528,16666,16528,16663,20
20171218,113000,16726,16741,16716,16716,20
20171218,114500,16708,16730,16701,16706,19
20171218,120000,16688,16688,16687,16687,6
20171218,121500,16650,16650,16620,16620,60
20171218,123000,16620,16625,16608,16608,59
20171218,124500,16586,16586,16586,16586,1
20171218,130000,16559,16559,16559,16559,1
20171218,131500,16617,16618,16578,16578,50
20171218,133000,16567,16625,16541,16541,101
20171218,134500,16535,16535,16535,16535,6
20171218,140000,16607,16607,16607,16607,6
20171218,141500,16527,16529,16514,16514,18
20171218,143000,16516,16516,16516,16516,6
20171218,144500,16505,16505,16500,16500,10
20171218,150000,16500,16510,16465,16480,108
20171218,153000,16493,16493,16467,16467,22
20171218,154500,16461,16461,16459,16460,8
20171218,160000,16475,16528,16475,16528,20
20171218,161500,16532,16538,16460,16460,26
20171218,163000,16450,16464,16450,16464,6
20171218,164500,16460,16470,16460,16470,8
20171218,171500,16460,16460,16460,16460,1
20171218,173000,16475,16475,16475,16475,1
20171218,174500,16465,16470,16465,16470,8
20171218,183000,16473,16473,16470,16472,9
20171218,233000,16617,16618,16617,16618,4
20171219,100000,16400,16517,16400,16517,12
20171219,101500,16500,16500,16454,16454,11
20171219,103000,16457,16490,16456,16490,20
20171219,110000,16450,16458,16380,16381,57
20171219,111500,16380,16380,16323,16362,44
20171219,113000,16362,16431,16362,16431,35
20171219,123000,16400,16400,16400,16400,18
20171219,124500,16415,16489,16415,16489,70
20171219,130000,16435,16436,16435,16435,34
20171219,131500,16435,16435,16435,16435,1
20171219,133000,16416,16417,16416,16417,3
20171219,134500,16429,16429,16429,16429,1
20171219,140000,16392,16392,16392,16392,3
20171219,141500,16357,16360,16352,16360,21
20171219,143000,16362,16362,16356,16356,2
20171219,144500,16362,16366,16362,16365,81
20171219,150000,16363,16363,16363,16363,5
20171219,151500,16364,16364,16360,16360,3
20171219,153000,16355,16355,16322,16322,12
20171219,160000,16324,16324,16299,16303,8
20171219,161500,16309,16360,16280,16360,69
20171219,163000,16369,16369,16366,16366,3
20171219,164500,16371,16371,16363,16363,13
20171219,170000,16366,16366,16361,16365,20
20171219,174500,16361,16366,16360,16360,23
20171219,180000,16360,16375,16360,16375,13
20171219,181500,16375,16375,16360,16360,56
20171219,183000,16375,16375,16375,16375,1
20171219,221500,16400,16434,16400,16430,3
20171220,100000,16281,16322,16281,16292,36
20171220,101500,16306,16311,16283,16283,104
20171220,103000,16296,16300,16250,16250,143
20171220,104500,16252,16252,16213,16213,59
20171220,110000,16220,16220,16168,16205,54
20171220,111500,16204,16238,16180,16180,55
20171220,113000,16180,16180,16113,16157,226
20171220,114500,16131,16216,16130,16207,32
20171220,120000,16216,16306,16216,16306,68
20171220,121500,16305,16328,16260,16275,48
20171220,123000,16282,16293,16282,16293,5
20171220,124500,16301,16301,16301,16301,2
20171220,130000,16326,16326,16265,16265,16
20171220,131500,16265,16350,16265,16350,27
20171220,133000,16350,16404,16341,16341,77
20171220,134500,16341,16354,16341,16354,14
20171220,141500,16356,16369,16356,16369,22
20171220,143000,16361,16366,16352,16354,59
20171220,144500,16358,16364,16354,16355,17
20171220,150000,16400,16428,16400,16420,16
20171220,151500,16425,16562,16423,16494,139
20171220,153000,16474,16490,16463,16490,19
20171220,154500,16500,16656,16500,16607,173
20171220,160000,16604,16785,16600,16724,240
20171220,161500,16729,16740,16686,16702,153
20171220,163000,16696,16750,16671,16721,254
20171220,164500,16743,16744,16708,16725,68
20171220,170000,16760,16888,16760,16857,88
20171220,171500,16855,16855,16787,16787,48
20171220,173000,16869,16880,16848,16849,11
20171220,174500,16825,16843,16791,16830,61
20171220,180000,16800,16823,16758,16790,79
20171220,181500,16790,16800,16680,16680,172
20171220,183000,16660,16660,16660,16660,1
20171220,203000,16700,16702,16700,16702,2
20171220,204500,16786,16800,16783,16784,16
20171220,210000,16771,16771,16770,16770,7
20171220,211500,16789,16798,16789,16794,11
20171220,214500,16810,16810,16800,16800,2
20171220,220000,16714,16714,16714,16714,1
20171220,233000,16789,16792,16780,16780,13
20171221,100000,16780,16840,16700,16724,148
20171221,101500,16725,16725,16663,16671,164
20171221,103000,16675,16680,16644,16644,226
20171221,104500,16632,16670,16632,16637,155
20171221,110000,16646,16655,16619,16627,101
20171221,111500,16613,16617,16588,16600,88
20171221,113000,16600,16647,16600,16605,54
20171221,114500,16607,16617,16605,16612,43
20171221,120000,16609,16609,16595,16595,45
20171221,121500,16604,16604,16580,16580,38
20171221,123000,16615,16871,16587,16587,154
20171221,124500,16797,16917,16560,16574,227
20171221,130000,16572,16576,16560,16565,39
20171221,131500,16565,16569,16556,16556,25
20171221,133000,16569,16573,16556,16568,29
20171221,134500,16561,16580,16560,16560,23
20171221,140000,16566,16566,16565,16565,5
20171221,141500,16614,16628,16601,16628,31
20171221,143000,16650,16650,16623,16642,16
20171221,144500,16644,16644,16588,16608,164
20171221,150000,16590,16633,16587,16620,112
20171221,151500,16600,16623,16600,16605,52
20171221,153000,16600,16631,16551,16551,202
20171221,154500,16551,16570,16550,16566,32
20171221,160000,16564,16590,16550,16590,75
20171221,161500,16601,16618,16550,16550,145
20171221,163000,16560,16579,16548,16570,14
20171221,164500,16566,16569,16563,16568,27
20171221,170000,16581,16599,16581,16599,16
20171221,171500,16598,16598,16588,16588,33
20171221,173000,16597,16598,16569,16569,27
20171221,174500,16578,16584,16547,16555,51
20171221,180000,16550,16555,16537,16537,79
20171221,181500,16553,16554,16538,16554,62
20171221,183000,16599,16599,16550,16550,4
20171221,233000,16639,16640,16639,16640,2
20171222,100000,16599,16720,16580,16656,159
20171222,101500,16636,16738,16636,16700,130
20171222,103000,16685,16688,16597,16657,101
20171222,104500,16654,16724,16628,16695,69
20171222,110000,16710,16759,16691,16691,20
20171222,111500,16703,16705,16677,16705,7
20171222,113000,16686,16688,16666,16671,12
20171222,114500,16676,16755,16676,16750,10
20171222,120000,16706,16785,16706,16777,114
20171222,121500,16789,16928,16789,16889,151
20171222,123000,16894,16940,16877,16877,130
20171222,124500,16871,16896,16837,16840,21
20171222,130000,16825,16846,16794,16828,24
20171222,131500,16800,16800,16780,16786,43
20171222,133000,16773,16788,16761,16765,12
20171222,134500,16753,16778,16752,16778,11
20171222,140000,16784,16804,16775,16800,49
20171222,141500,16799,16808,16790,16800,44
20171222,143000,16800,16812,16786,16786,33
20171222,144500,16788,16797,16788,16793,7
20171222,150000,16796,16911,16796,16894,72
20171222,151500,16930,17018,16896,17015,154
20171222,153000,17026,17087,17021,17065,73
20171222,154500,17057,17067,17006,17006,70
20171222,160000,16999,17000,16980,16980,34
20171222,161500,16975,16993,16967,16967,6
20171222,163000,16967,16976,16942,16942,72
20171222,164500,16941,17030,16941,17000,85
20171222,170000,16976,16993,16958,16958,21
20171222,171500,16970,17000,16967,16976,17
20171222,173000,16990,17022,16989,17022,23
20171222,174500,17033,17033,17016,17016,6
20171222,180000,17009,17031,17009,17031,60
20171222,181500,17043,17075,17033,17033,87
20171222,183000,17030,17080,17000,17080,17
20171222,190000,17099,17099,17092,17092,2
20171222,191500,17075,17075,17075,17075,2
20171222,213000,17011,17011,17010,17010,3
20171222,214500,17050,17069,17050,17069,2
20171225,100000,17003,17162,16999,17162,123
20171225,101500,17150,17188,17098,17098,94
20171225,103000,17073,17128,17072,17118,35
20171225,104500,17119,17124,17110,17112,11
20171225,110000,17100,17100,17058,17058,19
20171225,111500,17082,17099,17044,17065,12
20171225,113000,17085,17114,17082,17114,14
20171225,114500,17112,17112,17112,17112,1
20171225,120000,17098,17100,17098,17100,2
20171225,123000,17044,17063,17044,17061,10
20171225,124500,17060,17060,17051,17051,2
20171225,130000,17044,17046,17018,17018,18
20171225,131500,17028,17028,17023,17023,3
20171225,133000,17024,17045,17020,17035,20
20171225,134500,17037,17057,17030,17035,19
20171225,140000,17038,17052,17035,17047,22
20171225,141500,17040,17054,17040,17046,14
20171225,143000,17042,17042,17042,17042,1
20171225,144500,17031,17057,17030,17039,8
20171225,150000,17039,17041,17018,17021,11
20171225,151500,17001,17001,16980,16999,22
20171225,153000,16992,16992,16958,16966,20
20171225,154500,16962,16969,16950,16953,25
20171225,160000,16950,17007,16920,17007,65
20171225,161500,16983,16988,16935,16945,26
20171225,163000,16922,16943,16921,16937,12
20171225,164500,16931,16932,16910,16921,30
20171225,170000,16928,16928,16922,16924,11
20171225,171500,16917,16917,16910,16911,17
20171225,173000,16910,16932,16910,16910,50
20171225,174500,16910,16910,16901,16901,15
20171225,180000,16900,16912,16885,16885,22
20171225,181500,16889,16895,16887,16895,8
20171225,183000,16919,16919,16918,16919,5
20171225,191500,16940,16950,16940,16950,2
20171225,200000,16950,16950,16950,16950,8
20171225,201500,16999,17006,16999,17006,3
20171225,221500,16973,16973,16972,16972,7
20171226,100000,17000,17001,16951,16956,21
20171226,101500,16950,16959,16895,16935,90
20171226,103000,16936,16948,16887,16887,30
20171226,104500,16848,16851,16792,16823,50
20171226,110000,16832,16832,16832,16832,1
20171226,111500,16850,16859,16850,16859,3
20171226,113000,16829,16829,16780,16782,28
20171226,114500,16814,16817,16806,16806,4
20171226,120000,16822,16834,16822,16834,34
20171226,121500,16795,16806,16783,16806,7
20171226,123000,16778,16785,16754,16761,92
20171226,124500,16771,16781,16756,16781,19
20171226,130000,16769,16807,16754,16761,61
20171226,131500,16761,16762,16741,16742,40
20171226,133000,16744,16754,16744,16753,21
20171226,134500,16753,16767,16752,16767,16
20171226,140000,16762,16763,16762,16762,3
20171226,141500,16773,16797,16773,16779,42
20171226,143000,16803,16819,16803,16819,7
20171226,144500,16814,16814,16814,16814,2
20171226,150000,16804,16804,16780,16780,8
20171226,153000,16779,16779,16741,16741,17
20171226,154500,16727,16727,16723,16723,3
20171226,160000,16725,16740,16725,16740,3
20171226,161500,16732,16732,16717,16718,21
20171226,163000,16725,16725,16725,16725,2
20171226,164500,16725,16725,16714,16714,3
20171226,170000,16712,16728,16704,16722,13
20171226,171500,16714,16714,16679,16711,33
20171226,173000,16711,16711,16679,16690,33
20171226,174500,16679,16688,16652,16652,45
20171226,180000,16657,16678,16657,16678,3
20171226,181500,16656,16663,16647,16656,14
20171226,183000,16671,16701,16655,16701,36
20171226,231500,16661,16661,16600,16600,19
20171227,100000,16689,16701,16660,16701,14
20171227,101500,16700,16728,16700,16721,10
20171227,103000,16749,16749,16749,16749,1
20171227,104500,16735,16741,16708,16716,18
20171227,110000,16725,16764,16725,16764,15
20171227,111500,16767,16771,16756,16769,16
20171227,113000,16760,16780,16760,16780,7
20171227,114500,16803,16803,16780,16780,23
20171227,120000,16801,16803,16795,16803,7
20171227,121500,16810,16814,16792,16806,81
20171227,123000,16799,16809,16788,16809,41
20171227,124500,16808,16815,16800,16800,35
20171227,130000,16808,16808,16808,16808,1
20171227,131500,16806,16806,16789,16790,19
20171227,133000,16777,16805,16777,16805,5
20171227,134500,16792,16792,16792,16792,1
20171227,140000,16774,16778,16774,16778,10
20171227,144500,16775,16775,16771,16771,5
20171227,150000,16770,16777,16770,16777,4
20171227,151500,16763,16779,16752,16752,6
20171227,153000,16757,16760,16714,16745,93
20171227,154500,16736,16738,16727,16727,12
20171227,160000,16721,16735,16721,16735,7
20171227,161500,16720,16720,16720,16720,1
20171227,163000,16716,16734,16715,16733,42
20171227,164500,16726,16750,16719,16750,28
20171227,170000,16713,16713,16713,16713,3
20171227,171500,16692,16692,16650,16650,29
20171227,173000,16675,16679,16675,16679,3
20171227,174500,16668,16668,16639,16639,7
20171227,180000,16632,16635,16621,16633,19
20171227,181500,16621,16621,16545,16579,80
20171227,183000,16571,16584,16492,16505,60
20171227,190000,16457,16460,16457,16460,7
20171227,193000,16483,16483,16483,16483,1
20171227,200000,16483,16483,16483,16483,2
20171227,203000,16484,16484,16484,16484,1
20171227,214500,16500,16500,16500,16500,1
20171227,221500,16486,16486,16486,16486,2
20171227,231500,16508,16508,16508,16508,1
20171228,100000,16518,16635,16518,16614,26
20171228,101500,16640,16640,16610,16610,2
20171228,103000,16604,16606,16585,16585,7
20171228,104500,16605,16620,16594,16594,11
20171228,110000,16594,16603,16590,16603,6
20171228,111500,16624,16628,16621,16628,13
20171228,113000,16628,16628,16626,16626,7
20171228,114500,16612,16612,16583,16583,5
20171228,120000,16576,16576,16572,16572,5
20171228,121500,16571,16580,16571,16580,14
20171228,123000,16568,16568,16568,16568,1
20171228,124500,16576,16576,16568,16568,15
20171228,130000,16554,16558,16554,16558,3
20171228,131500,16557,16563,16552,16552,4
20171228,133000,16562,16585,16553,16577,24
20171228,134500,16581,16599,16581,16599,13
20171228,140000,16590,16590,16561,16561,11
20171228,141500,16565,16565,16549,16549,3
20171228,143000,16553,16553,16520,16530,6
20171228,144500,16553,16560,16540,16540,7
20171228,150000,16569,16570,16554,16560,5
20171228,151500,16545,16546,16538,16538,3
20171228,163000,16536,16540,16536,16540,2
20171228,164500,16553,16556,16553,16556,6
20171228,171500,16577,16577,16575,16575,3
20171228,173000,16587,16587,16587,16587,1
20171228,174500,16571,16580,16568,16579,15
20171228,180000,16586,16586,16586,16586,1
20171228,181500,16592,16592,16559,16559,36
20171228,183000,16556,16556,16532,16532,7
20171228,193000,16581,16583,16556,16583,7
20171228,204500,16587,16587,16583,16583,8
20171228,214500,16558,16558,16557,16557,4
20171228,234500,16556,16556,16556,16556,2
20171229,100000,16556,16591,16540,16558,30
20171229,101500,16558,16558,16541,16556,9
20171229,103000,16553,16553,16551,16551,2
20171229,104500,16551,16551,16549,16550,7
20171229,110000,16544,16554,16543,16546,6
20171229,111500,16547,16547,16518,16525,17
20171229,114500,16540,16540,16532,16534,12
20171229,121500,16543,16543,16542,16542,2
20171229,124500,16556,16559,16534,16534,15
20171229,131500,16526,16533,16526,16532,9
20171229,134500,16514,16514,16506,16506,5
20171229,141500,16513,16527,16513,16527,11
20171229,150000,16511,16536,16511,16525,31
20171229,151500,16531,16531,16527,16527,5
20171229,153000,16534,16534,16534,16534,1
20171229,160000,16553,16560,16536,16549,7
20171229,161500,16556,16556,16556,16556,3
20171229,163000,16575,16576,16563,16563,3
20171229,164500,16569,16579,16562,16568,7
20171229,170000,16562,16562,16562,16562,2
20171229,173000,16554,16558,16542,16542,10
20171229,174500,16535,16535,16513,16513,6
20171229,180000,16515,16515,16515,16515,1
20171229,181500,16519,16527,16503,16516,22
20171229,183000,16526,16526,16480,16480,8
20180103,100000,16543,16543,16302,16455,161
20180103,101500,16470,16512,16470,16512,68
20180103,103000,16524,16558,16519,16558,24
20180103,110000,16562,16568,16559,16568,5
20180103,111500,16558,16563,16553,16555,44
20180103,113000,16553,16553,16553,16553,2
20180103,114500,16536,16536,16534,16534,2
20180103,121500,16552,16552,16552,16552,4
20180103,124500,16568,16573,16568,16573,2
20180103,131500,16573,16573,16557,16557,5
20180103,133000,16551,16619,16551,16600,15
20180103,134500,16629,16629,16606,16606,6
20180103,141500,16633,16633,16633,16633,2
20180103,143000,16635,16638,16635,16638,3
20180103,144500,16645,16654,16628,16628,23
20180103,150000,16632,16633,16632,16633,5
20180103,151500,16660,16660,16660,16660,1
20180103,153000,16640,16640,16640,16640,1
20180103,154500,16656,16659,16642,16642,4
20180103,160000,16659,16659,16659,16659,1
20180103,163000,16660,16660,16660,16660,1
20180103,164500,16662,16662,16662,16662,3
20180103,170000,16659,16659,16623,16623,38
20180103,173000,16624,16624,16617,16624,4
20180103,180000,16602,16624,16600,16624,6
20180103,181500,16652,16654,16642,16642,12
20180103,183000,16642,16642,16596,16596,15
20180103,191500,16661,16661,16661,16661,1
20180104,100000,16630,16657,16630,16649,12
20180104,101500,16651,16651,16609,16611,18
20180104,103000,16614,16614,16560,16587,69
20180104,104500,16608,16621,16582,16590,19
20180104,110000,16612,16612,16596,16599,5
20180104,111500,16615,16645,16615,16645,2
20180104,113000,16642,16645,16619,16619,16
20180104,114500,16601,16618,16600,16618,12
20180104,120000,16618,16632,16618,16624,7
20180104,123000,16623,16631,16612,16631,11
20180104,124500,16649,16659,16646,16646,18
20180104,130000,16671,16700,16665,16668,37
20180104,131500,16633,16652,16627,16646,11
20180104,133000,16643,16643,16592,16630,45
20180104,134500,16647,16661,16625,16625,19
20180104,140000,16606,16606,16603,16603,8
20180104,141500,16592,16592,16538,16585,121
20180104,143000,16594,16594,16548,16556,60
20180104,144500,16551,16570,16517,16570,36
20180104,151500,16596,16600,16596,16600,11
20180104,153000,16589,16589,16589,16589,3
20180104,154500,16598,16600,16596,16596,8
20180104,160000,16608,16624,16576,16576,116
20180104,161500,16589,16600,16553,16600,140
20180104,173000,16617,16620,16570,16570,50
20180104,174500,16582,16598,16566,16598,17
20180104,181500,16615,16623,16612,16612,23
20180104,183000,16612,16614,16556,16556,45
20180104,231500,16619,16630,16619,16630,2
20180105,100000,16641,16660,16641,16655,7
20180105,101500,16668,16674,16663,16671,25
20180105,103000,16674,16678,16629,16629,26
20180105,104500,16630,16722,16611,16695,237
20180105,110000,16684,16684,16674,16678,14
20180105,111500,16678,16678,16678,16678,2
20180105,113000,16692,16692,16680,16680,10
20180105,114500,16675,16680,16675,16680,4
20180105,120000,16670,16671,16668,16671,9
20180105,123000,16655,16655,16651,16651,5
20180105,124500,16630,16630,16630,16630,8
20180105,130000,16612,16612,16583,16600,25
20180105,133000,16600,16600,16600,16600,3
20180105,134500,16594,16618,16594,16618,3
20180105,144500,16594,16594,16591,16591,2
20180105,150000,16583,16588,16583,16588,9
20180105,154500,16599,16600,16599,16600,5
20180105,160000,16600,16600,16595,16595,6
20180105,161500,16596,16596,16595,16595,8
20180105,163000,16604,16612,16604,16611,15
20180105,170000,16593,16600,16593,16600,37
20180105,171500,16600,16600,16600,16600,8
20180105,174500,16602,16615,16602,16615,22
20180105,180000,16615,16623,16615,16622,19
20180105,183000,16637,16647,16620,16620,8
20180105,201500,16680,16680,16680,16680,5
20180105,221500,16669,16669,16669,16669,1
20180105,234500,16672,16672,16672,16672,1
20180109,100000,16678,16718,16678,16694,29
20180109,101500,16700,16700,16690,16690,7
20180109,103000,16683,16683,16657,16681,19
20180109,104500,16668,16668,16666,16666,6
20180109,110000,16690,16690,16690,16690,20
20180109,111500,16687,16687,16638,16681,26
20180109,113000,16676,16685,16675,16685,16
20180109,114500,16689,16724,16689,16724,17
20180109,120000,16726,16787,16726,16787,69
20180109,121500,16799,16799,16766,16769,25
20180109,123000,16763,16763,16763,16763,4
20180109,124500,16780,16788,16766,16766,19
20180109,130000,16786,16870,16786,16870,134
20180109,131500,16889,16904,16833,16833,31
20180109,133000,16817,16817,16792,16802,27
20180109,134500,16790,16794,16768,16768,13
20180109,140000,16763,16763,16714,16756,47
20180109,141500,16726,16755,16702,16755,11
20180109,143000,16720,16730,16720,16730,5
20180109,144500,16755,16765,16752,16752,29
20180109,150000,16768,16783,16768,16783,5
20180109,151500,16761,16761,16734,16734,25
20180109,153000,16731,16731,16631,16631,141
20180109,154500,16632,16656,16590,16656,204
20180109,160000,16666,16667,16651,16661,22
20180109,161500,16666,16683,16666,16683,5
20180109,163000,16674,16674,16662,16662,30
20180109,173000,16703,16703,16703,16703,1
20180109,174500,16695,16696,16691,16691,4
20180109,180000,16678,16678,16678,16678,1
20180109,181500,16676,16676,16674,16674,3
20180109,183000,16692,16740,16692,16740,26
20180109,210000,16824,16824,16824,16824,1
20180109,220000,16788,16789,16722,16722,4
20180110,100000,16703,16721,16696,16721,38
20180110,101500,16705,16705,16705,16705,70
20180110,110000,16651,16651,16650,16650,6
20180110,111500,16680,16689,16653,16675,76
20180110,113000,16665,16670,16660,16660,85
20180110,114500,16656,16656,16651,16651,6
20180110,120000,16661,16665,16650,16657,32
20180110,121500,16650,16665,16650,16665,10
20180110,123000,16651,16659,16620,16640,175
20180110,124500,16645,16649,16625,16633,68
20180110,130000,16626,16684,16626,16683,36
20180110,131500,16651,16665,16620,16638,68
20180110,133000,16622,16640,16622,16640,11
20180110,134500,16621,16630,16620,16630,29
20180110,140000,16630,16630,16611,16629,12
20180110,141500,16627,16627,16610,16620,20
20180110,143000,16603,16603,16603,16603,5
20180110,144500,16604,16616,16604,16605,16
20180110,150000,16604,16619,16600,16600,58
20180110,151500,16600,16601,16600,16600,72
20180110,153000,16601,16610,16595,16595,26
20180110,154500,16616,16616,16595,16595,10
20180110,160000,16595,16648,16591,16636,38
20180110,161500,16608,16608,16593,16593,25
20180110,163000,16591,16631,16590,16626,34
20180110,164500,16615,16615,16599,16599,5
20180110,170000,16590,16623,16590,16623,6
20180110,171500,16600,16600,16592,16592,15
20180110,173000,16642,16646,16590,16590,76
20180110,174500,16649,16650,16626,16650,55
20180110,180000,16665,16676,16665,16676,8
20180110,181500,16687,16697,16670,16694,128
20180110,183000,16700,16700,16665,16688,104
20180110,231500,16728,16728,16728,16728,1
20180111,100000,16691,16711,16656,16683,76
20180111,101500,16683,16700,16683,16698,28
20180111,103000,16693,16706,16693,16706,23
20180111,104500,16710,16733,16710,16719,6
20180111,111500,16735,16810,16735,16810,131
20180111,113000,16810,16810,16772,16795,34
20180111,114500,16796,16800,16796,16800,8
20180111,120000,16803,16809,16803,16809,25
20180111,121500,16823,16844,16823,16835,58
20180111,123000,16834,16866,16834,16865,103
20180111,124500,16865,16876,16828,16828,115
20180111,131500,16825,16825,16825,16825,25
20180111,133000,16823,16823,16823,16823,6
20180111,134500,16805,16805,16800,16800,48
20180111,140000,16800,16800,16778,16778,13
20180111,141500,16790,16791,16790,16791,13
20180111,143000,16792,16792,16792,16792,5
20180111,144500,16798,16798,16798,16798,1
20180111,150000,16841,16862,16841,16862,51
20180111,151500,16872,16872,16861,16861,58
20180111,153000,16850,16880,16831,16870,39
20180111,154500,16879,16889,16870,16876,117
20180111,160000,16889,16889,16854,16872,89
20180111,161500,16838,16838,16746,16782,278
20180111,163000,16765,16777,16736,16772,40
20180111,170000,16774,16776,16774,16776,7
20180111,171500,16791,16792,16791,16792,3
20180111,174500,16780,16805,16779,16805,16
20180111,180000,16813,16813,16779,16779,120
20180111,181500,16799,16813,16725,16768,126
20180111,183000,16775,16781,16730,16781,71
20180111,210000,16834,16834,16834,16834,1
20180111,211500,16835,16835,16835,16835,2
20180111,231500,16830,16830,16830,16830,1
20180112,100000,16780,16794,16704,16725,64
20180112,101500,16763,16808,16763,16799,24
20180112,103000,16820,16820,16783,16783,12
20180112,104500,16775,16775,16767,16767,6
20180112,110000,16734,16755,16734,16755,10
20180112,111500,16750,16770,16750,16770,19
20180112,113000,16760,16761,16725,16725,28
20180112,114500,16726,16726,16725,16725,59
20180112,120000,16730,16768,16730,16768,15
20180112,121500,16767,16767,16734,16734,14
20180112,123000,16721,16733,16715,16733,65
20180112,124500,16724,16724,16700,16700,16
20180112,130000,16693,16698,16675,16698,117
20180112,131500,16691,16715,16691,16715,35
20180112,133000,16675,16684,16659,16684,99
20180112,134500,16665,16680,16665,16680,12
20180112,140000,16675,16675,16664,16664,13
20180112,141500,16660,16660,16642,16648,60
20180112,143000,16645,16650,16642,16642,95
20180112,144500,16630,16640,16620,16620,63
20180112,151500,16618,16618,16618,16618,6
20180112,153000,16611,16649,16611,16649,5
20180112,154500,16635,16639,16620,16635,62
20180112,160000,16635,16664,16635,16664,10
20180112,163000,16704,16705,16690,16690,16
20180112,164500,16667,16684,16666,16684,12
20180112,170000,16680,16690,16672,16673,43
20180112,171500,16695,16695,16695,16695,3
20180112,173000,16675,16689,16661,16680,6
20180112,174500,16677,16694,16650,16661,38
20180112,180000,16653,16683,16653,16665,24
20180112,181500,16670,16680,16670,16678,21
20180112,183000,16686,16718,16683,16686,75
20180112,191500,16674,16674,16674,16674,1
20180112,193000,16723,16764,16723,16734,5
20180112,214500,16747,16747,16747,16747,8
20180115,100000,16704,16750,16704,16712,36
20180115,101500,16709,16728,16681,16728,92
20180115,103000,16747,16748,16724,16726,14
20180115,104500,16726,16749,16706,16709,49
20180115,110000,16695,16695,16671,16692,14
20180115,111500,16694,16694,16606,16676,216
20180115,113000,16674,16674,16521,16618,417
20180115,114500,16605,16605,16500,16588,236
20180115,120000,16595,16599,16549,16575,59
20180115,121500,16600,16600,16600,16600,4
20180115,123000,16599,16614,16599,16614,5
20180115,124500,16599,16606,16599,16600,11
20180115,130000,16596,16620,16588,16588,14
20180115,131500,16619,16619,16580,16580,5
20180115,133000,16589,16589,16581,16581,2
20180115,134500,16581,16595,16556,16566,50
20180115,140000,16597,16597,16597,16597,1
20180115,141500,16597,16604,16588,16588,19
20180115,143000,16585,16605,16582,16605,12
20180115,144500,16605,16645,16605,16630,54
20180115,150000,16624,16624,16624,16624,1
20180115,151500,16624,16624,16619,16619,6
20180115,153000,16634,16651,16624,16651,21
20180115,154500,16623,16634,16610,16610,9
20180115,160000,16604,16604,16604,16604,1
20180115,161500,16611,16611,16611,16611,5
20180115,163000,16609,16609,16609,16609,1
20180115,164500,16620,16649,16620,16649,11
20180115,170000,16652,16652,16630,16630,21
20180115,171500,16631,16631,16631,16631,1
20180115,174500,16624,16624,16599,16603,16
20180115,181500,16593,16612,16585,16587,31
20180115,183000,16567,16602,16540,16602,13
20180115,191500,16535,16535,16525,16525,5
20180115,224500,16570,16580,16570,16574,5
20180115,230000,16584,16590,16584,16590,3
20180116,100000,16545,16570,16532,16551,22
20180116,101500,16574,16602,16574,16599,24
20180116,103000,16605,16605,16605,16605,1
20180116,111500,16571,16574,16571,16574,4
20180116,114500,16556,16556,16550,16550,10
20180116,120000,16554,16554,16545,16545,12
20180116,121500,16560,16563,16550,16563,6
20180116,123000,16554,16554,16554,16554,5
20180116,124500,16542,16542,16542,16542,10
20180116,131500,16550,16550,16545,16545,2
20180116,133000,16543,16557,16543,16557,2
20180116,134500,16537,16550,16537,16550,12
20180116,140000,16557,16559,16557,16559,3
20180116,141500,16559,16591,16559,16574,14
20180116,143000,16556,16556,16556,16556,1
20180116,144500,16556,16560,16540,16540,11
20180116,150000,16550,16550,16550,16550,2
20180116,154500,16531,16531,16529,16529,53
20180116,160000,16529,16529,16529,16529,57
20180116,161500,16529,16529,16529,16529,18
20180116,163000,16529,16530,16529,16530,6
20180116,164500,16529,16578,16529,16563,35
20180116,171500,16547,16547,16547,16547,5
20180116,173000,16542,16543,16526,16526,13
20180116,174500,16527,16527,16478,16511,65
20180116,181500,16512,16512,16512,16512,13
20180116,183000,16522,16525,16450,16450,26
20180116,193000,16522,16522,16522,16522,1
20180116,231500,16461,16461,16460,16460,2
20180117,100000,16468,16468,16428,16440,16
20180117,101500,16445,16472,16445,16472,14
20180117,103000,16462,16462,16462,16462,2
20180117,104500,16482,16500,16482,16500,51
20180117,110000,16490,16514,16465,16465,21
20180117,111500,16496,16501,16496,16501,38
20180117,113000,16501,16518,16500,16513,58
20180117,114500,16508,16511,16488,16492,21
20180117,123000,16525,16529,16525,16528,5
20180117,130000,16512,16512,16491,16491,33
20180117,131500,16536,16539,16528,16528,14
20180117,133000,16547,16547,16513,16513,6
20180117,134500,16511,16531,16511,16515,23
20180117,140000,16510,16522,16510,16520,7
20180117,141500,16549,16549,16549,16549,1
20180117,143000,16509,16511,16507,16511,6
20180117,144500,16517,16520,16500,16500,24
20180117,150000,16507,16520,16507,16520,11
20180117,154500,16507,16507,16507,16507,1
20180117,160000,16540,16540,16520,16527,9
20180117,161500,16526,16553,16525,16551,31
20180117,163000,16553,16553,16542,16542,4
20180117,164500,16543,16553,16542,16553,9
20180117,170000,16550,16553,16550,16553,32
20180117,171500,16552,16585,16542,16585,99
20180117,173000,16592,16592,16582,16582,8
20180117,174500,16582,16588,16582,16588,7
20180117,180000,16593,16600,16593,16600,32
20180117,183000,16613,16626,16610,16626,32
20180117,191500,16600,16600,16600,16600,1
20180118,100000,16645,16650,16637,16649,22
20180118,101500,16621,16621,16600,16600,12
20180118,103000,16627,16627,16627,16627,1
20180118,104500,16607,16607,16600,16600,10
20180118,110000,16600,16600,16596,16596,30
20180118,111500,16627,16627,16627,16627,2
20180118,113000,16640,16640,16640,16640,1
20180118,120000,16621,16621,16620,16620,3
20180118,124500,16637,16648,16618,16648,28
20180118,130000,16623,16627,16623,16627,8
20180118,131500,16639,16654,16639,16641,30
20180118,133000,16650,16650,16650,16650,1
20180118,134500,16650,16675,16650,16675,40
20180118,140000,16674,16695,16674,16680,31
20180118,141500,16680,16695,16677,16695,109
20180118,143000,16685,16685,16679,16679,8
20180118,144500,16683,16685,16675,16677,16
20180118,150000,16690,16725,16675,16720,186
20180118,151500,16720,16739,16711,16738,29
20180118,153000,16735,16780,16734,16776,196
20180118,154500,16776,16795,16772,16787,81
20180118,160000,16797,16800,16784,16798,127
20180118,161500,16800,16825,16799,16825,256
20180118,163000,16826,16835,16825,16829,15
20180118,164500,16812,16812,16811,16811,8
20180118,170000,16799,16799,16798,16799,8
20180118,171500,16799,16814,16798,16800,51
20180118,173000,16798,16815,16798,16799,41
20180118,174500,16810,16815,16800,16815,35
20180118,180000,16798,16810,16788,16805,92
20180118,181500,16805,16807,16803,16804,32
20180118,183000,16810,16815,16800,16815,50
20180118,200000,16810,16810,16810,16810,2
20180118,204500,16811,16825,16811,16825,26
20180118,210000,16825,16825,16825,16825,43
20180118,223000,16825,16825,16825,16825,35
20180119,100000,16830,16846,16778,16827,72
20180119,101500,16844,16879,16844,16856,49
20180119,103000,16912,17161,16912,17161,331
20180119,104500,17116,17400,17116,17397,974
20180119,110000,17394,17446,17311,17311,420
20180119,111500,17337,17337,17292,17303,111
20180119,113000,17292,17300,17291,17292,55
20180119,114500,17301,17359,17301,17359,26
20180119,120000,17371,17772,17371,17754,626
20180119,121500,17766,17770,17705,17716,380
20180119,123000,17718,17730,17666,17702,196
20180119,124500,17703,17865,17703,17856,696
20180119,130000,17860,18069,17860,18069,771
20180119,131500,18068,18074,17986,18000,388
20180119,133000,17999,18079,17907,18005,567
20180119,134500,18004,18005,17966,17989,217
20180119,140000,17995,18046,17995,18021,215
20180119,141500,18013,18013,17963,17986,87
20180119,143000,18000,18091,18000,18005,96
20180119,144500,18001,18030,17994,18000,17
20180119,150000,17982,17992,17969,17969,108
20180119,151500,17969,17975,17969,17973,74
20180119,153000,17972,17980,17972,17980,3
20180119,154500,18010,18031,18010,18031,43
20180119,160000,18041,18094,18041,18065,150
20180119,161500,18090,18111,18064,18085,75
20180119,163000,18090,18090,18070,18070,14
20180119,164500,18081,18081,17971,18064,393
20180119,170000,18066,18095,18050,18068,100
20180119,171500,18060,18087,18017,18087,64
20180119,173000,18095,18294,18095,18180,580
20180119,174500,18201,18213,18154,18213,38
20180119,180000,18199,18300,18199,18300,95
20180119,181500,18319,18329,18141,18319,374
20180119,183000,18305,18555,18303,18500,626
20180119,190000,18500,18500,18265,18286,107
20180119,191500,18285,18320,18285,18320,7
20180119,193000,18364,18369,18364,18369,6
20180119,194500,18322,18322,18322,18322,1
20180119,203000,18368,18369,18368,18369,2
20180119,204500,18369,18445,18369,18444,130
20180119,210000,18402,18440,18381,18440,9
20180119,213000,18383,18383,18383,18383,2
20180119,214500,18383,18427,18346,18346,11
20180119,220000,18402,18402,18402,18402,1
20180119,224500,18428,18428,18381,18381,2
20180119,233000,18381,18381,18351,18370,11
20180119,234500,18362,18380,18362,18380,3
20180122,100000,18319,18435,18016,18401,1616
20180122,101500,18410,18410,18139,18150,507
20180122,103000,18148,18207,18088,18193,174
20180122,104500,18162,18371,18155,18270,240
20180122,110000,18268,18283,18150,18233,214
20180122,111500,18226,18449,18226,18411,341
20180122,113000,18423,18438,18355,18428,175
20180122,114500,18433,18632,18398,18617,477
20180122,120000,18613,18992,18589,18987,1126
20180122,121500,18989,19124,18897,18990,1029
20180122,123000,19011,19060,18900,18900,259
20180122,124500,18900,18960,18879,18955,130
20180122,130000,18982,18982,18781,18851,269
20180122,131500,18851,18950,18791,18802,116
20180122,133000,18826,18944,18826,18876,101
20180122,134500,18877,18899,18872,18889,35
20180122,140000,18929,18999,18827,18886,114
20180122,141500,18900,18989,18900,18950,53
20180122,143000,18939,18939,18676,18694,387
20180122,144500,18702,18702,18461,18615,1031
20180122,150000,18600,18710,18600,18696,136
20180122,151500,18680,18729,18659,18694,137
20180122,153000,18696,18705,18588,18588,78
20180122,154500,18594,18594,18444,18499,242
20180122,160000,18494,18505,18360,18488,298
20180122,161500,18475,18559,18409,18549,90
20180122,163000,18566,18652,18566,18643,131
20180122,164500,18649,18665,18593,18593,70
20180122,170000,18610,18648,18603,18648,8
20180122,171500,18648,18685,18648,18685,26
20180122,173000,18700,18700,18674,18674,22
20180122,174500,18701,18720,18694,18694,68
20180122,180000,18689,18699,18678,18699,66
20180122,181500,18699,18705,18630,18630,98
20180122,183000,18645,18659,18630,18659,28
20180122,190000,18711,18711,18711,18711,1
20180122,193000,18711,18711,18711,18711,1
20180122,200000,18710,18710,18689,18689,2
20180122,214500,18647,18647,18647,18647,1
20180122,221500,18737,18740,18737,18740,4
20180122,223000,18647,18647,18646,18646,2
20180122,224500,18650,18650,18650,18650,6
20180122,231500,18727,18740,18727,18740,6
20180122,233000,18664,18722,18650,18722,66
20180123,100000,18838,18838,18427,18484,209
20180123,101500,18503,18605,18503,18601,104
20180123,103000,18531,18540,18458,18498,149
20180123,104500,18486,18590,18452,18577,96
20180123,110000,18557,18557,18452,18452,26
20180123,111500,18444,18483,18400,18410,105
20180123,113000,18407,18414,18200,18221,672
20180123,114500,18222,18238,18085,18106,372
20180123,120000,18085,18219,18081,18218,190
20180123,121500,18205,18205,18125,18125,304
20180123,123000,18113,18175,18082,18175,99
20180123,124500,18175,18233,18175,18200,751
20180123,130000,18200,18242,18200,18202,303
20180123,131500,18216,18226,18135,18147,136
20180123,133000,18135,18149,18101,18149,65
20180123,134500,18150,18155,18150,18155,10
20180123,140000,18141,18141,18073,18073,194
20180123,141500,18072,18126,18072,18095,38
20180123,143000,18085,18099,18051,18060,282
20180123,144500,18070,18080,18044,18080,53
20180123,150000,18080,18080,18072,18072,7
20180123,151500,18072,18072,18058,18060,4
20180123,153000,18069,18171,18069,18097,47
20180123,154500,18111,18111,18041,18051,85
20180123,160000,18045,18051,18021,18021,31
20180123,161500,18050,18061,18021,18049,22
20180123,163000,18065,18095,18065,18068,21
20180123,164500,18067,18093,18060,18075,22
20180123,170000,18084,18134,18084,18100,25
20180123,171500,18095,18102,18076,18093,18
20180123,173000,18097,18097,18091,18091,2
20180123,174500,18076,18101,18046,18100,194
20180123,180000,18077,18094,18077,18092,29
20180123,181500,18046,18080,18031,18068,341
20180123,183000,18070,18077,18040,18073,132
20180123,190000,18111,18111,18104,18105,4
20180123,191500,18104,18104,18100,18100,6
20180123,193000,18097,18115,18097,18115,20
20180123,194500,18113,18113,18113,18113,1
20180123,203000,18099,18100,18099,18100,3
20180123,204500,18099,18099,18056,18056,5
20180123,210000,18097,18097,18097,18097,1
20180123,223000,18073,18073,18073,18073,1
20180123,230000,18073,18073,18073,18073,6
20180123,231500,18073,18098,18070,18098,11
20180123,233000,18071,18071,18060,18060,172
20180123,234500,18056,18057,18056,18056,14
20180124,100000,18025,18115,17835,17984,421
20180124,101500,17947,17947,17800,17870,288
20180124,103000,17871,17935,17850,17899,126
20180124,104500,17902,17926,17834,17837,108
20180124,110000,17837,17848,17827,17827,106
20180124,111500,17850,17873,17850,17866,14
20180124,113000,17882,17967,17870,17967,127
20180124,114500,17967,18054,17950,18054,515
20180124,120000,18060,18180,18060,18123,399
20180124,121500,18153,18184,18151,18179,86
20180124,123000,18183,18224,18173,18173,100
20180124,124500,18135,18173,18115,18118,99
20180124,130000,18119,18155,18119,18155,19
20180124,131500,18151,18155,18138,18140,21
20180124,133000,18136,18139,18091,18103,257
20180124,134500,18103,18124,18046,18046,106
20180124,140000,18034,18034,17940,17990,178
20180124,141500,17946,17970,17946,17959,9
20180124,143000,17983,17983,17975,17982,10
20180124,144500,17983,17985,17966,17966,17
20180124,150000,17985,17985,17978,17978,8
20180124,151500,17978,17978,17978,17978,4
20180124,153000,17965,17979,17964,17964,10
20180124,154500,17968,18035,17968,18035,61
20180124,160000,18049,18068,18049,18060,24
20180124,161500,18040,18064,18023,18064,24
20180124,163000,18069,18079,18068,18070,14
20180124,164500,18047,18047,17977,17999,70
20180124,170000,18000,18110,17982,17982,143
20180124,171500,17981,17986,17974,17986,4
20180124,174500,17986,17987,17964,17964,10
20180124,181500,17970,17987,17940,17987,148
20180124,183000,17985,17987,17939,17961,56
20180124,203000,17961,17961,17961,17961,1
20180124,221500,17986,17990,17986,17990,16
20180124,223000,17980,18027,17980,18027,23
20180124,224500,18027,18027,18027,18027,9
20180124,231500,18027,18030,18027,18030,13
20180124,234500,17999,17999,17999,17999,1
20180125,100000,18104,18171,18067,18070,89
20180125,101500,18030,18047,17976,18039,134
20180125,103000,18000,18014,18000,18010,12
20180125,104500,18001,18001,17974,17974,15
20180125,110000,17969,17984,17837,17880,130
20180125,111500,17862,17862,17754,17766,228
20180125,113000,17773,17795,17700,17787,247
20180125,114500,17803,17807,17675,17728,112
20180125,120000,17705,17799,17677,17761,52
20180125,121500,17770,17770,17685,17749,48
20180125,123000,17738,17756,17676,17676,226
20180125,124500,17711,17720,17590,17650,298
20180125,130000,17662,17808,17662,17797,114
20180125,131500,17780,17783,17741,17741,144
20180125,133000,17740,17765,17733,17765,12
20180125,134500,17785,17785,17648,17724,206
20180125,140000,17688,17695,17669,17669,11
20180125,141500,17701,17817,17698,17808,122
20180125,143000,17790,17809,17774,17774,49
20180125,144500,17770,17776,17750,17776,18
20180125,150000,17777,17799,17735,17735,64
20180125,151500,17714,17714,17706,17706,3
20180125,153000,17723,17750,17715,17750,21
20180125,154500,17750,17789,17750,17780,22
20180125,160000,17797,17800,17785,17800,7
20180125,161500,17800,17824,17800,17824,10
20180125,163000,17824,17871,17756,17760,170
20180125,164500,17769,17772,17763,17763,9
20180125,170000,17734,17734,17705,17714,33
20180125,171500,17758,17773,17750,17770,43
20180125,173000,17738,17738,17720,17720,22
20180125,174500,17712,17750,17703,17704,51
20180125,180000,17700,17701,17681,17700,302
20180125,181500,17680,17680,17659,17659,5
20180125,183000,17685,17700,17652,17695,27
20180125,191500,17671,17690,17671,17690,4
20180125,201500,17670,17670,17660,17660,2
20180125,221500,17585,17601,17584,17600,6
20180125,223000,17580,17580,17580,17580,1
20180125,224500,17640,17640,17640,17640,1
20180125,233000,17650,17671,17650,17671,5
20180126,100000,17687,17687,17501,17631,56
20180126,101500,17666,17735,17655,17655,104
20180126,103000,17702,17805,17702,17798,52
20180126,104500,17767,17767,17752,17753,13
20180126,110000,17753,17753,17628,17628,38
20180126,111500,17702,17711,17692,17692,28
20180126,113000,17709,17709,17701,17701,4
20180126,114500,17731,17731,17698,17729,9
20180126,120000,17747,17749,17747,17749,6
20180126,123000,17744,17751,17679,17679,42
20180126,124500,17668,17677,17648,17651,18
20180126,130000,17653,17653,17589,17631,54
20180126,134500,17631,17631,17631,17631,3
20180126,140000,17660,17660,17626,17626,11
20180126,141500,17622,17622,17586,17586,33
20180126,143000,17576,17576,17501,17502,44
20180126,144500,17502,17540,17424,17424,168
20180126,150000,17424,17469,17363,17469,160
20180126,151500,17473,17479,17473,17476,8
20180126,153000,17434,17434,17365,17374,37
20180126,154500,17394,17450,17394,17450,14
20180126,161500,17410,17429,17410,17429,8
20180126,163000,17427,17453,17390,17390,68
20180126,164500,17400,17408,17374,17374,23
20180126,170000,17410,17410,17410,17410,1
20180126,174500,17389,17389,17353,17353,28
20180126,180000,17389,17389,17389,17389,3
20180126,181500,17389,17404,17336,17388,53
20180126,183000,17390,17421,17315,17367,124
20180126,190000,17343,17343,17343,17343,2
20180126,193000,17409,17409,17409,17409,1
20180126,194500,17408,17410,17408,17410,2
20180126,204500,17453,17453,17453,17453,1
20180126,231500,17464,17465,17464,17465,7
20180126,234500,17468,17468,17468,17468,6
20180129,100000,17471,17576,17460,17501,63
20180129,101500,17510,17542,17499,17499,56
20180129,103000,17476,17494,17255,17314,129
20180129,104500,17309,17374,17309,17374,52
20180129,110000,17367,17405,17312,17404,76
20180129,111500,17404,17668,17404,17615,134
20180129,113000,17628,17629,17624,17629,12
20180129,114500,17629,17799,17625,17799,95
20180129,120000,17770,17816,17700,17791,140
20180129,121500,17810,17828,17810,17828,41
20180129,123000,17784,17784,17658,17701,66
20180129,124500,17716,17716,17650,17675,34
20180129,130000,17675,17709,17659,17709,26
20180129,131500,17736,17743,17695,17743,63
20180129,133000,17763,17794,17760,17784,26
20180129,134500,17771,17771,17738,17770,24
20180129,140000,17730,17752,17708,17722,35
20180129,141500,17708,17720,17701,17708,40
20180129,143000,17696,17699,17690,17690,22
20180129,144500,17702,17702,17702,17702,1
20180129,150000,17733,17754,17733,17736,22
20180129,151500,17737,17737,17736,17736,4
20180129,153000,17708,17708,17625,17700,60
20180129,154500,17748,17748,17745,17748,28
20180129,160000,17714,17728,17700,17710,41
20180129,161500,17705,17748,17705,17734,20
20180129,163000,17725,17725,17657,17670,28
20180129,164500,17685,17685,17685,17685,2
20180129,170000,17655,17655,17582,17637,28
20180129,171500,17641,17670,17640,17670,16
20180129,173000,17670,17670,17595,17600,29
20180129,174500,17615,17618,17600,17600,18
20180129,180000,17600,17606,17596,17596,7
20180129,181500,17628,17660,17628,17660,22
20180129,183000,17685,17693,17632,17662,37
20180129,193000,17614,17614,17614,17614,5
20180129,194500,17700,18000,17700,18000,93
20180129,200000,17709,17729,17709,17729,2
20180129,201500,17731,17731,17731,17731,1
20180129,204500,17729,17729,17729,17729,1
20180129,210000,17739,17740,17739,17740,2
20180129,220000,17727,17735,17727,17730,7
20180129,223000,17702,17702,17697,17697,16
20180129,230000,17734,17734,17734,17734,1
20180129,231500,17696,17721,17695,17721,9
20180130,190000,17855,17945,17855,17945,8
20180130,191500,17965,17965,17964,17964,6
20180130,200000,18049,18049,18000,18000,2
20180131,100000,18000,18000,17861,17894,87
20180131,101500,17857,17926,17565,17853,193
20180131,103000,17853,17875,17807,17807,41
20180131,104500,17761,17761,17738,17738,13
20180131,110000,17814,17907,17814,17907,22
20180131,111500,17917,18149,17917,18136,563
20180131,113000,18128,18128,18062,18089,84
20180131,114500,18092,18092,18004,18046,59
20180131,120000,18046,18105,18046,18091,45
20180131,121500,18091,18150,18081,18103,85
20180131,123000,18143,18146,18107,18146,122
20180131,124500,18130,18130,18063,18063,52
20180131,130000,18085,18100,18071,18085,45
20180131,131500,18085,18085,18066,18066,8
20180131,133000,18052,18052,18019,18019,22
20180131,134500,18018,18018,17946,17947,55
20180131,140000,17955,18030,17955,18030,6
20180131,141500,18028,18071,18028,18039,12
20180131,143000,18038,18039,18022,18022,23
20180131,144500,17982,17982,17935,17935,55
20180131,150000,17886,17886,17852,17860,53
20180131,151500,17860,17860,17860,17860,1
20180131,153000,17800,17802,17788,17800,109
20180131,154500,17790,17791,17775,17775,38
20180131,160000,17769,17780,17741,17761,196
20180131,161500,17755,17810,17753,17810,30
20180131,163000,17837,17888,17800,17800,55
20180131,164500,17798,17798,17768,17784,29
20180131,170000,17815,17837,17743,17761,17
20180131,171500,17761,17761,17740,17740,6
20180131,173000,17760,17760,17745,17745,13
20180131,174500,17786,17810,17749,17751,103
20180131,180000,17750,17764,17741,17742,30
20180131,181500,17765,17765,17701,17734,43
20180131,183000,17740,17762,17695,17695,21
20180131,190000,17676,17676,17676,17676,1
20180131,191500,17677,17677,17676,17676,2
20180131,193000,17788,17789,17788,17789,5
20180131,194500,17677,17677,17676,17676,2
20180131,200000,17614,17689,17603,17689,15
20180131,204500,17684,17684,17603,17603,27
20180131,214500,17623,17623,17603,17603,10
20180131,233000,17615,17615,17604,17604,12
20180131,234500,17602,17602,17602,17602,4
20180201,100000,17750,17862,17750,17862,22
20180201,101500,17882,17882,17759,17789,67
20180201,103000,17800,17828,17800,17815,21
20180201,104500,17814,17827,17792,17825,27
20180201,110000,17825,17870,17825,17866,39
20180201,111500,17856,17858,17835,17845,77
20180201,113000,17875,18035,17875,18033,456
20180201,114500,18016,18035,17929,17983,217
20180201,120000,17985,18006,17981,17987,68
20180201,121500,17992,18022,17905,17907,249
20180201,123000,17907,17907,17869,17884,32
20180201,124500,17880,17892,17834,17884,64
20180201,130000,17884,17919,17884,17919,12
20180201,131500,17923,17923,17896,17909,12
20180201,133000,17871,17914,17779,17879,1074
20180201,134500,17909,17909,17745,17745,1165
20180201,140000,17765,17765,17731,17762,16
20180201,141500,17757,17783,17757,17783,6
20180201,150000,17726,17750,17726,17733,18
20180201,153000,17736,17736,17727,17727,8
20180201,154500,17731,17734,17728,17728,12
20180201,160000,17754,17754,17727,17727,13
20180201,161500,17740,17740,17720,17729,21
20180201,163000,17710,17710,17661,17705,9
20180201,164500,17680,17688,17611,17660,1130
20180201,170000,17659,17724,17659,17694,63
20180201,171500,17662,17710,17657,17709,104
20180201,173000,17685,17693,17665,17665,26
20180201,174500,17713,17713,17713,17713,8
20180201,181500,17710,17710,17650,17650,66
20180201,183000,17621,17646,17540,17603,60
20180201,190000,17556,17556,17523,17523,4
20180201,200000,17608,17608,17586,17600,11
20180201,201500,17609,17610,17609,17610,26
20180201,204500,17601,17601,17600,17600,24
20180201,210000,17600,17600,17600,17600,1
20180201,211500,17600,17600,17600,17600,2
20180201,223000,17600,17600,17600,17600,15
20180201,224500,17585,17585,17460,17460,11
20180201,231500,17596,17596,17596,17596,1
20180202,100000,17610,17696,17610,17690,31
20180202,101500,17690,17718,17687,17718,32
20180202,103000,17720,17785,17630,17665,40
20180202,104500,17671,17671,17652,17652,8
20180202,110000,17642,17643,17614,17623,37
20180202,111500,17596,17620,17596,17620,12
20180202,113000,17615,17616,17608,17616,4
20180202,114500,17603,17603,17603,17603,1
20180202,120000,17603,17603,17603,17603,1
20180202,121500,17575,17575,17574,17574,2
20180202,123000,17563,17574,17563,17574,7
20180202,133000,17598,17615,17598,17615,12
20180202,134500,17617,17644,17617,17625,18
20180202,140000,17610,17683,17610,17683,12
20180202,141500,17702,17702,17680,17685,6
20180202,143000,17669,17669,17650,17650,10
20180202,144500,17652,17652,17652,17652,2
20180202,150000,17629,17638,17629,17636,7
20180202,154500,17636,17636,17636,17636,3
20180202,161500,17673,17796,17673,17789,121
20180202,163000,17790,17790,17705,17746,36
20180202,164500,17746,17746,17718,17719,21
20180202,170000,17682,17714,17681,17714,5
20180202,171500,17668,17713,17665,17665,6
20180202,173000,17704,17759,17704,17711,95
20180202,174500,17737,17773,17715,17752,87
20180202,180000,17727,17727,17727,17727,3
20180202,181500,17709,17727,17697,17727,105
20180202,183000,17743,17748,17697,17748,27
20180202,193000,17680,17680,17680,17680,1
20180202,200000,17680,17680,17680,17680,1
20180202,204500,17747,17747,17747,17747,1
20180202,211500,17661,17661,17661,17661,1
20180202,214500,17661,17661,17655,17655,5
20180202,221500,17625,17625,17600,17600,5
20180202,223000,17649,17649,17649,17649,1
20180202,224500,17598,17598,17598,17598,1
20180202,230000,17597,17597,17597,17597,3
20180202,231500,17597,17597,17597,17597,1
20180202,233000,17597,17597,17597,17597,4
20180205,100000,17699,17699,17426,17531,221
20180205,101500,17530,17530,17501,17501,8
20180205,103000,17537,17587,17525,17579,108
20180205,104500,17555,17600,17554,17600,50
20180205,110000,17590,17600,17568,17568,82
20180205,111500,17569,17577,17566,17577,17
20180205,113000,17552,17583,17524,17580,43
20180205,114500,17571,17600,17571,17600,109
20180205,120000,17600,17789,17600,17724,317
20180205,121500,17723,17740,17702,17740,20
20180205,123000,17725,17732,17715,17732,9
20180205,124500,17780,17787,17773,17773,34
20180205,130000,17761,17762,17750,17750,10
20180205,131500,17735,17749,17711,17749,37
20180205,133000,17758,17759,17744,17744,14
20180205,134500,17732,17737,17666,17666,155
20180205,140000,17621,17621,17600,17600,9
20180205,141500,17592,17664,17577,17593,224
20180205,143000,17596,17610,17595,17595,16
20180205,144500,17601,17665,17601,17614,34
20180205,150000,17614,17614,17586,17586,16
20180205,151500,17582,17582,17578,17580,4
20180205,153000,17583,17583,17583,17583,2
20180205,154500,17579,17579,17579,17579,2
20180205,160000,17589,17589,17589,17589,4
20180205,161500,17594,17600,17594,17600,66
20180205,163000,17577,17597,17577,17592,24
20180205,164500,17625,17627,17605,17627,48
20180205,170000,17660,17682,17660,17672,15
20180205,171500,17656,17656,17656,17656,11
20180205,173000,17683,17723,17683,17706,37
20180205,174500,17679,17680,17668,17678,18
20180205,180000,17700,17706,17700,17700,27
20180205,181500,17686,17756,17673,17756,44
20180205,183000,17743,17766,17716,17766,19
20180205,190000,17707,17707,17707,17707,2
20180205,210000,17745,17746,17745,17746,4
20180205,220000,17743,17743,17743,17743,1
20180205,221500,17655,17655,17653,17653,6
20180205,230000,17637,17637,17600,17600,5
20180205,231500,17576,17576,17533,17533,15
20180205,233000,17526,17526,17525,17525,6
20180205,234500,17481,17481,17455,17480,50
20180206,100000,17480,17480,17084,17437,878
20180206,101500,17444,17444,17330,17361,117
20180206,103000,17382,17385,17334,17359,69
20180206,104500,17368,17369,17348,17365,17
20180206,110000,17365,17393,17329,17373,62
20180206,111500,17375,17448,17367,17448,47
20180206,113000,17427,17432,17425,17425,9
20180206,114500,17430,17450,17430,17450,10
20180206,120000,17450,17538,17439,17524,77
20180206,121500,17600,17620,17545,17545,63
20180206,123000,17554,17560,17447,17447,30
20180206,124500,17462,17465,17462,17465,5
20180206,130000,17419,17419,17403,17416,10
20180206,131500,17400,17412,17400,17402,4
20180206,133000,17399,17406,17381,17386,39
20180206,134500,17387,17402,17371,17371,6
20180206,140000,17405,17411,17322,17322,109
20180206,141500,17353,17353,17262,17282,31
20180206,143000,17253,17270,17223,17265,110
20180206,144500,17275,17275,17222,17222,149
20180206,150000,17150,17180,16840,16880,370
20180206,151500,16874,17046,16874,17036,319
20180206,153000,17033,17064,17003,17059,41
20180206,154500,17039,17099,17039,17082,52
20180206,160000,17099,17127,17079,17113,36
20180206,161500,17116,17116,17087,17097,17
20180206,163000,17079,17081,17020,17038,31
20180206,164500,17037,17053,17037,17053,16
20180206,170000,17060,17060,17035,17038,17
20180206,171500,17047,17061,17045,17061,6
20180206,173000,17061,17249,17061,17249,142
20180206,174500,17242,17308,17082,17167,310
20180206,180000,17210,17222,17110,17117,59
20180206,181500,17106,17106,16917,16959,282
20180206,183000,16942,16970,16904,16970,60
20180206,191500,17038,17038,17038,17038,1
20180206,193000,17000,17035,17000,17035,2
20180206,194500,17035,17036,17035,17036,10
20180206,200000,17035,17036,17023,17036,46
20180206,203000,17020,17020,17016,17016,4
20180206,204500,17100,17200,17100,17134,17
20180206,211500,17171,17175,17080,17091,14
20180206,213000,17090,17090,17090,17090,3
20180206,214500,17090,17090,17090,17090,4
20180206,221500,17145,17148,17145,17148,10
20180206,223000,17101,17101,17101,17101,2
20180206,224500,17110,17110,17100,17100,3
20180206,230000,17157,17163,17157,17163,5
20180206,231500,17100,17100,17092,17092,5
20180206,233000,17195,17195,17195,17195,4
20180207,100000,17216,17249,17158,17160,82
20180207,101500,17154,17178,17147,17168,30
20180207,103000,17175,17178,17168,17178,6
20180207,104500,17193,17300,17193,17260,198
20180207,110000,17227,17250,17119,17143,63
20180207,111500,17146,17179,17146,17159,23
20180207,113000,17178,17178,17140,17140,18
20180207,114500,17120,17124,17000,17073,160
20180207,120000,17082,17082,17027,17060,40
20180207,121500,17078,17090,17060,17085,25
20180207,123000,17099,17137,17099,17113,19
20180207,124500,17101,17102,17100,17100,12
20180207,130000,17080,17115,17080,17115,3
20180207,131500,17156,17213,17150,17159,65
20180207,133000,17133,17136,17133,17134,11
20180207,134500,17140,17140,17039,17071,31
20180207,140000,17086,17104,17086,17104,7
20180207,141500,17123,17123,17101,17114,25
20180207,143000,17141,17141,17141,17141,2
20180207,144500,17135,17140,17125,17140,11
20180207,150000,17152,17152,17150,17150,5
20180207,151500,17125,17125,17092,17095,18
20180207,154500,17092,17093,17092,17093,5
20180207,160000,17075,17112,17075,17112,6
20180207,161500,17120,17123,17120,17123,9
20180207,163000,17122,17136,17122,17133,11
20180207,164500,17131,17139,17125,17139,13
20180207,170000,17130,17144,17123,17138,10
20180207,171500,17132,17132,17132,17132,1
20180207,173000,17130,17178,17110,17164,32
20180207,174500,17185,17186,17151,17162,20
20180207,180000,17175,17175,17149,17150,20
20180207,181500,17143,17148,17117,17127,57
20180207,183000,17119,17119,17051,17060,60
20180207,190000,16972,16980,16966,16980,28
20180207,191500,17001,17001,17000,17000,2
20180207,201500,17025,17025,17025,17025,1
20180207,203000,17021,17021,17018,17018,3
20180207,204500,17019,17019,17016,17016,4
20180207,210000,17016,17016,16985,16985,12
20180207,211500,16985,16985,16983,16983,3
20180207,213000,17000,17000,17000,17000,2
20180207,214500,17048,17057,17048,17057,3
20180207,221500,17010,17010,17010,17010,1
20180207,223000,17064,17064,17032,17032,4
20180207,233000,16995,16995,16983,16983,3
20180208,100000,16983,17173,16908,16980,243
20180208,101500,16976,17030,16918,17030,51
20180208,103000,16978,17028,16978,17027,39
20180208,104500,17021,17056,16982,17056,80
20180208,110000,17038,17040,16998,16998,15
20180208,111500,17016,17055,17016,17049,16
20180208,113000,17050,17050,17040,17040,4
20180208,114500,17034,17035,17000,17000,24
20180208,120000,17000,17062,17000,17041,28
20180208,121500,17078,17078,17045,17057,38
20180208,123000,17040,17077,17040,17077,4
20180208,124500,17077,17173,17077,17173,111
20180208,130000,17175,17179,17098,17174,97
20180208,131500,17145,17145,17136,17136,22
20180208,133000,17126,17128,17125,17128,6
20180208,134500,17090,17097,17075,17075,8
20180208,140000,17085,17085,17075,17075,5
20180208,141500,17100,17136,17090,17136,31
20180208,144500,17097,17128,17096,17114,34
20180208,150000,17145,17145,17116,17116,9
20180208,151500,17101,17178,17089,17161,159
20180208,153000,17162,17186,17160,17171,19
20180208,154500,17196,17236,17196,17234,33
20180208,160000,17237,17242,17155,17183,61
20180208,161500,17199,17200,17150,17150,42
20180208,163000,17180,17191,17180,17191,5
20180208,164500,17170,17180,17150,17150,18
20180208,170000,17150,17150,17113,17113,10
20180208,171500,17116,17156,17113,17156,12
20180208,173000,17106,17106,17052,17072,26
20180208,174500,17068,17068,17050,17050,2
20180208,180000,17042,17059,17025,17025,24
20180208,181500,17026,17039,17021,17022,30
20180208,183000,17008,17128,17008,17128,37
20180208,191500,17006,17006,17006,17006,5
20180208,193000,17006,17094,17006,17094,3
20180208,194500,17007,17007,17007,17007,1
20180208,204500,17007,17007,17007,17007,20
20180208,213000,17082,17108,17001,17002,12
20180208,214500,17023,17023,17023,17023,1
20180208,220000,17091,17091,17091,17091,1
20180208,233000,17069,17069,17027,17027,3
20180209,100000,17027,17027,16850,16959,121
20180209,101500,16908,16928,16894,16920,22
20180209,103000,16918,17026,16903,16973,64
20180209,104500,17016,17051,17010,17050,44
20180209,110000,16981,16981,16913,16913,19
20180209,111500,16913,16986,16900,16980,49
20180209,113000,16981,17013,16970,17000,58
20180209,114500,17003,17003,16969,16983,20
20180209,120000,17003,17004,16969,17004,35
20180209,121500,16991,17035,16991,17035,16
20180209,123000,17022,17126,17015,17082,445
20180209,124500,17050,17058,17050,17051,48
20180209,130000,17051,17067,17041,17042,151
20180209,131500,17031,17052,17025,17049,13
20180209,133000,17045,17051,17031,17051,19
20180209,134500,17036,17049,16980,17039,41
20180209,141500,17056,17076,17051,17076,4
20180209,143000,17037,17037,17031,17031,8
20180209,144500,17015,17050,16986,17050,63
20180209,150000,17060,17060,17031,17051,30
20180209,151500,17040,17060,17040,17055,9
20180209,153000,17032,17048,17032,17048,7
20180209,154500,17034,17058,17034,17040,23
20180209,160000,17038,17128,17030,17085,60
20180209,161500,17078,17113,17078,17113,5
20180209,163000,17112,17208,17112,17150,64
20180209,164500,17168,17190,17161,17186,40
20180209,170000,17190,17190,17121,17121,33
20180209,171500,17122,17176,17066,17175,119
20180209,173000,17178,17193,17164,17181,16
20180209,174500,17200,17215,17189,17189,31
20180209,180000,17191,17210,17164,17175,67
20180209,181500,17183,17202,17183,17191,15
20180209,183000,17200,17260,17169,17259,82
20180209,190000,17286,17450,17222,17226,17
20180209,191500,17227,17227,17227,17227,2
20180209,193000,17227,17229,17226,17229,4
20180209,194500,17226,17226,17210,17210,3
20180209,201500,17211,17211,17200,17200,9
20180209,204500,17169,17169,17100,17100,16
20180209,210000,17075,17075,17075,17075,1
20180209,211500,17093,17093,17042,17048,12
20180209,213000,17028,17066,17026,17066,11
20180209,214500,17100,17100,17100,17100,2
20180209,220000,17100,17137,17100,17137,5
20180209,221500,17141,17180,17141,17180,9
20180209,224500,17203,17253,17203,17247,24
20180209,230000,17207,17207,17180,17180,16
20180209,233000,17181,17181,17181,17181,1
20180212,100000,17250,17250,17170,17170,77
20180212,101500,17170,17204,17155,17166,57
20180212,103000,17161,17164,17126,17151,37
20180212,104500,17143,17202,17142,17176,44
20180212,110000,17175,17235,17174,17217,64
20180212,111500,17219,17231,17206,17231,21
20180212,113000,17239,17332,17226,17318,72
20180212,114500,17318,17444,17311,17444,94
20180212,120000,17402,17443,17373,17432,45
20180212,121500,17415,17415,17363,17402,33
20180212,123000,17419,17429,17380,17397,50
20180212,124500,17398,17400,17390,17400,56
20180212,130000,17397,17418,17380,17380,14
20180212,131500,17370,17370,17363,17363,6
20180212,133000,17372,17385,17360,17360,14
20180212,134500,17365,17365,17365,17365,2
20180212,140000,17365,17365,17365,17365,5
20180212,141500,17378,17416,17378,17380,44
20180212,143000,17383,17399,17370,17370,13
20180212,150000,17424,17450,17424,17426,16
20180212,151500,17425,17431,17425,17431,9
20180212,153000,17429,17503,17429,17503,87
20180212,154500,17514,17540,17502,17540,56
20180212,160000,17533,17550,17505,17540,75
20180212,161500,17506,17517,17487,17517,13
20180212,163000,17504,17504,17478,17478,3
20180212,164500,17469,17469,17433,17451,24
20180212,170000,17445,17445,17400,17400,11
20180212,171500,17399,17439,17399,17439,14
20180212,173000,17445,17515,17445,17515,15
20180212,174500,17512,17515,17430,17447,25
20180212,180000,17444,17482,17444,17482,17
20180212,181500,17485,17487,17421,17464,198
20180212,183000,17465,17560,17460,17560,37
20180212,191500,17500,17500,17500,17500,3
20180212,193000,17501,17501,17501,17501,1
20180212,194500,17500,17500,17500,17500,4
20180212,201500,17478,17580,17478,17580,21
20180212,203000,17573,17600,17573,17600,10
20180212,211500,17599,17600,17599,17600,4
20180212,224500,17626,17626,17626,17626,1
20180212,231500,17671,17671,17671,17671,1
20180212,233000,17631,17631,17630,17630,7
20180212,234500,17651,17651,17651,17651,2
20180213,100000,17655,17655,17460,17513,71
20180213,101500,17503,17558,17503,17533,19
20180213,103000,17538,17567,17538,17548,48
20180213,104500,17530,17530,17400,17403,50
20180213,110000,17428,17530,17410,17466,151
20180213,111500,17455,17524,17455,17524,25
20180213,113000,17460,17465,17447,17449,25
20180213,114500,17470,17510,17469,17510,49
20180213,120000,17505,17524,17505,17523,25
20180213,121500,17525,17525,17480,17480,37
20180213,123000,17470,17537,17470,17536,13
20180213,124500,17560,17560,17537,17542,4
20180213,131500,17537,17574,17537,17574,7
20180213,133000,17547,17547,17519,17534,20
20180213,134500,17515,17600,17515,17600,14
20180213,140000,17599,17599,17599,17599,1
20180213,141500,17603,17607,17548,17598,22
20180213,143000,17605,17660,17605,17644,40
