20170925,110000,10180,10180,10180,10180,2
20170926,100000,10110,10110,10110,10110,2
20170926,123000,10410,10410,10410,10410,2
20170927,120000,10340,10340,10245,10245,21
20170927,143000,10270,10270,10270,10270,1
20170927,153000,10281,10281,10281,10281,1
20170927,173000,10239,10255,10239,10255,2
20170928,100000,10230,10230,10214,10214,2
20170928,103000,10205,10205,10205,10205,1
20170929,110000,10236,10245,10236,10245,2
20170929,120000,10214,10214,10214,10214,1
20170929,123000,10205,10205,10205,10205,1
20171002,100000,10189,10189,10180,10180,2
20171002,113000,10210,10210,10210,10210,1
20171002,230000,10155,10155,10155,10155,1
20171003,163000,10130,10130,10130,10130,1
20171003,180000,10121,10121,10121,10121,1
20171004,203000,9966,9966,9966,9966,1
20171004,210000,9966,9966,9966,9966,1
20171005,100000,9930,9960,9930,9960,4
20171005,110000,9940,9940,9940,9940,1
20171005,120000,9908,9927,9896,9927,3
20171005,123000,9902,9902,9877,9877,4
20171005,150000,9854,9854,9854,9854,1
20171005,183000,9807,9813,9807,9813,2
20171005,200000,9804,9804,9804,9804,1
20171005,213000,9796,9796,9796,9796,1
20171005,223000,9800,9800,9800,9800,1
20171006,100000,9824,9848,9824,9848,3
20171006,103000,9861,9902,9861,9902,4
20171006,110000,9926,9926,9926,9926,1
20171006,123000,10000,10000,10000,10000,14
20171006,130000,10319,10320,10050,10050,36
20171006,170000,10057,10058,10000,10000,38
20171009,100000,10023,10029,10020,10029,68
20171009,103000,9970,9970,9970,9970,10
20171009,110000,9914,9914,9886,9886,10
20171012,233000,9700,9700,9700,9700,1
20171013,133000,9676,9676,9676,9676,2
20171013,160000,9600,9600,9600,9600,1
20171016,103000,9500,9500,9500,9500,3
20171016,120000,9476,9476,9476,9476,4
20171016,133000,9502,9502,9500,9500,3
20171016,143000,9499,9499,9464,9464,5
20171016,170000,9481,9481,9481,9481,10
20171016,180000,9479,9479,9479,9479,4
20171017,100000,9400,9400,9400,9400,1
20171017,150000,9401,9401,9401,9401,26
20171017,220000,9419,9419,9419,9419,10
20171017,233000,9417,9417,9417,9417,5
20171018,100000,9350,9375,9350,9375,11
20171018,130000,9302,9302,9302,9302,10
20171018,133000,9340,9354,9340,9354,15
20171019,100000,9454,9454,9400,9400,8
20171020,100000,9304,9304,9179,9179,24
20171020,103000,9100,9195,9100,9179,51
20171020,110000,9151,9151,9151,9151,10
20171020,120000,9100,9100,9100,9100,1
20171020,130000,9000,9000,9000,9000,2
20171020,133000,9050,9050,9050,9050,7
20171020,150000,8908,8908,8908,8908,4
20171020,160000,8908,8908,8831,8831,4
20171020,163000,8700,8700,8700,8700,1
20171020,170000,8698,8765,8523,8765,21
20171020,173000,8783,8822,8783,8822,6
20171020,180000,8832,8833,8815,8833,11
20171020,183000,8845,8846,8845,8846,5
20171020,220000,8770,8770,8759,8759,3
20171023,100000,8714,8714,8535,8535,20
20171023,103000,8543,8543,8543,8543,1
20171023,113000,8518,8518,8518,8518,5
20171023,140000,8584,8584,8584,8584,5
20171023,223000,8554,8554,8554,8554,1
20171024,113000,8392,8400,8343,8343,7
20171024,143000,8250,8250,8163,8163,24
20171024,150000,8122,8122,8079,8079,12
20171024,153000,8100,8100,8100,8100,1
20171024,170000,8104,8104,8100,8100,2
20171024,183000,8139,8139,8100,8100,2
20171025,103000,8349,8400,8349,8400,20
20171025,110000,8395,8395,8395,8395,1
20171025,123000,8412,8412,8400,8400,9
20171025,130000,8434,8434,8434,8434,9
20171025,140000,8379,8379,8379,8379,1
20171025,150000,8385,8385,8385,8385,5
20171025,153000,8374,8374,8374,8374,1
20171025,160000,8391,8391,8391,8391,2
20171025,163000,8455,8455,8455,8455,10
20171026,100000,8303,8303,8303,8303,10
20171026,123000,8379,8448,8379,8406,12
20171026,183000,8450,8450,8450,8450,8
20171027,100000,8491,8491,8491,8491,1
20171027,143000,8254,8254,8254,8254,1
20171027,153000,8267,8267,8200,8200,6
20171030,100000,8236,8236,8200,8200,15
20171030,113000,8246,8246,8246,8246,1
20171031,110000,8276,8276,8180,8180,6
20171031,160000,8000,8000,8000,8000,4
20171031,163000,7990,7990,7990,7990,4
20171031,180000,7972,7973,7900,7919,12
20171031,183000,7963,7963,7963,7963,1
20171101,103000,7939,7939,7920,7937,4
20171101,110000,7943,7974,7943,7969,16
20171101,113000,7800,7800,7800,7800,3
20171101,120000,7779,7783,7769,7769,12
20171101,123000,7780,7780,7746,7746,20
20171101,143000,7805,7900,7800,7900,19
20171101,190000,7862,7900,7862,7900,4
20171101,193000,7853,7861,7853,7861,5
20171101,213000,7849,7849,7849,7849,1
20171102,100000,7836,7842,7767,7767,13
20171102,130000,7619,7619,7619,7619,4
20171102,133000,7591,7591,7591,7591,1
20171102,140000,7557,7557,7557,7557,12
20171102,143000,7505,7505,7500,7500,6
20171102,150000,7741,7742,7741,7742,2
20171102,170000,7755,7755,7755,7755,3
20171102,210000,7660,7661,7660,7661,5
20171102,223000,7554,7554,7444,7554,21
20171102,230000,7488,7488,7487,7487,20
20171103,103000,7531,7617,7518,7599,8
20171103,110000,7659,7697,7659,7697,8
20171103,150000,7702,7702,7701,7701,2
20171103,160000,7628,7628,7628,7628,2
20171103,200000,7610,7610,7568,7568,2
20171107,113000,7500,7500,7500,7500,1
20171107,173000,7614,7666,7614,7666,10
20171108,100000,7600,7600,7575,7575,23
20171108,120000,7663,7663,7663,7663,1
20171108,163000,7678,7682,7678,7682,2
20171108,173000,7656,7656,7591,7591,14
20171108,213000,7682,7682,7682,7682,1
20171109,100000,7673,7673,7673,7673,1
20171109,103000,7611,7611,7611,7611,1
20171109,120000,7556,7556,7556,7556,10
20171109,123000,7618,7618,7618,7618,2
20171109,130000,7537,7582,6905,7582,51
20171109,143000,7607,7607,7607,7607,1
20171109,160000,7587,7587,7370,7370,10
20171110,100000,7501,7558,6929,7544,91
20171110,103000,7455,7455,7455,7455,1
20171110,110000,7430,7480,7430,7480,3
20171110,123000,7426,7426,7426,7426,1
20171110,143000,7399,7399,7399,7399,1
20171110,150000,7389,7414,7190,7190,122
20171110,153000,7219,7219,7219,7219,1
20171110,160000,7301,7301,7291,7291,6
20171110,163000,7291,7291,7291,7291,2
20171110,170000,7254,7254,7254,7254,6
20171110,173000,7267,7279,7267,7269,7
20171110,183000,7203,7203,7200,7200,4
20171110,190000,7201,7201,7200,7200,75
20171110,193000,7283,7283,7283,7283,3
20171110,203000,7278,7278,7278,7278,1
20171110,230000,7284,7499,7284,7285,95
20171110,233000,7294,7294,7294,7294,2
20171113,100000,7292,7292,7292,7292,1
20171113,103000,7265,7265,7265,7265,1
20171113,110000,7248,7248,7248,7248,1
20171113,113000,7352,7352,7352,7352,1
20171113,120000,7352,7385,7352,7385,7
20171113,153000,7309,7309,7309,7309,5
20171113,160000,7303,7500,7300,7500,25
20171113,163000,7331,7331,7331,7331,1
20171113,170000,7300,7300,7300,7300,1
20171113,180000,7300,7300,7300,7300,2
20171113,233000,7300,7300,7300,7300,1
20171114,100000,7300,7300,7300,7300,1
20171114,110000,7250,7250,7200,7200,20
20171114,113000,7250,7250,7250,7250,1
20171114,120000,7250,7250,7250,7250,7
20171114,130000,7255,7255,7200,7200,2
20171114,133000,7177,7186,7144,7144,17
20171114,140000,7171,7171,7171,7171,10
20171114,143000,7249,7256,7249,7256,20
20171114,153000,7230,7235,7195,7195,3
20171114,160000,7195,7200,7195,7200,12
20171114,163000,7200,7200,7200,7200,6
20171114,180000,7170,7170,7162,7162,2
20171114,183000,7162,7162,7162,7162,10
20171114,193000,7078,7298,6901,6901,72
20171114,200000,6945,6945,6900,6900,7
20171114,203000,6901,6901,6800,6810,51
20171114,210000,6784,6785,6733,6733,66
20171114,213000,6775,6775,6768,6768,10
20171114,220000,6769,6879,6769,6879,74
20171114,223000,6858,6858,6858,6858,4
20171114,230000,6821,6872,6821,6872,20
20171114,233000,6873,6876,6850,6850,14
20171115,100000,6833,6833,6495,6495,771
20171115,103000,6573,6758,6495,6510,609
20171115,110000,6500,6539,6495,6495,14
20171115,113000,6530,6575,6520,6550,46
20171115,120000,6550,6550,6516,6521,43
20171115,123000,6521,6521,6521,6521,1
20171115,130000,6561,6561,6529,6529,109
20171115,133000,6529,6529,6500,6514,81
20171115,140000,6523,6523,6455,6455,36
20171115,143000,6463,6494,6463,6494,35
20171115,150000,6499,6499,6455,6475,48
20171115,153000,6480,6490,6474,6478,41
20171115,160000,6492,6494,6449,6449,37
20171115,163000,6444,6444,6392,6413,137
20171115,173000,6367,6370,6350,6350,25
20171115,180000,6352,6352,6336,6336,7
20171115,183000,6309,6334,6309,6334,8
20171115,190000,6320,6526,6320,6465,1855
20171115,193000,6450,6465,6411,6464,60
20171115,210000,6495,6500,6495,6500,68
20171115,213000,6467,6467,6466,6466,2
20171115,223000,6411,6461,6411,6461,11
20171116,100000,6483,6649,6480,6580,544
20171116,103000,6648,6659,6511,6534,282
20171116,110000,6521,6548,6521,6545,90
20171116,113000,6565,6565,6565,6565,3
20171116,123000,6502,6502,6475,6475,45
20171116,130000,6479,6517,6479,6505,12
20171116,133000,6550,6550,6550,6550,1
20171116,140000,6564,6565,6564,6565,3
20171116,143000,6539,6545,6539,6545,2
20171116,150000,6571,6634,6571,6634,125
20171116,153000,6630,6634,6630,6634,2
20171116,160000,6579,6620,6579,6583,44
20171116,163000,6581,6595,6570,6594,20
20171116,170000,6609,6700,6608,6700,325
20171116,173000,6696,6710,6696,6710,1003
20171116,180000,6697,6733,6697,6733,172
20171116,183000,6719,6719,6693,6693,76
20171116,190000,6740,6740,6740,6740,1
20171116,193000,6750,6750,6674,6674,66
20171116,200000,6674,6763,6664,6670,7
20171116,210000,6688,6688,6688,6688,1
20171116,220000,6730,6749,6710,6710,28
20171116,223000,6747,6747,6747,6747,1
20171116,230000,6778,6778,6778,6778,1
20171117,100000,6701,6850,6677,6850,1049
20171117,103000,6810,6841,6701,6735,542
20171117,110000,6750,6800,6747,6780,181
20171117,113000,6798,6835,6798,6830,71
20171117,120000,6836,6849,6829,6849,477
20171117,123000,6859,6860,6859,6860,27
20171117,130000,6888,6940,6888,6939,33
20171117,133000,6940,6994,6903,6994,109
20171117,140000,6961,6975,6927,6975,15
20171117,143000,6974,6997,6950,6997,159
20171117,150000,6998,7037,6991,6997,725
20171117,153000,6975,7010,6962,7010,167
20171117,160000,6985,6995,6985,6995,19
20171117,163000,6992,7010,6992,7010,169
20171117,170000,6971,6985,6920,6972,163
20171117,173000,6986,7007,6986,7007,11
20171117,180000,6951,6951,6951,6951,2
20171117,183000,6970,6970,6969,6969,2
20171117,190000,7033,7043,7033,7043,4
20171117,193000,7015,7044,7015,7044,2
20171117,200000,7015,7015,7007,7007,14
20171117,203000,6986,6986,6986,6986,1
20171117,223000,7019,7019,7019,7019,2
20171117,230000,6989,6989,6989,6989,1
20171117,233000,6960,6961,6950,6950,21
20171120,100000,7044,7094,7001,7058,58
20171120,103000,7000,7000,6877,6880,281
20171120,110000,6880,6901,6871,6871,14
20171120,113000,6854,6854,6815,6823,44
20171120,120000,6889,6919,6889,6919,12
20171120,123000,6860,6865,6860,6865,3
20171120,130000,6851,6884,6850,6855,18
20171120,133000,6870,6890,6870,6890,8
20171120,140000,6870,6870,6870,6870,17
20171120,150000,6865,6865,6850,6850,12
20171120,160000,6851,6851,6850,6850,51
20171120,163000,6846,6846,6817,6817,4
20171120,170000,6862,6862,6862,6862,3
20171120,173000,6892,6892,6892,6892,3
20171120,180000,6855,6855,6855,6855,10
20171120,183000,6829,6829,6827,6827,6
20171120,190000,6811,6811,6811,6811,14
20171120,193000,6805,6805,6805,6805,27
20171120,200000,6805,6852,6805,6852,94
20171120,203000,6845,6852,6845,6852,64
20171121,100000,6860,6865,6712,6712,174
20171121,103000,6798,6798,6798,6798,3
20171121,110000,6799,6799,6794,6794,4
20171121,113000,6752,6752,6720,6720,39
20171121,120000,6714,6714,6634,6650,180
20171121,123000,6641,6641,6606,6634,66
20171121,130000,6687,6735,6687,6735,20
20171121,133000,6739,6739,6739,6739,1
20171121,160000,6777,6780,6696,6696,152
20171121,163000,6696,6696,6696,6696,18
20171121,173000,6699,6699,6699,6699,1
20171121,180000,6695,6695,6695,6695,4
20171122,100000,6675,6777,6631,6777,251
20171122,103000,6760,6760,6700,6700,122
20171122,110000,6695,6695,6650,6650,13
20171122,113000,6650,6661,6644,6644,146
20171122,120000,6695,6717,6695,6710,25
20171122,123000,6670,6670,6660,6665,33
20171122,130000,6665,6683,6655,6655,6
20171122,133000,6666,6700,6666,6700,12
20171122,143000,6666,6666,6635,6635,52
20171122,160000,6650,6650,6650,6650,17
20171122,163000,6695,6695,6695,6695,1
20171122,173000,6700,6767,6700,6767,358
20171122,180000,6766,6835,6766,6835,23
20171122,183000,6803,6803,6790,6790,6
20171122,193000,6831,6831,6831,6831,1
20171122,200000,6824,6852,6800,6800,26
20171122,220000,6800,6800,6800,6800,1
20171123,100000,6820,6899,6820,6899,14
20171123,103000,6854,6863,6854,6863,3
20171123,110000,6926,6940,6920,6920,37
20171123,113000,6925,6964,6925,6964,50
20171123,120000,6974,6974,6974,6974,1
20171123,123000,6974,6974,6954,6954,4
20171123,130000,6954,6954,6900,6938,76
20171123,140000,6940,6973,6940,6973,6
20171123,160000,6955,6955,6955,6955,5
20171123,163000,6940,6975,6940,6975,56
20171123,170000,6927,6954,6900,6954,15
20171123,183000,6929,6988,6929,6988,2
20171123,190000,6850,6969,6850,6969,3
20171123,193000,7002,7003,7002,7003,81
20171123,200000,7005,7005,7005,7005,6
20171123,203000,7004,7004,7004,7004,23
20171123,220000,7023,7023,6991,6991,4
20171123,230000,7019,7019,7010,7010,2
20171123,233000,6991,6991,6991,6991,5
20171124,100000,7009,7009,6950,6950,70
20171124,103000,6978,6978,6922,6923,37
20171124,113000,6970,6970,6970,6970,5
20171124,120000,6927,6927,6925,6925,76
20171124,123000,6900,6932,6851,6887,79
20171124,130000,6880,6915,6880,6880,56
20171124,140000,6865,6865,6800,6800,29
20171124,143000,6877,6878,6877,6878,10
20171124,150000,6831,6831,6830,6830,30
20171124,153000,6876,6878,6876,6878,12
20171124,170000,6875,6875,6875,6875,13
20171124,173000,6875,6875,6875,6875,1
20171124,180000,6850,6850,6826,6826,11
20171124,183000,6808,6811,6795,6811,23
20171124,190000,6868,6868,6700,6766,27
20171124,193000,6777,6777,6777,6777,1
20171124,203000,6859,6859,6850,6850,20
20171124,210000,6810,6810,6810,6810,17
20171124,213000,6810,6810,6810,6810,3
20171124,220000,6810,6810,6807,6807,6
20171124,223000,6800,6800,6800,6800,10
20171124,233000,6829,6830,6829,6830,3
20171127,100000,6770,6770,6770,6770,1
20171127,103000,6757,6775,6750,6775,22
20171127,110000,6775,6780,6775,6780,30
20171127,120000,6726,6726,6711,6711,15
20171127,123000,6735,6755,6735,6755,11
20171127,150000,6729,6744,6722,6744,18
20171127,160000,6742,6742,6738,6738,103
20171127,163000,6721,6721,6721,6721,2
20171127,170000,6777,6813,6777,6811,11
20171127,180000,6750,6750,6750,6750,30
20171127,183000,6740,6740,6740,6740,5
20171128,100000,6750,6750,6711,6711,9
20171128,110000,6715,6715,6683,6683,33
20171128,113000,6700,6720,6700,6715,18
20171128,120000,6714,6716,6670,6671,1374
20171128,123000,6664,6668,6661,6661,109
20171128,130000,6639,6689,6635,6689,46
20171128,140000,6645,6645,6596,6616,150
20171128,150000,6612,6612,6612,6612,10
20171128,153000,6632,6632,6632,6632,2
20171128,160000,6627,6627,6600,6600,37
20171128,180000,6623,6623,6595,6595,90
20171128,183000,6615,6615,6615,6615,3
20171128,190000,6635,6635,6635,6635,5
20171128,200000,6634,6634,6634,6634,1
20171128,220000,6629,6629,6629,6629,1
20171128,230000,6629,6629,6629,6629,2
20171129,100000,6601,6627,6600,6625,13
20171129,103000,6636,6664,6636,6664,12
20171129,113000,6600,6640,6600,6640,7
20171129,120000,6592,6592,6539,6539,65
20171129,123000,6599,6599,6580,6580,2
20171129,133000,6590,6590,6547,6547,12
20171129,140000,6533,6533,6532,6533,14
20171129,143000,6574,6585,6574,6585,11
20171129,150000,6591,6591,6561,6577,13
20171129,160000,6550,6550,6546,6546,48
20171129,163000,6554,6554,6554,6554,3
20171129,170000,6587,6596,6587,6596,10
20171129,180000,6542,6560,6516,6560,20
20171129,183000,6581,6581,6581,6581,2
20171129,193000,6519,6522,6519,6522,2
20171129,200000,6550,6550,6550,6550,8
20171129,203000,6522,6522,6522,6522,2
20171129,220000,6525,6525,6520,6520,24
20171130,100000,6509,6509,6509,6509,1
20171130,103000,6503,6527,6472,6527,137
20171130,110000,6474,6480,6462,6462,194
20171130,113000,6503,6509,6480,6480,3
20171130,120000,6523,6524,6523,6524,2
20171130,123000,6500,6500,6500,6500,70
20171130,130000,6465,6498,6453,6453,301
20171130,133000,6498,6498,6451,6455,75
20171130,140000,6450,6460,6445,6460,28
20171130,143000,6470,6470,6450,6450,98
20171130,150000,6442,6459,6410,6459,100
20171130,153000,6405,6414,6378,6390,185
20171130,160000,6385,6444,6380,6444,81
20171130,163000,6407,6412,6393,6412,9
20171130,170000,6424,6490,6424,6490,13
20171130,173000,6414,6414,6408,6408,5
20171130,180000,6439,6455,6414,6443,111
20171130,183000,6483,6499,6483,6499,3
20171130,190000,6498,6498,6406,6492,22
20171130,193000,6524,6527,6524,6527,5
20171130,200000,6545,6585,6545,6585,16
20171130,203000,6556,6556,6556,6556,2
20171130,213000,6568,6568,6566,6566,3
20171130,220000,6537,6537,6526,6526,45
20171130,223000,6519,6519,6514,6514,6
20171130,230000,6539,6539,6539,6539,2
20171201,100000,6560,6620,6550,6550,235
20171201,103000,6510,6519,6503,6519,27
20171201,110000,6551,6564,6551,6553,8
20171201,113000,6537,6537,6457,6457,16
20171201,120000,6460,6470,6450,6470,31
20171201,123000,6482,6482,6482,6482,1
20171201,130000,6490,6559,6490,6559,88
20171201,133000,6510,6510,6495,6495,6
20171201,140000,6490,6490,6485,6485,2
20171201,143000,6480,6480,6470,6470,20
20171201,150000,6487,6519,6487,6519,12
20171201,173000,6503,6503,6471,6471,25
20171201,180000,6540,6564,6540,6564,23
20171201,183000,6495,6495,6489,6489,2
20171201,190000,6455,6455,6455,6455,2
20171201,193000,6473,6503,6430,6430,70
20171201,200000,6415,6445,6415,6440,25
20171204,100000,6492,6529,6474,6474,9
20171204,103000,6448,6448,6419,6419,18
20171204,110000,6430,6430,6420,6420,3
20171204,113000,6415,6415,6415,6415,7
20171204,123000,6448,6448,6435,6446,28
20171204,130000,6444,6457,6444,6457,11
20171204,140000,6452,6485,6452,6485,5
20171204,143000,6492,6492,6492,6492,3
20171204,150000,6506,6506,6431,6431,46
20171204,160000,6435,6470,6435,6460,19
20171204,163000,6470,6470,6468,6468,5
20171204,170000,6482,6510,6482,6510,21
20171204,173000,6518,6518,6517,6517,76
20171204,180000,6547,6554,6510,6510,66
20171204,193000,6510,6510,6501,6510,9
20171204,203000,6549,6549,6549,6549,1
20171204,213000,6536,6536,6536,6536,5
20171204,220000,6511,6511,6510,6510,6
20171205,100000,6503,6503,6480,6480,36
20171205,103000,6470,6478,6463,6478,8
20171205,110000,6460,6460,6430,6430,31
20171205,120000,6446,6450,6401,6401,206
20171205,133000,6460,6476,6453,6453,20
20171205,140000,6471,6475,6471,6475,16
20171205,143000,6491,6491,6491,6491,2
20171205,153000,6474,6474,6474,6474,1
20171205,160000,6471,6501,6471,6501,16
20171205,173000,6456,6456,6456,6456,1
20171205,180000,6451,6451,6451,6451,7
20171205,183000,6488,6496,6452,6452,3
20171205,210000,6460,6460,6460,6460,1
20171205,213000,6460,6460,6460,6460,1
20171205,220000,6476,6476,6460,6460,51
20171205,223000,6450,6450,6450,6450,9
20171206,100000,6450,6450,6430,6450,59
20171206,103000,6461,6468,6450,6468,10
20171206,120000,6497,6583,6487,6487,34
20171206,123000,6479,6479,6478,6478,2
20171206,140000,6500,6793,6500,6500,182
20171206,143000,6520,6520,6520,6520,1
20171206,150000,6508,6580,6500,6510,215
20171206,153000,6515,6549,6495,6495,33
20171206,160000,6478,6480,6464,6480,40
20171206,173000,6493,6493,6493,6493,2
20171206,180000,6524,6529,6469,6469,37
20171206,183000,6476,6569,6465,6489,258
20171206,193000,6459,6459,6458,6458,12
20171206,203000,6457,6457,6449,6450,12
20171206,210000,6490,6490,6450,6450,4
20171206,220000,6477,6477,6477,6477,35
20171206,223000,6477,6487,6477,6487,6
20171206,230000,6479,6479,6465,6465,16
20171207,100000,6456,6495,6450,6495,64
20171207,103000,6460,6486,6460,6482,39
20171207,110000,6480,6493,6480,6493,4
20171207,113000,6475,6475,6475,6475,2
20171207,120000,6490,6490,6490,6490,1
20171207,130000,6452,6452,6432,6432,53
20171207,143000,6485,6485,6485,6485,1
20171207,150000,6496,6496,6449,6449,54
20171207,160000,6495,6520,6495,6520,17
20171207,163000,6517,6517,6480,6508,8
20171207,170000,6500,6500,6500,6500,10
20171207,183000,6490,6490,6490,6490,1
20171207,213000,6538,6538,6538,6538,1
20171208,100000,6553,6628,6500,6628,67
20171208,103000,6630,6640,6600,6640,8
20171208,110000,6608,6635,6597,6597,111
20171208,113000,6588,6597,6570,6570,53
20171208,120000,6588,6588,6570,6570,25
20171208,123000,6581,6590,6570,6590,37
20171208,130000,6600,6600,6580,6580,62
20171208,133000,6600,6600,6600,6600,1
20171208,140000,6601,6601,6599,6600,8
20171208,143000,6600,6710,6600,6695,140
20171208,150000,6708,6769,6700,6723,206
20171208,153000,6718,6720,6708,6708,71
20171208,160000,6710,6710,6703,6703,16
20171208,163000,6703,6703,6693,6693,111
20171208,170000,6688,6688,6640,6658,41
20171208,173000,6648,6648,6620,6620,27
20171208,180000,6628,6632,6607,6620,58
20171208,183000,6632,6664,6632,6664,61
20171208,190000,6676,6679,6670,6670,19
20171208,203000,6676,6676,6676,6676,10
20171208,210000,6671,6671,6668,6668,25
20171208,213000,6661,6696,6660,6696,7
20171208,220000,6658,6695,6658,6695,2
20171208,230000,6680,6680,6680,6680,1
20171208,233000,6680,6693,6680,6693,10
20171211,100000,6700,6732,6694,6694,65
20171211,103000,6695,6695,6673,6695,49
20171211,110000,6708,6762,6708,6728,69
20171211,113000,6720,6760,6700,6728,165
20171211,120000,6767,6784,6744,6744,34
20171211,123000,6760,6785,6748,6785,45
20171211,130000,6800,6805,6775,6775,29
20171211,133000,6768,6793,6768,6793,2
20171211,140000,6794,6800,6794,6800,84
20171211,143000,6800,6814,6800,6800,15
20171211,150000,6785,6785,6779,6779,6
20171211,153000,6790,6808,6790,6808,26
20171211,160000,6809,6809,6809,6809,1
20171211,163000,6792,6792,6792,6792,45
20171211,170000,6798,6800,6780,6780,212
20171211,173000,6790,6800,6790,6800,12
20171211,180000,6799,6845,6799,6845,14
20171211,183000,6818,6818,6795,6800,257
20171211,190000,6820,6820,6788,6820,31
20171211,200000,6813,6820,6810,6810,16
20171211,203000,6803,6825,6803,6825,14
20171211,210000,6823,6824,6823,6824,10
20171211,213000,6826,6841,6826,6841,43
20171211,220000,6840,6840,6800,6800,34
20171211,233000,6805,6805,6800,6800,15
20171212,100000,6830,6879,6830,6879,516
20171212,103000,6871,6871,6850,6857,306
20171212,110000,6850,6859,6801,6830,167
20171212,113000,6801,6804,6778,6793,221
20171212,123000,6803,6815,6740,6774,164
20171212,130000,6773,6799,6768,6799,5
20171212,133000,6780,6799,6780,6799,36
20171212,140000,6799,6814,6799,6814,15
20171212,143000,6799,6799,6794,6794,28
20171212,150000,6794,6803,6781,6803,42
20171212,153000,6789,6789,6769,6769,6
20171212,160000,6761,6761,6733,6737,156
20171212,163000,6750,6758,6737,6737,128
20171212,170000,6738,6741,6729,6729,56
20171212,173000,6728,6728,6667,6697,322
20171212,180000,6701,6707,6652,6660,196
20171212,183000,6682,6695,6682,6695,100
20171212,200000,6695,6719,6695,6719,27
20171212,203000,6724,6727,6702,6702,11
20171212,210000,6702,6721,6685,6721,21
20171212,213000,6704,6704,6684,6685,35
20171212,220000,6717,6717,6670,6670,22
20171212,230000,6671,6671,6671,6671,1
20171213,100000,6700,6717,6650,6686,400
20171213,103000,6660,6660,6585,6603,1913
20171213,110000,6600,6637,6600,6605,46
20171213,113000,6601,6607,6601,6607,2
20171213,120000,6611,6620,6610,6610,17
20171213,123000,6627,6627,6607,6607,371
20171213,130000,6607,6610,6581,6581,248
20171213,133000,6582,6614,6556,6613,93
20171213,140000,6583,6610,6578,6578,6
20171213,150000,6601,6616,6601,6616,6
20171213,153000,6612,6617,6600,6600,57
20171213,160000,6602,6614,6571,6614,173
20171213,163000,6605,6612,6595,6612,53
20171213,170000,6618,6627,6595,6621,338
20171213,173000,6612,6634,6570,6633,245
20171213,180000,6625,6625,6595,6602,162
20171213,183000,6598,6600,6550,6550,69
20171213,203000,6550,6550,6529,6529,41
20171213,210000,6545,6578,6545,6578,22
20171213,213000,6582,6582,6582,6582,1
20171213,220000,6541,6541,6540,6540,20
20171213,223000,6589,6592,6589,6589,14
20171213,230000,6592,6592,6592,6592,3
20171213,233000,6592,6599,6592,6599,10
20171214,100000,6565,6577,6562,6577,81
20171214,103000,6567,6571,6510,6512,596
20171214,110000,6510,6512,6470,6470,774
20171214,113000,6464,6518,6461,6518,517
20171214,120000,6514,6573,6486,6558,182
20171214,123000,6554,6565,6547,6547,53
20171214,130000,6554,6556,6539,6542,93
20171214,133000,6530,6589,6530,6530,174
20171214,140000,6572,6596,6564,6564,93
20171214,143000,6549,6552,6525,6552,84
20171214,150000,6576,6579,6557,6567,27
20171214,153000,6552,6583,6552,6583,42
20171214,160000,6572,6580,6570,6570,44
20171214,163000,6578,6578,6563,6563,24
20171214,170000,6550,6557,6547,6557,33
20171214,173000,6568,6580,6568,6576,57
20171214,180000,6578,6593,6563,6588,42
20171214,183000,6598,6599,6578,6592,51
20171214,190000,6600,6650,6600,6607,20
20171214,193000,6594,6607,6594,6594,64
20171214,200000,6610,6610,6609,6609,5
20171214,203000,6610,6612,6600,6600,6
20171214,210000,6612,6630,6594,6594,74
20171214,220000,6578,6578,6556,6556,11
20171214,230000,6556,6556,6556,6556,1
20171214,233000,6579,6579,6579,6579,4
20171215,100000,6574,6630,6574,6620,181
20171215,103000,6630,6640,6569,6570,303
20171215,110000,6570,6584,6549,6581,131
20171215,113000,6573,6575,6567,6572,46
20171215,120000,6565,6569,6556,6559,24
20171215,123000,6540,6559,6531,6557,67
20171215,130000,6550,6560,6530,6551,141
20171215,133000,6573,6576,6545,6545,44
20171215,140000,6540,6578,6537,6554,276
20171215,143000,6556,6556,6547,6553,47
20171215,150000,6552,6563,6549,6549,128
20171215,153000,6555,6581,6552,6565,345
20171215,160000,6562,6599,6562,6580,738
20171215,163000,6585,6595,6563,6571,521
20171215,170000,6562,6579,6547,6554,57
20171215,173000,6550,6559,6538,6538,764
20171215,180000,6549,6549,6535,6536,10
20171215,183000,6540,6540,6532,6532,111
20171215,190000,6528,6545,6401,6510,339
20171215,193000,6539,6558,6527,6532,47
20171215,200000,6520,6529,6490,6528,123
20171215,203000,6490,6490,6480,6480,28
20171215,210000,6488,6530,6480,6519,92
20171215,220000,6516,6518,6492,6512,35
20171215,223000,6508,6508,6507,6507,7
20171215,230000,6506,6510,6506,6510,20
20171215,233000,6519,6528,6519,6528,5
20171218,100000,6544,6593,6544,6570,1171
20171218,103000,6560,6574,6546,6555,330
20171218,110000,6544,6573,6526,6573,207
20171218,113000,6560,6561,6527,6529,70
20171218,120000,6528,6540,6528,6540,9
20171218,123000,6539,6539,6467,6468,728
20171218,130000,6476,6500,6476,6481,84
20171218,133000,6485,6495,6444,6444,888
20171218,140000,6441,6445,6409,6426,811
20171218,143000,6415,6454,6400,6435,1094
20171218,150000,6443,6446,6428,6432,60
20171218,153000,6435,6440,6409,6409,242
20171218,160000,6408,6433,6400,6419,378
20171218,163000,6410,6437,6400,6428,283
20171218,170000,6422,6428,6410,6417,555
20171218,173000,6419,6430,6400,6401,534
20171218,180000,6401,6445,6375,6415,1505
20171218,183000,6415,6428,6415,6418,194
20171218,190000,6413,6433,6400,6433,67
20171218,193000,6433,6438,6433,6438,14
20171218,200000,6444,6465,6444,6451,54
20171218,203000,6459,6460,6459,6459,9
20171218,210000,6463,6463,6450,6450,15
20171218,213000,6458,6460,6421,6421,11
20171218,220000,6455,6460,6455,6460,4
20171218,223000,6448,6469,6423,6432,50
20171218,230000,6450,6450,6431,6431,5
20171218,233000,6429,6429,6428,6428,11
20171219,100000,6413,6443,6400,6438,258
20171219,103000,6431,6436,6375,6391,1673
20171219,110000,6381,6402,6360,6370,2181
20171219,113000,6367,6380,6351,6360,2652
20171219,120000,6367,6367,6356,6367,546
20171219,123000,6366,6372,6355,6360,339
20171219,130000,6367,6367,6351,6358,204
20171219,133000,6364,6364,6330,6354,2197
20171219,140000,6354,6384,6346,6373,1257
20171219,143000,6373,6406,6367,6378,1471
20171219,150000,6376,6394,6368,6374,606
20171219,153000,6375,6379,6360,6360,739
20171219,160000,6360,6366,6350,6352,300
20171219,163000,6351,6357,6340,6348,546
20171219,170000,6346,6365,6338,6361,209
20171219,173000,6361,6383,6336,6380,621
20171219,180000,6380,6403,6372,6390,249
20171219,183000,6390,6400,6390,6390,70
20171219,190000,6372,6400,6372,6398,157
20171219,193000,6398,6400,6392,6397,78
20171219,200000,6398,6400,6398,6400,14
20171219,203000,6400,6400,6380,6380,149
20171219,210000,6387,6390,6379,6379,205
20171219,213000,6385,6386,6385,6386,9
20171219,220000,6370,6396,6360,6396,62
20171219,223000,6392,6423,6390,6402,258
20171219,230000,6413,6425,6401,6420,217
20171219,233000,6416,6428,6386,6386,68
20171220,100000,6428,6447,6343,6352,1692
20171220,103000,6356,6390,6347,6390,464
20171220,110000,6389,6415,6376,6401,1536
20171220,113000,6401,6410,6393,6407,929
20171220,120000,6407,6411,6365,6369,1115
20171220,123000,6370,6378,6363,6373,314
20171220,130000,6373,6393,6369,6389,210
20171220,133000,6387,6393,6376,6385,337
20171220,140000,6391,6411,6387,6409,160
20171220,143000,6409,6430,6400,6422,500
20171220,150000,6423,6453,6408,6413,3957
20171220,153000,6410,6437,6405,6411,1415
20171220,160000,6409,6416,6382,6392,1101
20171220,163000,6397,6418,6390,6412,1216
20171220,170000,6412,6412,6395,6398,854
20171220,173000,6399,6410,6382,6397,1673
20171220,180000,6398,6404,6390,6397,1366
20171220,183000,6392,6409,6384,6409,444
20171220,190000,6410,6417,6395,6407,134
20171220,193000,6413,6417,6401,6413,106
20171220,200000,6409,6411,6401,6405,35
20171220,203000,6401,6411,6401,6410,45
20171220,210000,6410,6411,6401,6408,35
20171220,213000,6407,6415,6402,6409,80
20171220,220000,6408,6412,6408,6411,18
20171220,223000,6414,6416,6406,6414,68
20171220,230000,6407,6414,6402,6406,219
20171220,233000,6406,6416,6406,6414,155
20171221,100000,6410,6425,6400,6402,1632
20171221,103000,6403,6403,6376,6380,1478
20171221,110000,6381,6391,6374,6384,541
20171221,113000,6383,6409,6375,6389,1540
20171221,120000,6393,6401,6384,6384,738
20171221,123000,6386,6397,6375,6382,1141
20171221,130000,6377,6384,6355,6384,1897
20171221,133000,6383,6392,6376,6377,151
20171221,140000,6382,6382,6350,6353,1068
20171221,143000,6355,6384,6353,6375,1575
20171221,150000,6373,6385,6365,6372,1333
20171221,153000,6372,6381,6367,6373,879
20171221,160000,6374,6397,6373,6389,1915
20171221,163000,6390,6445,6381,6432,2153
20171221,170000,6434,6435,6420,6425,2587
20171221,173000,6423,6425,6414,6422,908
20171221,180000,6422,6424,6411,6417,823
20171221,183000,6415,6420,6411,6417,312
20171221,190000,6404,6440,6399,6435,125
20171221,193000,6436,6436,6424,6430,52
20171221,200000,6434,6446,6424,6432,135
20171221,203000,6433,6440,6425,6435,50
20171221,210000,6439,6439,6413,6420,127
20171221,213000,6424,6429,6424,6426,26
20171221,220000,6424,6446,6423,6436,86
20171221,223000,6436,6442,6421,6435,98
20171221,230000,6438,6446,6430,6445,52
20171221,233000,6437,6443,6431,6443,8
20171222,100000,6438,6442,6415,6415,2253
20171222,103000,6415,6427,6410,6426,852
20171222,110000,6422,6424,6395,6417,2357
20171222,113000,6416,6422,6411,6420,227
20171222,120000,6417,6420,6413,6416,350
20171222,123000,6419,6442,6419,6431,544
20171222,130000,6436,6451,6433,6440,739
20171222,133000,6436,6437,6417,6419,271
20171222,140000,6419,6430,6414,6421,881
20171222,143000,6424,6435,6424,6428,76
20171222,150000,6431,6433,6415,6423,334
20171222,153000,6424,6433,6418,6418,272
20171222,160000,6423,6423,6410,6418,179
20171222,163000,6417,6421,6402,6409,279
20171222,170000,6408,6411,6392,6395,729
20171222,173000,6397,6397,6371,6386,822
20171222,180000,6387,6398,6381,6384,289
20171222,183000,6385,6449,6382,6438,431
20171222,190000,6410,6420,6386,6411,117
20171222,193000,6414,6425,6414,6414,38
20171222,200000,6421,6425,6415,6415,36
20171222,203000,6416,6416,6395,6400,257
20171222,210000,6396,6545,6392,6434,2512
20171222,213000,6478,6493,6436,6493,508
20171222,220000,6479,6493,6465,6467,104
20171222,223000,6466,6466,6436,6459,134
20171222,230000,6461,6465,6450,6461,30
20171222,233000,6450,6450,6450,6450,2
20171225,100000,6450,6464,6386,6404,2406
20171225,103000,6402,6416,6386,6395,1137
20171225,110000,6393,6395,6380,6381,545
20171225,113000,6379,6386,6355,6372,2303
20171225,120000,6372,6379,6371,6376,322
20171225,123000,6377,6398,6374,6375,585
20171225,130000,6374,6379,6372,6373,397
20171225,133000,6373,6381,6372,6373,489
20171225,140000,6374,6374,6363,6370,315
20171225,143000,6370,6372,6370,6371,73
20171225,150000,6371,6381,6371,6371,310
20171225,153000,6377,6395,6373,6377,624
20171225,160000,6379,6382,6373,6379,238
20171225,163000,6384,6384,6376,6378,89
20171225,170000,6378,6384,6377,6380,522
20171225,173000,6377,6380,6373,6378,119
20171225,180000,6379,6380,6369,6369,286
20171225,183000,6369,6374,6368,6374,75
20171225,190000,6375,6387,6358,6370,94
20171225,193000,6371,6371,6369,6370,48
20171225,200000,6370,6370,6366,6369,25
20171225,203000,6373,6389,6362,6362,159
20171225,210000,6363,6373,6362,6369,34
20171225,213000,6366,6369,6363,6364,29
20171225,220000,6364,6364,6352,6354,654
20171225,223000,6355,6370,6354,6368,80
20171225,230000,6368,6368,6354,6364,56
20171225,233000,6361,6363,6352,6352,231
20171226,100000,6361,6365,6334,6342,4071
20171226,103000,6340,6354,6335,6337,1148
20171226,110000,6340,6347,6337,6342,939
20171226,113000,6340,6344,6338,6341,170
20171226,120000,6345,6415,6345,6410,1491
20171226,123000,6412,6412,6375,6380,580
20171226,130000,6386,6399,6379,6388,203
20171226,133000,6388,6388,6360,6364,374
20171226,140000,6359,6373,6358,6368,82
20171226,143000,6371,6372,6363,6363,11
20171226,150000,6363,6365,6346,6356,292
20171226,153000,6357,6369,6355,6363,96
20171226,160000,6369,6373,6363,6366,65
20171226,163000,6365,6367,6358,6367,13
20171226,170000,6371,6371,6362,6368,190
20171226,173000,6367,6373,6362,6362,97
20171226,180000,6367,6377,6365,6376,421
20171226,183000,6374,6375,6358,6373,282
20171226,190000,6346,6365,6026,6214,4789
20171226,193000,6212,6271,6200,6239,768
20171226,200000,6238,6286,6226,6272,251
20171226,203000,6271,6308,6268,6281,208
20171226,210000,6285,6290,6266,6288,47
20171226,213000,6292,6306,6289,6289,210
20171226,220000,6289,6309,6288,6297,458
20171226,223000,6295,6309,6283,6283,208
20171226,230000,6281,6294,6280,6291,35
20171226,233000,6285,6290,6265,6290,551
20171227,100000,6284,6347,6284,6337,2424
20171227,103000,6337,6347,6334,6342,230
20171227,110000,6340,6354,6335,6337,902
20171227,113000,6335,6346,6333,6339,546
20171227,120000,6339,6350,6321,6346,1903
20171227,123000,6346,6352,6345,6349,254
20171227,130000,6349,6371,6336,6353,529
20171227,133000,6353,6385,6351,6375,2148
20171227,140000,6371,6385,6368,6385,1336
20171227,143000,6382,6390,6374,6375,376
20171227,150000,6379,6387,6374,6377,841
20171227,153000,6378,6392,6376,6380,401
20171227,160000,6379,6400,6375,6390,715
20171227,163000,6386,6394,6380,6393,133
20171227,170000,6395,6395,6379,6381,350
20171227,173000,6379,6384,6377,6383,214
20171227,180000,6384,6389,6378,6388,700
20171227,183000,6387,6389,6373,6373,442
20171227,190000,6373,6394,6324,6384,331
20171227,193000,6368,6381,6362,6366,45
20171227,200000,6360,6378,6342,6356,37
20171227,203000,6350,6379,6349,6367,32
20171227,210000,6362,6379,6353,6372,26
20171227,213000,6373,6373,6373,6373,1
20171227,220000,6379,6379,6366,6376,6
20171227,223000,6374,6377,6374,6377,4
20171227,230000,6376,6376,6376,6376,2
20171227,233000,6376,6379,6376,6379,300
20171228,100000,6379,6393,6368,6373,626
20171228,103000,6371,6385,6371,6385,55
20171228,110000,6385,6397,6373,6388,220
20171228,113000,6391,6394,6366,6379,193
20171228,120000,6377,6377,6359,6361,82
20171228,123000,6361,6372,6313,6367,361
20171228,130000,6361,6370,6361,6366,150
20171228,133000,6365,6372,6356,6372,291
20171228,140000,6361,6364,6354,6354,86
20171228,143000,6365,6366,6358,6359,28
20171228,150000,6362,6365,6361,6363,35
20171228,153000,6363,6363,6360,6363,24
20171228,160000,6359,6363,6355,6358,76
20171228,163000,6358,6375,6358,6366,561
20171228,170000,6365,6373,6364,6369,523
20171228,173000,6371,6387,6366,6379,250
20171228,180000,6381,6384,6377,6381,286
20171228,183000,6381,6388,6380,6388,73
20171228,190000,6388,6444,6386,6392,219
20171228,193000,6385,6385,6380,6382,22
20171228,200000,6382,6383,6376,6376,31
20171228,210000,6380,6380,6377,6377,10
20171228,213000,6380,6380,6380,6380,2
20171228,220000,6381,6387,6381,6387,2
20171228,223000,6382,6397,6380,6380,67
20171228,230000,6380,6380,6365,6365,17
20171229,100000,6382,6382,6360,6368,284
20171229,103000,6366,6377,6364,6375,45
20171229,110000,6375,6478,6375,6442,2147
20171229,113000,6446,6449,6411,6440,868
20171229,120000,6442,6455,6430,6434,680
20171229,123000,6439,6446,6430,6442,355
20171229,130000,6444,6459,6438,6446,365
20171229,133000,6450,6450,6426,6437,187
20171229,140000,6437,6437,6425,6428,65
20171229,143000,6433,6455,6433,6453,155
20171229,150000,6450,6459,6450,6455,82
20171229,153000,6451,6451,6437,6437,82
20171229,160000,6438,6450,6434,6436,371
20171229,163000,6435,6439,6429,6436,214
20171229,170000,6437,6438,6412,6423,657
20171229,173000,6423,6438,6420,6420,144
20171229,180000,6411,6428,6406,6420,1128
20171229,183000,6417,6446,6400,6446,60
20180103,100000,6445,6549,6439,6497,1164
20180103,103000,6500,6525,6485,6523,2196
20180103,110000,6522,6571,6522,6567,1555
20180103,113000,6563,6569,6522,6525,1097
20180103,120000,6521,6575,6521,6540,434
20180103,123000,6547,6555,6544,6547,141
20180103,130000,6547,6563,6545,6558,288
20180103,133000,6558,6568,6557,6564,143
20180103,140000,6551,6564,6546,6555,111
20180103,143000,6563,6580,6563,6570,934
20180103,150000,6574,6579,6541,6560,764
20180103,153000,6573,6576,6545,6551,226
20180103,160000,6567,6567,6557,6559,223
20180103,163000,6559,6559,6549,6553,87
20180103,170000,6549,6556,6534,6555,304
20180103,173000,6559,6567,6550,6561,101
20180103,180000,6559,6577,6557,6576,259
20180103,183000,6576,6576,6557,6571,67
20180103,190000,6551,6551,6551,6551,2
20180103,193000,6565,6566,6550,6557,24
20180103,200000,6567,6579,6567,6569,46
20180103,203000,6578,6580,6578,6579,15
20180103,210000,6579,6586,6572,6577,186
20180103,213000,6570,6588,6561,6573,56
20180103,220000,6573,6590,6569,6581,168
20180103,223000,6577,6577,6560,6568,32
20180103,233000,6566,6572,6560,6560,74
20180104,100000,6575,6604,6567,6575,1200
20180104,103000,6570,6585,6560,6570,1013
20180104,110000,6573,6603,6549,6598,759
20180104,113000,6594,6597,6564,6582,455
20180104,120000,6580,6591,6569,6587,277
20180104,123000,6587,6603,6579,6580,277
20180104,130000,6579,6603,6571,6595,322
20180104,133000,6594,6665,6591,6650,2417
20180104,140000,6659,6665,6653,6657,297
20180104,143000,6652,6660,6640,6655,383
20180104,150000,6655,6675,6653,6669,477
20180104,153000,6672,6680,6672,6679,332
20180104,160000,6681,6684,6658,6667,248
20180104,163000,6668,6673,6652,6662,127
20180104,170000,6668,6674,6661,6663,81
20180104,173000,6663,6690,6658,6680,526
20180104,180000,6683,6710,6679,6708,989
20180104,183000,6708,6711,6700,6700,246
20180104,190000,6702,6706,6664,6700,249
20180104,193000,6692,6722,6680,6720,24
20180104,200000,6720,6722,6701,6701,24
20180104,203000,6713,6717,6701,6704,14
20180104,213000,6712,6723,6710,6723,32
20180104,220000,6724,6730,6693,6693,100
20180104,223000,6692,6707,6692,6704,67
20180104,230000,6713,6715,6701,6701,7
20180104,233000,6707,6707,6707,6707,1
20180105,100000,6709,6722,6625,6711,2930
20180105,103000,6713,6749,6713,6720,838
20180105,110000,6723,6740,6720,6735,181
20180105,113000,6738,6740,6728,6734,397
20180105,120000,6731,6737,6709,6717,248
20180105,123000,6719,6732,6713,6722,89
20180105,130000,6716,6735,6708,6717,348
20180105,133000,6716,6730,6713,6730,124
20180105,140000,6728,6732,6717,6722,127
20180105,143000,6715,6733,6710,6729,213
20180105,150000,6725,6730,6723,6729,174
20180105,153000,6730,6731,6727,6727,14
20180105,160000,6731,6777,6726,6761,1210
20180105,163000,6761,6771,6736,6766,403
20180105,170000,6765,6783,6761,6771,707
20180105,173000,6764,6808,6764,6808,1083
20180105,180000,6808,6813,6799,6804,1832
20180105,183000,6800,6830,6796,6808,165
20180105,190000,6812,6839,6812,6839,51
20180105,193000,6823,6834,6821,6822,67
20180105,200000,6828,6828,6820,6821,159
20180105,203000,6820,6829,6820,6822,9
20180105,210000,6827,6829,6827,6829,7
20180105,213000,6820,6820,6816,6816,72
20180105,220000,6816,6820,6810,6820,162
20180105,223000,6821,6823,6820,6820,9
20180105,230000,6820,6837,6799,6799,157
20180105,233000,6799,6829,6787,6787,264
20180109,100000,6791,6919,6791,6866,2970
20180109,103000,6874,6911,6850,6866,1390
20180109,110000,6870,6897,6870,6878,1278
20180109,113000,6877,6881,6866,6875,414
20180109,120000,6871,6879,6871,6879,242
20180109,123000,6879,6896,6878,6887,549
20180109,130000,6888,6904,6880,6880,288
20180109,133000,6880,6880,6871,6872,300
20180109,140000,6872,6887,6854,6854,455
20180109,143000,6858,6869,6761,6770,2032
20180109,150000,6773,6817,6679,6758,4226
20180109,153000,6758,6767,6726,6740,2049
20180109,160000,6746,6750,6725,6735,1073
20180109,163000,6735,6735,6694,6703,3377
20180109,170000,6706,6715,6695,6710,1453
20180109,173000,6713,6772,6700,6705,1432
20180109,180000,6705,6720,6700,6706,534
20180109,183000,6710,6718,6688,6690,567
20180109,190000,6693,6718,6676,6700,490
20180109,193000,6700,6716,6690,6716,205
20180109,200000,6716,6726,6693,6696,46
20180109,203000,6717,6727,6698,6698,142
20180109,210000,6710,6710,6706,6708,15
20180109,213000,6710,6720,6683,6718,62
20180109,220000,6705,6720,6700,6706,112
20180109,223000,6715,6724,6714,6717,205
20180109,230000,6721,6730,6711,6711,56
20180109,233000,6726,6726,6700,6700,120
20180110,100000,6715,6773,6712,6752,1679
20180110,103000,6757,6770,6720,6737,660
20180110,110000,6733,6759,6726,6748,1321
20180110,113000,6749,6750,6701,6705,358
20180110,120000,6705,6726,6698,6710,536
20180110,123000,6704,6713,6700,6712,340
20180110,130000,6713,6718,6699,6713,408
20180110,133000,6716,6720,6704,6713,162
20180110,140000,6708,6709,6661,6700,1280
20180110,143000,6694,6698,6669,6677,786
20180110,150000,6674,6697,6671,6686,328
20180110,153000,6690,6691,6667,6667,623
20180110,160000,6664,6683,6630,6677,2451
20180110,163000,6678,6745,6678,6719,1848
20180110,170000,6723,6767,6718,6755,1451
20180110,173000,6757,6767,6727,6755,1030
20180110,180000,6754,6765,6724,6763,911
20180110,183000,6757,6763,6744,6759,202
20180110,190000,6762,6763,6751,6757,120
20180110,193000,6759,6762,6752,6762,29
20180110,200000,6753,6770,6753,6770,39
20180110,203000,6759,6770,6759,6770,15
20180110,210000,6757,6770,6757,6768,12
20180110,213000,6769,6769,6753,6755,19
20180110,220000,6760,6787,6760,6774,82
20180110,223000,6773,6775,6763,6766,36
20180110,230000,6773,6775,6763,6763,54
20180110,233000,6775,6775,6775,6775,4
20180111,100000,6775,6780,6725,6744,1614
20180111,103000,6744,6837,6744,6818,2313
20180111,110000,6823,6823,6752,6763,725
20180111,113000,6763,6818,6760,6779,2765
20180111,120000,6778,6804,6769,6783,824
20180111,123000,6778,6783,6768,6772,107
20180111,130000,6780,6789,6772,6782,119
20180111,133000,6781,6786,6771,6778,192
20180111,140000,6777,6795,6770,6795,315
20180111,143000,6795,6799,6751,6752,762
20180111,150000,6762,6770,6732,6749,473
20180111,153000,6752,6752,6711,6725,1470
20180111,160000,6725,6736,6722,6728,605
20180111,163000,6729,6758,6729,6745,786
20180111,170000,6736,6743,6730,6743,268
20180111,173000,6742,6745,6735,6741,505
20180111,180000,6741,6769,6737,6748,597
20180111,183000,6752,6767,6744,6765,315
20180111,190000,6753,6767,6733,6764,56
20180111,193000,6765,6777,6746,6752,99
20180111,200000,6753,6753,6753,6753,1
20180111,203000,6753,6756,6746,6756,25
20180111,210000,6756,6757,6746,6747,20
20180111,213000,6747,6760,6747,6754,12
20180111,220000,6751,6751,6751,6751,8
20180111,223000,6747,6760,6747,6751,118
20180111,230000,6759,6760,6745,6760,123
20180111,233000,6755,6755,6716,6740,127
20180112,100000,6734,6780,6727,6777,885
20180112,103000,6779,6799,6754,6757,699
20180112,110000,6760,6808,6758,6807,1120
20180112,113000,6807,6817,6791,6792,503
20180112,120000,6786,6829,6779,6825,1008
20180112,123000,6818,6827,6812,6816,248
20180112,130000,6815,6823,6805,6813,998
20180112,133000,6815,6847,6800,6835,1072
20180112,140000,6834,6835,6800,6804,449
20180112,143000,6802,6810,6781,6782,778
20180112,150000,6788,6798,6767,6791,643
20180112,153000,6796,6804,6780,6795,326
20180112,160000,6801,6830,6793,6818,200
20180112,163000,6818,6820,6783,6793,263
20180112,170000,6790,6796,6765,6768,516
20180112,173000,6768,6792,6765,6792,208
20180112,180000,6792,6805,6784,6796,246
20180112,183000,6796,6796,6784,6795,75
20180112,190000,6784,6800,6700,6767,293
20180112,193000,6765,6779,6765,6767,61
20180112,200000,6779,6789,6768,6789,19
20180112,203000,6789,6789,6778,6778,9
20180112,210000,6778,6778,6778,6778,1
20180112,213000,6778,6780,6778,6780,7
20180112,220000,6785,6807,6785,6798,117
20180112,223000,6799,6812,6777,6807,82
20180112,230000,6782,6803,6781,6803,13
20180112,233000,6804,6812,6782,6782,31
20180115,100000,6816,6816,6779,6794,907
20180115,103000,6800,6810,6790,6795,374
20180115,110000,6797,6800,6763,6790,662
20180115,113000,6790,6800,6785,6788,118
20180115,120000,6789,6801,6756,6787,564
20180115,123000,6780,6791,6750,6750,611
20180115,130000,6751,6755,6720,6742,721
20180115,133000,6741,6747,6708,6724,677
20180115,140000,6720,6742,6701,6736,312
20180115,143000,6738,6759,6729,6741,323
20180115,150000,6738,6748,6728,6735,428
20180115,153000,6735,6739,6707,6715,369
20180115,160000,6714,6735,6704,6730,680
20180115,163000,6730,6733,6675,6680,1439
20180115,170000,6680,6691,6660,6663,1945
20180115,173000,6670,6687,6660,6665,874
20180115,180000,6667,6681,6655,6668,475
20180115,183000,6673,6677,6666,6674,117
20180115,190000,6670,6677,6670,6674,62
20180115,193000,6675,6675,6667,6667,50
20180115,200000,6666,6666,6653,6659,62
20180115,203000,6655,6659,6652,6652,145
20180115,210000,6659,6660,6659,6660,114
20180115,213000,6669,6669,6661,6668,7
20180115,220000,6660,6723,6650,6715,412
20180115,223000,6715,6743,6695,6697,126
20180115,230000,6697,6707,6689,6689,57
20180115,233000,6687,6687,6675,6684,50
20180116,100000,6675,6713,6661,6676,2694
20180116,103000,6681,6681,6650,6661,1571
20180116,110000,6660,6707,6657,6659,876
20180116,113000,6661,6666,6599,6622,2371
20180116,120000,6623,6626,6590,6610,1893
20180116,123000,6613,6617,6580,6586,1942
20180116,130000,6588,6592,6551,6565,1025
20180116,133000,6561,6562,6491,6504,2594
20180116,140000,6514,6514,6464,6480,2944
20180116,143000,6480,6485,6468,6474,1116
20180116,150000,6475,6500,6475,6493,1410
20180116,153000,6487,6491,6481,6487,464
20180116,160000,6486,6500,6482,6497,463
20180116,163000,6497,6532,6494,6525,1061
20180116,170000,6525,6530,6498,6500,1159
20180116,173000,6504,6520,6490,6508,830
20180116,180000,6502,6504,6484,6495,607
20180116,183000,6493,6520,6477,6509,446
20180116,190000,6472,6513,6472,6488,105
20180116,193000,6491,6492,6470,6470,50
20180116,200000,6480,6480,6458,6462,56
20180116,203000,6480,6481,6466,6466,27
20180116,210000,6467,6480,6467,6479,28
20180116,213000,6470,6474,6451,6463,113
20180116,220000,6457,6460,6423,6444,302
20180116,223000,6431,6446,6422,6436,100
20180116,230000,6438,6445,6438,6445,14
20180116,233000,6445,6445,6430,6444,78
20180117,100000,6446,6478,6401,6420,2829
20180117,103000,6421,6475,6411,6467,1655
20180117,110000,6470,6572,6453,6557,3508
20180117,113000,6560,6569,6512,6532,1212
20180117,120000,6537,6556,6519,6519,723
20180117,123000,6518,6519,6496,6513,801
20180117,130000,6516,6536,6496,6501,667
20180117,133000,6498,6509,6450,6477,821
20180117,140000,6493,6527,6459,6518,555
20180117,143000,6524,6527,6508,6523,629
20180117,150000,6523,6523,6500,6508,412
20180117,153000,6508,6514,6495,6510,203
20180117,160000,6501,6509,6497,6501,300
20180117,163000,6494,6497,6467,6486,826
20180117,170000,6483,6497,6473,6484,587
20180117,173000,6483,6484,6471,6475,958
20180117,180000,6474,6509,6474,6494,425
20180117,183000,6493,6510,6491,6492,49
20180117,190000,6509,6547,6483,6517,210
20180117,193000,6506,6517,6500,6511,25
20180117,200000,6517,6531,6506,6525,104
20180117,203000,6513,6514,6492,6500,139
20180117,210000,6521,6521,6502,6502,27
20180117,213000,6502,6536,6502,6534,554
20180117,220000,6533,6533,6501,6502,141
20180117,223000,6521,6531,6501,6506,153
20180117,230000,6513,6515,6513,6514,15
20180117,233000,6516,6516,6503,6503,38
20180118,100000,6501,6542,6497,6520,986
20180118,103000,6520,6521,6482,6496,444
20180118,110000,6499,6504,6455,6476,894
20180118,113000,6477,6478,6423,6428,1314
20180118,120000,6429,6429,6365,6397,3287
20180118,123000,6398,6403,6368,6370,543
20180118,130000,6368,6379,6328,6332,2732
20180118,133000,6332,6391,6332,6364,2774
20180118,140000,6360,6371,6336,6339,1698
20180118,143000,6339,6364,6334,6353,881
20180118,150000,6353,6362,6322,6349,1901
20180118,153000,6348,6360,6339,6342,1070
20180118,160000,6343,6358,6310,6351,3087
20180118,163000,6348,6363,6323,6348,1085
20180118,170000,6349,6364,6332,6360,651
20180118,173000,6360,6395,6341,6389,1793
20180118,180000,6388,6388,6364,6371,716
20180118,183000,6369,6369,6360,6361,268
20180118,190000,6361,6370,6345,6347,133
20180118,193000,6360,6364,6345,6357,48
20180118,200000,6357,6357,6357,6357,6
20180118,203000,6355,6361,6345,6345,41
20180118,210000,6362,6365,6340,6341,265
20180118,213000,6341,6350,6338,6340,297
20180118,220000,6340,6356,6333,6353,148
20180118,223000,6350,6365,6349,6359,192
